file,class,method,variable,usage
C:\halo-main\application\src\main\java\run\halo\app\security\authorization\AttributesRecord.java,run.halo.app.security.authorization.AttributesRecord,isReadOnly/0,verb,3
C:\halo-main\application\src\main\java\run\halo\app\security\authorization\AttributesRecord.java,run.halo.app.security.authorization.AttributesRecord,"AttributesRecord/2[run.halo.app.security.authorization.UserDetails,run.halo.app.security.authorization.RequestInfo]",requestInfo,2
C:\halo-main\application\src\main\java\run\halo\app\security\authorization\AttributesRecord.java,run.halo.app.security.authorization.AttributesRecord,"AttributesRecord/2[run.halo.app.security.authorization.UserDetails,run.halo.app.security.authorization.RequestInfo]",user,2
C:\halo-main\application\src\main\java\run\halo\app\extension\exception\ExtensionConvertException.java,run.halo.app.extension.exception.ExtensionConvertException,ExtensionConvertException/1[java.lang.String],reason,1
C:\halo-main\application\src\main\java\run\halo\app\extension\exception\ExtensionConvertException.java,run.halo.app.extension.exception.ExtensionConvertException,"ExtensionConvertException/2[java.lang.String,java.lang.Throwable]",reason,1
C:\halo-main\application\src\main\java\run\halo\app\extension\exception\ExtensionConvertException.java,run.halo.app.extension.exception.ExtensionConvertException,"ExtensionConvertException/2[java.lang.String,java.lang.Throwable]",cause,1
C:\halo-main\application\src\test\java\run\halo\app\infra\HaloPropertiesExternalUrlSupplierTest.java,run.halo.app.infra.HaloPropertiesExternalUrlSupplierTest,get/0,fakeUri,2
C:\halo-main\application\src\main\java\run\halo\app\theme\router\ViewNameResolver.java,run.halo.app.theme.router.ViewNameResolver,processName/1[java.lang.String],name,3
C:\halo-main\application\src\main\java\run\halo\app\theme\router\ViewNameResolver.java,run.halo.app.theme.router.ViewNameResolver,processName/1[java.lang.String],nameToLookup,2
C:\halo-main\application\src\main\java\run\halo\app\theme\router\ViewNameResolver.java,run.halo.app.theme.router.ViewNameResolver,"resolveViewNameOrDefault/3[run.halo.app.theme.router.ServerRequest,java.lang.String,java.lang.String]",request,1
C:\halo-main\application\src\main\java\run\halo\app\theme\router\ViewNameResolver.java,run.halo.app.theme.router.ViewNameResolver,"resolveViewNameOrDefault/3[run.halo.app.theme.router.ServerRequest,java.lang.String,java.lang.String]",view,0
C:\halo-main\application\src\main\java\run\halo\app\theme\router\ViewNameResolver.java,run.halo.app.theme.router.ViewNameResolver,"resolveViewNameOrDefault/3[run.halo.app.theme.router.ServerRequest,java.lang.String,java.lang.String]",name,2
C:\halo-main\application\src\main\java\run\halo\app\theme\router\ViewNameResolver.java,run.halo.app.theme.router.ViewNameResolver,"resolveViewNameOrDefault/3[run.halo.app.theme.router.ServerRequest,java.lang.String,java.lang.String]",nameToUse,2
C:\halo-main\application\src\main\java\run\halo\app\theme\router\ViewNameResolver.java,run.halo.app.theme.router.ViewNameResolver,"resolveViewNameOrDefault/3[run.halo.app.theme.router.ServerRequest,java.lang.String,java.lang.String]",locale,1
C:\halo-main\application\src\main\java\run\halo\app\theme\router\ViewNameResolver.java,run.halo.app.theme.router.ViewNameResolver,"resolveViewNameOrDefault/3[run.halo.app.theme.router.ServerRequest,java.lang.String,java.lang.String]",defaultName,2
C:\halo-main\application\src\main\java\run\halo\app\infra\AnonymousUserConst.java,run.halo.app.infra.AnonymousUserConst,isAnonymousUser/1[java.lang.String],principal,1
C:\halo-main\application\src\main\java\run\halo\app\theme\router\factories\AuthorPostsRouteFactory.java,run.halo.app.theme.router.factories.AuthorPostsRouteFactory,handlerFunction/0,request,2
C:\halo-main\application\src\main\java\run\halo\app\theme\router\factories\AuthorPostsRouteFactory.java,run.halo.app.theme.router.factories.AuthorPostsRouteFactory,handlerFunction/0,name,2
C:\halo-main\application\src\main\java\run\halo\app\theme\router\factories\AuthorPostsRouteFactory.java,run.halo.app.theme.router.factories.AuthorPostsRouteFactory,"postList/2[run.halo.app.theme.router.factories.ServerRequest,java.lang.String]",request,2
C:\halo-main\application\src\main\java\run\halo\app\theme\router\factories\AuthorPostsRouteFactory.java,run.halo.app.theme.router.factories.AuthorPostsRouteFactory,"postList/2[run.halo.app.theme.router.factories.ServerRequest,java.lang.String]",path,3
C:\halo-main\application\src\main\java\run\halo\app\theme\router\factories\AuthorPostsRouteFactory.java,run.halo.app.theme.router.factories.AuthorPostsRouteFactory,"postList/2[run.halo.app.theme.router.factories.ServerRequest,java.lang.String]",name,1
C:\halo-main\application\src\main\java\run\halo\app\theme\router\factories\AuthorPostsRouteFactory.java,run.halo.app.theme.router.factories.AuthorPostsRouteFactory,"postList/2[run.halo.app.theme.router.factories.ServerRequest,java.lang.String]",pageSize,1
C:\halo-main\application\src\main\java\run\halo\app\theme\router\factories\AuthorPostsRouteFactory.java,run.halo.app.theme.router.factories.AuthorPostsRouteFactory,"postList/2[run.halo.app.theme.router.factories.ServerRequest,java.lang.String]",list,2
C:\halo-main\application\src\main\java\run\halo\app\theme\router\factories\AuthorPostsRouteFactory.java,run.halo.app.theme.router.factories.AuthorPostsRouteFactory,"postList/2[run.halo.app.theme.router.factories.ServerRequest,java.lang.String]",pageNum,1
C:\halo-main\application\src\main\java\run\halo\app\theme\router\factories\AuthorPostsRouteFactory.java,run.halo.app.theme.router.factories.AuthorPostsRouteFactory,getByName/1[java.lang.String],name,1
C:\halo-main\application\src\main\java\run\halo\app\theme\router\factories\AuthorPostsRouteFactory.java,run.halo.app.theme.router.factories.AuthorPostsRouteFactory,create/1[java.lang.String],pattern,0
C:\halo-main\application\src\main\java\run\halo\app\theme\router\PermalinkWatch.java,run.halo.app.theme.router.PermalinkWatch,onPermalinkUpdate/1[T],extension,0
C:\halo-main\application\src\main\java\run\halo\app\theme\router\PermalinkWatch.java,run.halo.app.theme.router.PermalinkWatch,onPermalinkAdd/1[T],extension,0
C:\halo-main\application\src\main\java\run\halo\app\theme\router\PermalinkWatch.java,run.halo.app.theme.router.PermalinkWatch,onPermalinkDelete/1[T],extension,0
C:\halo-main\application\src\main\java\run\halo\app\theme\finders\impl\PluginFinderImpl.java,run.halo.app.theme.finders.impl.PluginFinderImpl,available/1[java.lang.String],pluginName,2
C:\halo-main\application\src\main\java\run\halo\app\theme\finders\impl\PluginFinderImpl.java,run.halo.app.theme.finders.impl.PluginFinderImpl,available/1[java.lang.String],pluginWrapper,2
C:\halo-main\application\src\main\java\run\halo\app\extension\DefaultSchemeWatcherManager.java,run.halo.app.extension.DefaultSchemeWatcherManager,unregister/1[run.halo.app.extension.SchemeWatcherManager.SchemeWatcher],watcher,2
C:\halo-main\application\src\main\java\run\halo\app\extension\DefaultSchemeWatcherManager.java,run.halo.app.extension.DefaultSchemeWatcherManager,register/1[run.halo.app.extension.SchemeWatcherManager.SchemeWatcher],watcher,2
C:\halo-main\application\src\main\java\run\halo\app\extension\store\ExtensionStoreClientJPAImpl.java,run.halo.app.extension.store.ExtensionStoreClientJPAImpl,listByNamePrefix/1[java.lang.String],prefix,1
C:\halo-main\application\src\main\java\run\halo\app\extension\store\ExtensionStoreClientJPAImpl.java,run.halo.app.extension.store.ExtensionStoreClientJPAImpl,fetchByName/1[java.lang.String],name,1
C:\halo-main\application\src\main\java\run\halo\app\extension\store\ExtensionStoreClientJPAImpl.java,run.halo.app.extension.store.ExtensionStoreClientJPAImpl,"create/2[java.lang.String,byte[]]",data,1
C:\halo-main\application\src\main\java\run\halo\app\extension\store\ExtensionStoreClientJPAImpl.java,run.halo.app.extension.store.ExtensionStoreClientJPAImpl,"create/2[java.lang.String,byte[]]",name,1
C:\halo-main\application\src\main\java\run\halo\app\extension\store\ExtensionStoreClientJPAImpl.java,run.halo.app.extension.store.ExtensionStoreClientJPAImpl,"create/2[java.lang.String,byte[]]",store,1
C:\halo-main\application\src\main\java\run\halo\app\extension\store\ExtensionStoreClientJPAImpl.java,run.halo.app.extension.store.ExtensionStoreClientJPAImpl,"delete/2[java.lang.String,java.lang.Long]",deleting,3
C:\halo-main\application\src\main\java\run\halo\app\extension\store\ExtensionStoreClientJPAImpl.java,run.halo.app.extension.store.ExtensionStoreClientJPAImpl,"delete/2[java.lang.String,java.lang.Long]",name,2
C:\halo-main\application\src\main\java\run\halo\app\extension\store\ExtensionStoreClientJPAImpl.java,run.halo.app.extension.store.ExtensionStoreClientJPAImpl,"delete/2[java.lang.String,java.lang.Long]",version,1
C:\halo-main\application\src\main\java\run\halo\app\extension\store\ExtensionStoreClientJPAImpl.java,run.halo.app.extension.store.ExtensionStoreClientJPAImpl,ExtensionStoreClientJPAImpl/1[run.halo.app.extension.store.ExtensionStoreRepository],repository,2
C:\halo-main\application\src\main\java\run\halo\app\extension\store\ExtensionStoreClientJPAImpl.java,run.halo.app.extension.store.ExtensionStoreClientJPAImpl,"update/3[java.lang.String,java.lang.Long,byte[]]",data,1
C:\halo-main\application\src\main\java\run\halo\app\extension\store\ExtensionStoreClientJPAImpl.java,run.halo.app.extension.store.ExtensionStoreClientJPAImpl,"update/3[java.lang.String,java.lang.Long,byte[]]",name,1
C:\halo-main\application\src\main\java\run\halo\app\extension\store\ExtensionStoreClientJPAImpl.java,run.halo.app.extension.store.ExtensionStoreClientJPAImpl,"update/3[java.lang.String,java.lang.Long,byte[]]",store,1
C:\halo-main\application\src\main\java\run\halo\app\extension\store\ExtensionStoreClientJPAImpl.java,run.halo.app.extension.store.ExtensionStoreClientJPAImpl,"update/3[java.lang.String,java.lang.Long,byte[]]",version,1
C:\halo-main\application\src\main\java\run\halo\app\theme\TemplateEngineManager.java,run.halo.app.theme.TemplateEngineManager,"CacheKey/3[java.lang.String,boolean,run.halo.app.theme.ThemeContext]",name,0
C:\halo-main\application\src\main\java\run\halo\app\theme\TemplateEngineManager.java,run.halo.app.theme.TemplateEngineManager,"CacheKey/3[java.lang.String,boolean,run.halo.app.theme.ThemeContext]",context,0
C:\halo-main\application\src\main\java\run\halo\app\theme\TemplateEngineManager.java,run.halo.app.theme.TemplateEngineManager,"CacheKey/3[java.lang.String,boolean,run.halo.app.theme.ThemeContext]",active,0
C:\halo-main\application\src\main\java\run\halo\app\theme\TemplateEngineManager.java,run.halo.app.theme.TemplateEngineManager,templateEngineGenerator/1[run.halo.app.theme.CacheKey],cacheKey,3
C:\halo-main\application\src\main\java\run\halo\app\theme\TemplateEngineManager.java,run.halo.app.theme.TemplateEngineManager,templateEngineGenerator/1[run.halo.app.theme.CacheKey],engine,9
C:\halo-main\application\src\main\java\run\halo\app\theme\TemplateEngineManager.java,run.halo.app.theme.TemplateEngineManager,templateEngineGenerator/1[run.halo.app.theme.CacheKey],mainResolver,2
C:\halo-main\application\src\main\java\run\halo\app\theme\TemplateEngineManager.java,run.halo.app.theme.TemplateEngineManager,fileExists/1[java.nio.file.Path],path,1
C:\halo-main\application\src\main\java\run\halo\app\theme\TemplateEngineManager.java,run.halo.app.theme.TemplateEngineManager,fileExists/1[java.nio.file.Path],e,0
C:\halo-main\application\src\main\java\run\halo\app\theme\TemplateEngineManager.java,run.halo.app.theme.TemplateEngineManager,haloTemplateResolver/0,resolver,7
C:\halo-main\application\src\main\java\run\halo\app\theme\TemplateEngineManager.java,run.halo.app.theme.TemplateEngineManager,clearCache/1[java.lang.String],themeName,1
C:\halo-main\application\src\main\java\run\halo\app\theme\TemplateEngineManager.java,run.halo.app.theme.TemplateEngineManager,clearCache/1[java.lang.String],cacheKey,1
C:\halo-main\application\src\main\java\run\halo\app\theme\TemplateEngineManager.java,run.halo.app.theme.TemplateEngineManager,clearCache/1[java.lang.String],templateEngine,1
C:\halo-main\application\src\main\java\run\halo\app\theme\TemplateEngineManager.java,run.halo.app.theme.TemplateEngineManager,clearCache/1[java.lang.String],themeContext,1
C:\halo-main\application\src\main\java\run\halo\app\theme\TemplateEngineManager.java,run.halo.app.theme.TemplateEngineManager,"TemplateEngineManager/5[run.halo.app.theme.ThymeleafProperties,run.halo.app.theme.ExternalUrlSupplier,run.halo.app.theme.ObjectProvider<run.halo.app.theme.ITemplateResolver>,run.halo.app.theme.ObjectProvider<run.halo.app.theme.IDialect>,run.halo.app.theme.ThemeResolver]",thymeleafProperties,2
C:\halo-main\application\src\main\java\run\halo\app\theme\TemplateEngineManager.java,run.halo.app.theme.TemplateEngineManager,"TemplateEngineManager/5[run.halo.app.theme.ThymeleafProperties,run.halo.app.theme.ExternalUrlSupplier,run.halo.app.theme.ObjectProvider<run.halo.app.theme.ITemplateResolver>,run.halo.app.theme.ObjectProvider<run.halo.app.theme.IDialect>,run.halo.app.theme.ThemeResolver]",externalUrlSupplier,2
C:\halo-main\application\src\main\java\run\halo\app\theme\TemplateEngineManager.java,run.halo.app.theme.TemplateEngineManager,"TemplateEngineManager/5[run.halo.app.theme.ThymeleafProperties,run.halo.app.theme.ExternalUrlSupplier,run.halo.app.theme.ObjectProvider<run.halo.app.theme.ITemplateResolver>,run.halo.app.theme.ObjectProvider<run.halo.app.theme.IDialect>,run.halo.app.theme.ThemeResolver]",themeResolver,2
C:\halo-main\application\src\main\java\run\halo\app\theme\TemplateEngineManager.java,run.halo.app.theme.TemplateEngineManager,"TemplateEngineManager/5[run.halo.app.theme.ThymeleafProperties,run.halo.app.theme.ExternalUrlSupplier,run.halo.app.theme.ObjectProvider<run.halo.app.theme.ITemplateResolver>,run.halo.app.theme.ObjectProvider<run.halo.app.theme.IDialect>,run.halo.app.theme.ThemeResolver]",dialects,2
C:\halo-main\application\src\main\java\run\halo\app\theme\TemplateEngineManager.java,run.halo.app.theme.TemplateEngineManager,"TemplateEngineManager/5[run.halo.app.theme.ThymeleafProperties,run.halo.app.theme.ExternalUrlSupplier,run.halo.app.theme.ObjectProvider<run.halo.app.theme.ITemplateResolver>,run.halo.app.theme.ObjectProvider<run.halo.app.theme.IDialect>,run.halo.app.theme.ThemeResolver]",templateResolvers,2
C:\halo-main\application\src\main\java\run\halo\app\theme\TemplateEngineManager.java,run.halo.app.theme.TemplateEngineManager,getTemplateEngine/1[run.halo.app.theme.ThemeContext],cacheKey,2
C:\halo-main\application\src\main\java\run\halo\app\theme\TemplateEngineManager.java,run.halo.app.theme.TemplateEngineManager,getTemplateEngine/1[run.halo.app.theme.ThemeContext],theme,2
C:\halo-main\application\src\main\java\run\halo\app\theme\TemplateEngineManager.java,run.halo.app.theme.TemplateEngineManager,buildCacheKey/1[run.halo.app.theme.ThemeContext],context,3
C:\halo-main\application\src\main\java\run\halo\app\search\PostDocUtils.java,run.halo.app.search.PostDocUtils,from/1[run.halo.app.theme.finders.vo.PostVo],postVo,6
C:\halo-main\application\src\test\java\run\halo\app\theme\ReactiveFinderExpressionParserTests.java,run.halo.app.theme.ReactiveFinderExpressionParserTests$TestReactiveFinder,arrayNodeMono/0,arrayNode,3
C:\halo-main\application\src\test\java\run\halo\app\theme\ReactiveFinderExpressionParserTests.java,run.halo.app.theme.ReactiveFinderExpressionParserTests$TestReactiveFinder,objectJsonNodeFlux/0,objectNode,2
C:\halo-main\application\src\test\java\run\halo\app\theme\finders\impl\CommentFinderImplTest.java,run.halo.app.theme.finders.impl.CommentFinderImplTest,extractedUser/0,ghost,3
C:\halo-main\application\src\test\java\run\halo\app\theme\finders\impl\CommentFinderImplTest.java,run.halo.app.theme.finders.impl.CommentFinderImplTest,extractedUser/0,another,2
C:\halo-main\application\src\test\java\run\halo\app\theme\finders\impl\CommentFinderImplTest.java,run.halo.app.theme.finders.impl.CommentFinderImplTest,createUser/0,user,5
C:\halo-main\application\src\test\java\run\halo\app\theme\finders\impl\CommentFinderImplTest.java,run.halo.app.theme.finders.impl.CommentFinderImplTest,setUp/0,ghost,2
C:\halo-main\application\src\test\java\run\halo\app\theme\ReactiveFinderExpressionParserTests.java,run.halo.app.theme.ReactiveFinderExpressionParserTests$TestTemplateResolver,"computeTemplateResource/4[run.halo.app.theme.IEngineConfiguration,java.lang.String,java.lang.String,java.util.Map<java.lang.String,java.lang.Object>]",template,0
C:\halo-main\application\src\test\java\run\halo\app\theme\ReactiveFinderExpressionParserTests.java,run.halo.app.theme.ReactiveFinderExpressionParserTests$TestTemplateResolver,"computeTemplateResource/4[run.halo.app.theme.IEngineConfiguration,java.lang.String,java.lang.String,java.util.Map<java.lang.String,java.lang.Object>]",configuration,0
C:\halo-main\application\src\test\java\run\halo\app\theme\ReactiveFinderExpressionParserTests.java,run.halo.app.theme.ReactiveFinderExpressionParserTests$TestTemplateResolver,"computeTemplateResource/4[run.halo.app.theme.IEngineConfiguration,java.lang.String,java.lang.String,java.util.Map<java.lang.String,java.lang.Object>]",templateResolutionAttributes,0
C:\halo-main\application\src\test\java\run\halo\app\theme\ReactiveFinderExpressionParserTests.java,run.halo.app.theme.ReactiveFinderExpressionParserTests$TestTemplateResolver,"computeTemplateResource/4[run.halo.app.theme.IEngineConfiguration,java.lang.String,java.lang.String,java.util.Map<java.lang.String,java.lang.Object>]",ownerTemplate,0
C:\halo-main\application\src\test\java\run\halo\app\core\extension\reconciler\ReverseProxyReconcilerTest.java,run.halo.app.core.extension.reconciler.ReverseProxyReconcilerTest,reconcileRemoval/0,reverseProxy,6
C:\halo-main\application\src\main\java\run\halo\app\plugin\PluginExtensionLoaderUtils.java,run.halo.app.plugin.PluginExtensionLoaderUtils,isYamlFile/1[java.lang.String],path,2
C:\halo-main\application\src\main\java\run\halo\app\plugin\PluginExtensionLoaderUtils.java,run.halo.app.plugin.PluginExtensionLoaderUtils,lookupFromJar/1[java.nio.file.Path],pluginJarPath,1
C:\halo-main\application\src\main\java\run\halo\app\plugin\PluginExtensionLoaderUtils.java,run.halo.app.plugin.PluginExtensionLoaderUtils,lookupFromJar/1[java.nio.file.Path],jarFile,1
C:\halo-main\application\src\main\java\run\halo\app\plugin\PluginExtensionLoaderUtils.java,run.halo.app.plugin.PluginExtensionLoaderUtils,lookupFromJar/1[java.nio.file.Path],e,1
C:\halo-main\application\src\main\java\run\halo\app\plugin\PluginExtensionLoaderUtils.java,run.halo.app.plugin.PluginExtensionLoaderUtils,lookupFromJar/1[java.nio.file.Path],jarEntry,2
C:\halo-main\application\src\main\java\run\halo\app\plugin\PluginExtensionLoaderUtils.java,run.halo.app.plugin.PluginExtensionLoaderUtils,lookupFromJar/1[java.nio.file.Path],name,2
C:\halo-main\application\src\main\java\run\halo\app\plugin\PluginExtensionLoaderUtils.java,run.halo.app.plugin.PluginExtensionLoaderUtils,"lookupExtensions/2[java.nio.file.Path,run.halo.app.plugin.RuntimeMode]",runtimeMode,1
C:\halo-main\application\src\main\java\run\halo\app\plugin\PluginExtensionLoaderUtils.java,run.halo.app.plugin.PluginExtensionLoaderUtils,"lookupExtensions/2[java.nio.file.Path,run.halo.app.plugin.RuntimeMode]",pluginPath,2
C:\halo-main\application\src\main\java\run\halo\app\plugin\PluginExtensionLoaderUtils.java,run.halo.app.plugin.PluginExtensionLoaderUtils,walkExtensionFiles/1[java.nio.file.Path],path,3
C:\halo-main\application\src\main\java\run\halo\app\plugin\PluginExtensionLoaderUtils.java,run.halo.app.plugin.PluginExtensionLoaderUtils,walkExtensionFiles/1[java.nio.file.Path],stream,1
C:\halo-main\application\src\main\java\run\halo\app\plugin\PluginExtensionLoaderUtils.java,run.halo.app.plugin.PluginExtensionLoaderUtils,walkExtensionFiles/1[java.nio.file.Path],e,0
C:\halo-main\application\src\main\java\run\halo\app\plugin\PluginExtensionLoaderUtils.java,run.halo.app.plugin.PluginExtensionLoaderUtils,walkExtensionFiles/1[java.nio.file.Path],location,3
C:\halo-main\application\src\main\java\run\halo\app\plugin\PluginExtensionLoaderUtils.java,run.halo.app.plugin.PluginExtensionLoaderUtils,lookupFromClasses/1[java.nio.file.Path],result,2
C:\halo-main\application\src\main\java\run\halo\app\plugin\PluginExtensionLoaderUtils.java,run.halo.app.plugin.PluginExtensionLoaderUtils,lookupFromClasses/1[java.nio.file.Path],file,3
C:\halo-main\application\src\main\java\run\halo\app\plugin\PluginExtensionLoaderUtils.java,run.halo.app.plugin.PluginExtensionLoaderUtils,lookupFromClasses/1[java.nio.file.Path],pluginPath,1
C:\halo-main\application\src\main\java\run\halo\app\plugin\PluginExtensionLoaderUtils.java,run.halo.app.plugin.PluginExtensionLoaderUtils,lookupFromClasses/1[java.nio.file.Path],directory,1
C:\halo-main\application\src\test\java\run\halo\app\core\extension\endpoint\UserEndpointTest.java,run.halo.app.core.extension.endpoint.UserEndpointTest$UserListTest,createUser/1[java.lang.String],name,1
C:\halo-main\application\src\test\java\run\halo\app\core\extension\endpoint\UserEndpointTest.java,run.halo.app.core.extension.endpoint.UserEndpointTest$UserListTest,shouldListUsersWhenUserPresent/0,expectResult,1
C:\halo-main\application\src\test\java\run\halo\app\core\extension\endpoint\UserEndpointTest.java,run.halo.app.core.extension.endpoint.UserEndpointTest$UserListTest,shouldListUsersWhenUserPresent/0,users,1
C:\halo-main\application\src\test\java\run\halo\app\core\extension\endpoint\UserEndpointTest.java,run.halo.app.core.extension.endpoint.UserEndpointTest$UserListTest,shouldSortUsersWhenCreationTimestampSet/0,comparator,1
C:\halo-main\application\src\test\java\run\halo\app\core\extension\endpoint\UserEndpointTest.java,run.halo.app.core.extension.endpoint.UserEndpointTest$UserListTest,shouldSortUsersWhenCreationTimestampSet/0,expectResult,1
C:\halo-main\application\src\test\java\run\halo\app\core\extension\endpoint\UserEndpointTest.java,run.halo.app.core.extension.endpoint.UserEndpointTest$UserListTest,shouldSortUsersWhenCreationTimestampSet/0,expectUser,1
C:\halo-main\application\src\test\java\run\halo\app\core\extension\endpoint\UserEndpointTest.java,run.halo.app.core.extension.endpoint.UserEndpointTest$UserListTest,shouldSortUsersWhenCreationTimestampSet/0,now,7
C:\halo-main\application\src\test\java\run\halo\app\core\extension\endpoint\UserEndpointTest.java,run.halo.app.core.extension.endpoint.UserEndpointTest$UserListTest,shouldSortUsersWhenCreationTimestampSet/0,unexpectedUser2,0
C:\halo-main\application\src\test\java\run\halo\app\core\extension\endpoint\UserEndpointTest.java,run.halo.app.core.extension.endpoint.UserEndpointTest$UserListTest,shouldSortUsersWhenCreationTimestampSet/0,unexpectedUser1,0
C:\halo-main\application\src\test\java\run\halo\app\core\extension\endpoint\UserEndpointTest.java,run.halo.app.core.extension.endpoint.UserEndpointTest$UserListTest,shouldSortUsersWhenCreationTimestampSet/0,users,2
C:\halo-main\application\src\test\java\run\halo\app\core\extension\endpoint\UserEndpointTest.java,run.halo.app.core.extension.endpoint.UserEndpointTest$UserListTest,shouldFilterUsersWhenRoleProvided/0,predicate,3
C:\halo-main\application\src\test\java\run\halo\app\core\extension\endpoint\UserEndpointTest.java,run.halo.app.core.extension.endpoint.UserEndpointTest$UserListTest,shouldFilterUsersWhenRoleProvided/0,expectResult,1
C:\halo-main\application\src\test\java\run\halo\app\core\extension\endpoint\UserEndpointTest.java,run.halo.app.core.extension.endpoint.UserEndpointTest$UserListTest,shouldFilterUsersWhenRoleProvided/0,expectUser,2
C:\halo-main\application\src\test\java\run\halo\app\core\extension\endpoint\UserEndpointTest.java,run.halo.app.core.extension.endpoint.UserEndpointTest$UserListTest,shouldFilterUsersWhenRoleProvided/0,unexpectedUser2,1
C:\halo-main\application\src\test\java\run\halo\app\core\extension\endpoint\UserEndpointTest.java,run.halo.app.core.extension.endpoint.UserEndpointTest$UserListTest,shouldFilterUsersWhenRoleProvided/0,unexpectedUser1,1
C:\halo-main\application\src\test\java\run\halo\app\core\extension\endpoint\UserEndpointTest.java,run.halo.app.core.extension.endpoint.UserEndpointTest$UserListTest,shouldFilterUsersWhenRoleProvided/0,users,1
C:\halo-main\application\src\test\java\run\halo\app\core\extension\endpoint\UserEndpointTest.java,run.halo.app.core.extension.endpoint.UserEndpointTest$UserListTest,"createUser/2[java.lang.String,java.time.Instant]",metadata,3
C:\halo-main\application\src\test\java\run\halo\app\core\extension\endpoint\UserEndpointTest.java,run.halo.app.core.extension.endpoint.UserEndpointTest$UserListTest,"createUser/2[java.lang.String,java.time.Instant]",name,1
C:\halo-main\application\src\test\java\run\halo\app\core\extension\endpoint\UserEndpointTest.java,run.halo.app.core.extension.endpoint.UserEndpointTest$UserListTest,"createUser/2[java.lang.String,java.time.Instant]",creationTimestamp,1
C:\halo-main\application\src\test\java\run\halo\app\core\extension\endpoint\UserEndpointTest.java,run.halo.app.core.extension.endpoint.UserEndpointTest$UserListTest,"createUser/2[java.lang.String,java.time.Instant]",user,3
C:\halo-main\application\src\test\java\run\halo\app\core\extension\endpoint\UserEndpointTest.java,run.halo.app.core.extension.endpoint.UserEndpointTest$UserListTest,"createUser/2[java.lang.String,java.time.Instant]",spec,1
C:\halo-main\application\src\test\java\run\halo\app\core\extension\endpoint\UserEndpointTest.java,run.halo.app.core.extension.endpoint.UserEndpointTest$UserListTest,shouldFilterUsersWhenKeywordProvided/0,predicate,3
C:\halo-main\application\src\test\java\run\halo\app\core\extension\endpoint\UserEndpointTest.java,run.halo.app.core.extension.endpoint.UserEndpointTest$UserListTest,shouldFilterUsersWhenKeywordProvided/0,expectResult,1
C:\halo-main\application\src\test\java\run\halo\app\core\extension\endpoint\UserEndpointTest.java,run.halo.app.core.extension.endpoint.UserEndpointTest$UserListTest,shouldFilterUsersWhenKeywordProvided/0,expectUser,2
C:\halo-main\application\src\test\java\run\halo\app\core\extension\endpoint\UserEndpointTest.java,run.halo.app.core.extension.endpoint.UserEndpointTest$UserListTest,shouldFilterUsersWhenKeywordProvided/0,unexpectedUser2,1
C:\halo-main\application\src\test\java\run\halo\app\core\extension\endpoint\UserEndpointTest.java,run.halo.app.core.extension.endpoint.UserEndpointTest$UserListTest,shouldFilterUsersWhenKeywordProvided/0,unexpectedUser1,1
C:\halo-main\application\src\test\java\run\halo\app\core\extension\endpoint\UserEndpointTest.java,run.halo.app.core.extension.endpoint.UserEndpointTest$UserListTest,shouldFilterUsersWhenKeywordProvided/0,users,1
C:\halo-main\application\src\test\java\run\halo\app\core\extension\endpoint\UserEndpointTest.java,run.halo.app.core.extension.endpoint.UserEndpointTest$UserListTest,"createUser/2[java.lang.String,java.lang.String]",metadata,3
C:\halo-main\application\src\test\java\run\halo\app\core\extension\endpoint\UserEndpointTest.java,run.halo.app.core.extension.endpoint.UserEndpointTest$UserListTest,"createUser/2[java.lang.String,java.lang.String]",displayName,1
C:\halo-main\application\src\test\java\run\halo\app\core\extension\endpoint\UserEndpointTest.java,run.halo.app.core.extension.endpoint.UserEndpointTest$UserListTest,"createUser/2[java.lang.String,java.lang.String]",name,1
C:\halo-main\application\src\test\java\run\halo\app\core\extension\endpoint\UserEndpointTest.java,run.halo.app.core.extension.endpoint.UserEndpointTest$UserListTest,"createUser/2[java.lang.String,java.lang.String]",user,3
C:\halo-main\application\src\test\java\run\halo\app\core\extension\endpoint\UserEndpointTest.java,run.halo.app.core.extension.endpoint.UserEndpointTest$UserListTest,"createUser/2[java.lang.String,java.lang.String]",spec,2
C:\halo-main\application\src\main\java\run\halo\app\infra\exception\PluginAlreadyExistsException.java,run.halo.app.infra.exception.PluginAlreadyExistsException,PluginAlreadyExistsException/1[java.lang.String],pluginName,2
C:\halo-main\application\src\main\java\run\halo\app\core\extension\reconciler\attachment\AttachmentReconciler.java,run.halo.app.core.extension.reconciler.attachment.AttachmentReconciler,"updateStatus/2[java.lang.String,run.halo.app.core.extension.reconciler.attachment.AttachmentStatus]",attachment,4
C:\halo-main\application\src\main\java\run\halo\app\core\extension\reconciler\attachment\AttachmentReconciler.java,run.halo.app.core.extension.reconciler.attachment.AttachmentReconciler,"updateStatus/2[java.lang.String,run.halo.app.core.extension.reconciler.attachment.AttachmentStatus]",attachmentName,1
C:\halo-main\application\src\main\java\run\halo\app\core\extension\reconciler\attachment\AttachmentReconciler.java,run.halo.app.core.extension.reconciler.attachment.AttachmentReconciler,"updateStatus/2[java.lang.String,run.halo.app.core.extension.reconciler.attachment.AttachmentStatus]",status,2
C:\halo-main\application\src\main\java\run\halo\app\core\extension\reconciler\attachment\AttachmentReconciler.java,run.halo.app.core.extension.reconciler.attachment.AttachmentReconciler,"AttachmentReconciler/3[run.halo.app.core.extension.reconciler.attachment.ExtensionClient,run.halo.app.plugin.ExtensionComponentsFinder,run.halo.app.core.extension.reconciler.attachment.ExternalUrlSupplier]",externalUrl,2
C:\halo-main\application\src\main\java\run\halo\app\core\extension\reconciler\attachment\AttachmentReconciler.java,run.halo.app.core.extension.reconciler.attachment.AttachmentReconciler,"AttachmentReconciler/3[run.halo.app.core.extension.reconciler.attachment.ExtensionClient,run.halo.app.plugin.ExtensionComponentsFinder,run.halo.app.core.extension.reconciler.attachment.ExternalUrlSupplier]",client,2
C:\halo-main\application\src\main\java\run\halo\app\core\extension\reconciler\attachment\AttachmentReconciler.java,run.halo.app.core.extension.reconciler.attachment.AttachmentReconciler,"AttachmentReconciler/3[run.halo.app.core.extension.reconciler.attachment.ExtensionClient,run.halo.app.plugin.ExtensionComponentsFinder,run.halo.app.core.extension.reconciler.attachment.ExternalUrlSupplier]",extensionComponentsFinder,2
C:\halo-main\application\src\main\java\run\halo\app\core\extension\reconciler\attachment\AttachmentReconciler.java,run.halo.app.core.extension.reconciler.attachment.AttachmentReconciler,setupWith/1[run.halo.app.core.extension.reconciler.attachment.ControllerBuilder],builder,1
C:\halo-main\application\src\main\java\run\halo\app\core\extension\reconciler\attachment\AttachmentReconciler.java,run.halo.app.core.extension.reconciler.attachment.AttachmentReconciler,removeFinalizer/1[java.lang.String],finalizers,2
C:\halo-main\application\src\main\java\run\halo\app\core\extension\reconciler\attachment\AttachmentReconciler.java,run.halo.app.core.extension.reconciler.attachment.AttachmentReconciler,removeFinalizer/1[java.lang.String],attachment,2
C:\halo-main\application\src\main\java\run\halo\app\core\extension\reconciler\attachment\AttachmentReconciler.java,run.halo.app.core.extension.reconciler.attachment.AttachmentReconciler,removeFinalizer/1[java.lang.String],attachmentName,1
C:\halo-main\application\src\main\java\run\halo\app\core\extension\reconciler\attachment\AttachmentReconciler.java,run.halo.app.core.extension.reconciler.attachment.AttachmentReconciler,reconcile/1[run.halo.app.core.extension.reconciler.attachment.Request],request,4
C:\halo-main\application\src\main\java\run\halo\app\core\extension\reconciler\attachment\AttachmentReconciler.java,run.halo.app.core.extension.reconciler.attachment.AttachmentReconciler,reconcile/1[run.halo.app.core.extension.reconciler.attachment.Request],handler,1
C:\halo-main\application\src\main\java\run\halo\app\core\extension\reconciler\attachment\AttachmentReconciler.java,run.halo.app.core.extension.reconciler.attachment.AttachmentReconciler,reconcile/1[run.halo.app.core.extension.reconciler.attachment.Request],deleted,1
C:\halo-main\application\src\main\java\run\halo\app\core\extension\reconciler\attachment\AttachmentReconciler.java,run.halo.app.core.extension.reconciler.attachment.AttachmentReconciler,reconcile/1[run.halo.app.core.extension.reconciler.attachment.Request],attachment,8
C:\halo-main\application\src\main\java\run\halo\app\core\extension\reconciler\attachment\AttachmentReconciler.java,run.halo.app.core.extension.reconciler.attachment.AttachmentReconciler,reconcile/1[run.halo.app.core.extension.reconciler.attachment.Request],externalLink,2
C:\halo-main\application\src\main\java\run\halo\app\core\extension\reconciler\attachment\AttachmentReconciler.java,run.halo.app.core.extension.reconciler.attachment.AttachmentReconciler,reconcile/1[run.halo.app.core.extension.reconciler.attachment.Request],configMap,1
C:\halo-main\application\src\main\java\run\halo\app\core\extension\reconciler\attachment\AttachmentReconciler.java,run.halo.app.core.extension.reconciler.attachment.AttachmentReconciler,reconcile/1[run.halo.app.core.extension.reconciler.attachment.Request],deleteOption,1
C:\halo-main\application\src\main\java\run\halo\app\core\extension\reconciler\attachment\AttachmentReconciler.java,run.halo.app.core.extension.reconciler.attachment.AttachmentReconciler,reconcile/1[run.halo.app.core.extension.reconciler.attachment.Request],annotations,3
C:\halo-main\application\src\main\java\run\halo\app\core\extension\reconciler\attachment\AttachmentReconciler.java,run.halo.app.core.extension.reconciler.attachment.AttachmentReconciler,reconcile/1[run.halo.app.core.extension.reconciler.attachment.Request],permalink,5
C:\halo-main\application\src\main\java\run\halo\app\core\extension\reconciler\attachment\AttachmentReconciler.java,run.halo.app.core.extension.reconciler.attachment.AttachmentReconciler,reconcile/1[run.halo.app.core.extension.reconciler.attachment.Request],uri,2
C:\halo-main\application\src\main\java\run\halo\app\core\extension\reconciler\attachment\AttachmentReconciler.java,run.halo.app.core.extension.reconciler.attachment.AttachmentReconciler,reconcile/1[run.halo.app.core.extension.reconciler.attachment.Request],policy,2
C:\halo-main\application\src\main\java\run\halo\app\core\extension\reconciler\attachment\AttachmentReconciler.java,run.halo.app.core.extension.reconciler.attachment.AttachmentReconciler,reconcile/1[run.halo.app.core.extension.reconciler.attachment.Request],status,4
C:\halo-main\application\src\main\java\run\halo\app\core\extension\reconciler\attachment\AttachmentReconciler.java,run.halo.app.core.extension.reconciler.attachment.AttachmentReconciler,"addFinalizerIfNotSet/2[java.lang.String,java.util.Set<java.lang.String>]",finalizers,4
C:\halo-main\application\src\main\java\run\halo\app\core\extension\reconciler\attachment\AttachmentReconciler.java,run.halo.app.core.extension.reconciler.attachment.AttachmentReconciler,"addFinalizerIfNotSet/2[java.lang.String,java.util.Set<java.lang.String>]",existingFinalizers,2
C:\halo-main\application\src\main\java\run\halo\app\core\extension\reconciler\attachment\AttachmentReconciler.java,run.halo.app.core.extension.reconciler.attachment.AttachmentReconciler,"addFinalizerIfNotSet/2[java.lang.String,java.util.Set<java.lang.String>]",attachment,3
C:\halo-main\application\src\main\java\run\halo\app\core\extension\reconciler\attachment\AttachmentReconciler.java,run.halo.app.core.extension.reconciler.attachment.AttachmentReconciler,"addFinalizerIfNotSet/2[java.lang.String,java.util.Set<java.lang.String>]",attachmentName,1
C:\halo-main\application\src\main\java\run\halo\app\security\authorization\RequestInfoAuthorizationManager.java,run.halo.app.security.authorization.RequestInfoAuthorizationManager,showErrorMessage/1[java.util.List<java.lang.Throwable>],error,2
C:\halo-main\application\src\main\java\run\halo\app\security\authorization\RequestInfoAuthorizationManager.java,run.halo.app.security.authorization.RequestInfoAuthorizationManager,showErrorMessage/1[java.util.List<java.lang.Throwable>],errors,2
C:\halo-main\application\src\main\java\run\halo\app\security\authorization\RequestInfoAuthorizationManager.java,run.halo.app.security.authorization.RequestInfoAuthorizationManager,createUserDetails/1[run.halo.app.security.authorization.Authentication],authentication,3
C:\halo-main\application\src\main\java\run\halo\app\security\authorization\RequestInfoAuthorizationManager.java,run.halo.app.security.authorization.RequestInfoAuthorizationManager,isGranted/1[run.halo.app.security.authorization.Authentication],authentication,2
C:\halo-main\application\src\main\java\run\halo\app\security\authorization\RequestInfoAuthorizationManager.java,run.halo.app.security.authorization.RequestInfoAuthorizationManager,RequestInfoAuthorizationManager/1[run.halo.app.core.extension.service.RoleService],roleService,1
C:\halo-main\application\src\main\java\run\halo\app\security\authorization\RequestInfoAuthorizationManager.java,run.halo.app.security.authorization.RequestInfoAuthorizationManager,"check/2[run.halo.app.security.authorization.Mono<run.halo.app.security.authorization.Authentication>,run.halo.app.security.authorization.AuthorizationContext]",request,1
C:\halo-main\application\src\main\java\run\halo\app\security\authorization\RequestInfoAuthorizationManager.java,run.halo.app.security.authorization.RequestInfoAuthorizationManager,"check/2[run.halo.app.security.authorization.Mono<run.halo.app.security.authorization.Authentication>,run.halo.app.security.authorization.AuthorizationContext]",auth,2
C:\halo-main\application\src\main\java\run\halo\app\security\authorization\RequestInfoAuthorizationManager.java,run.halo.app.security.authorization.RequestInfoAuthorizationManager,"check/2[run.halo.app.security.authorization.Mono<run.halo.app.security.authorization.Authentication>,run.halo.app.security.authorization.AuthorizationContext]",context,1
C:\halo-main\application\src\main\java\run\halo\app\security\authorization\RequestInfoAuthorizationManager.java,run.halo.app.security.authorization.RequestInfoAuthorizationManager,"check/2[run.halo.app.security.authorization.Mono<run.halo.app.security.authorization.Authentication>,run.halo.app.security.authorization.AuthorizationContext]",requestInfo,1
C:\halo-main\application\src\main\java\run\halo\app\security\authorization\RequestInfoAuthorizationManager.java,run.halo.app.security.authorization.RequestInfoAuthorizationManager,"check/2[run.halo.app.security.authorization.Mono<run.halo.app.security.authorization.Authentication>,run.halo.app.security.authorization.AuthorizationContext]",visitor,2
C:\halo-main\application\src\main\java\run\halo\app\security\authorization\RequestInfoAuthorizationManager.java,run.halo.app.security.authorization.RequestInfoAuthorizationManager,"check/2[run.halo.app.security.authorization.Mono<run.halo.app.security.authorization.Authentication>,run.halo.app.security.authorization.AuthorizationContext]",userDetails,1
C:\halo-main\application\src\main\java\run\halo\app\security\authorization\RequestInfoAuthorizationManager.java,run.halo.app.security.authorization.RequestInfoAuthorizationManager,"check/2[run.halo.app.security.authorization.Mono<run.halo.app.security.authorization.Authentication>,run.halo.app.security.authorization.AuthorizationContext]",authentication,1
C:\halo-main\application\src\main\java\run\halo\app\theme\finders\vo\SiteSettingVo.java,run.halo.app.theme.finders.vo.SiteSettingVo,from/1[run.halo.app.theme.finders.vo.ConfigMap],data,6
C:\halo-main\application\src\main\java\run\halo\app\theme\finders\vo\SiteSettingVo.java,run.halo.app.theme.finders.vo.SiteSettingVo,from/1[run.halo.app.theme.finders.vo.ConfigMap],postSetting,4
C:\halo-main\application\src\main\java\run\halo\app\theme\finders\vo\SiteSettingVo.java,run.halo.app.theme.finders.vo.SiteSettingVo,from/1[run.halo.app.theme.finders.vo.ConfigMap],seoSetting,3
C:\halo-main\application\src\main\java\run\halo\app\theme\finders\vo\SiteSettingVo.java,run.halo.app.theme.finders.vo.SiteSettingVo,from/1[run.halo.app.theme.finders.vo.ConfigMap],userSetting,1
C:\halo-main\application\src\main\java\run\halo\app\theme\finders\vo\SiteSettingVo.java,run.halo.app.theme.finders.vo.SiteSettingVo,from/1[run.halo.app.theme.finders.vo.ConfigMap],configMap,2
C:\halo-main\application\src\main\java\run\halo\app\theme\finders\vo\SiteSettingVo.java,run.halo.app.theme.finders.vo.SiteSettingVo,from/1[run.halo.app.theme.finders.vo.ConfigMap],basicSetting,4
C:\halo-main\application\src\main\java\run\halo\app\theme\finders\vo\SiteSettingVo.java,run.halo.app.theme.finders.vo.SiteSettingVo,from/1[run.halo.app.theme.finders.vo.ConfigMap],commentSetting,3
C:\halo-main\application\src\main\java\run\halo\app\theme\finders\vo\SiteSettingVo.java,run.halo.app.theme.finders.vo.SiteSettingVo,"toObject/2[java.lang.String,java.lang.Class<T>]",json,3
C:\halo-main\application\src\main\java\run\halo\app\theme\finders\vo\SiteSettingVo.java,run.halo.app.theme.finders.vo.SiteSettingVo,"toObject/2[java.lang.String,java.lang.Class<T>]",type,1
C:\halo-main\application\src\test\java\run\halo\app\plugin\PluginStartedListenerTest.java,run.halo.app.plugin.PluginStartedListenerTest$PluginExtensionLoaderUtilsTest,lookupFromClasses/0,extensions,1
C:\halo-main\application\src\test\java\run\halo\app\plugin\PluginStartedListenerTest.java,run.halo.app.plugin.PluginStartedListenerTest$PluginExtensionLoaderUtilsTest,lookupFromClasses/0,extensionResources,1
C:\halo-main\application\src\test\java\run\halo\app\plugin\PluginStartedListenerTest.java,run.halo.app.plugin.PluginStartedListenerTest$PluginExtensionLoaderUtilsTest,lookupFromClasses/0,directories,1
C:\halo-main\application\src\test\java\run\halo\app\plugin\PluginStartedListenerTest.java,run.halo.app.plugin.PluginStartedListenerTest$PluginExtensionLoaderUtilsTest,lookupFromClasses/0,tempPluginPath,2
C:\halo-main\application\src\test\java\run\halo\app\plugin\PluginStartedListenerTest.java,run.halo.app.plugin.PluginStartedListenerTest$PluginExtensionLoaderUtilsTest,lookupFromJar/0,tempDirectory,2
C:\halo-main\application\src\test\java\run\halo\app\plugin\PluginStartedListenerTest.java,run.halo.app.plugin.PluginStartedListenerTest$PluginExtensionLoaderUtilsTest,lookupFromJar/0,plugin001Uri,1
C:\halo-main\application\src\test\java\run\halo\app\plugin\PluginStartedListenerTest.java,run.halo.app.plugin.PluginStartedListenerTest$PluginExtensionLoaderUtilsTest,lookupFromJar/0,unstructuredFilePathFromJar,2
C:\halo-main\application\src\test\java\run\halo\app\plugin\PluginStartedListenerTest.java,run.halo.app.plugin.PluginStartedListenerTest$PluginExtensionLoaderUtilsTest,lookupFromJar/0,targetJarPath,2
C:\halo-main\application\src\main\java\run\halo\app\extension\router\ExtensionRouterFunctionFactory.java,run.halo.app.extension.router.ExtensionRouterFunctionFactory$PathPatternGenerator,buildExtensionPathPattern/1[run.halo.app.extension.router.Scheme],scheme,2
C:\halo-main\application\src\main\java\run\halo\app\extension\router\ExtensionRouterFunctionFactory.java,run.halo.app.extension.router.ExtensionRouterFunctionFactory$PathPatternGenerator,buildExtensionPathPattern/1[run.halo.app.extension.router.Scheme],pattern,3
C:\halo-main\application\src\main\java\run\halo\app\extension\router\ExtensionRouterFunctionFactory.java,run.halo.app.extension.router.ExtensionRouterFunctionFactory$PathPatternGenerator,buildExtensionPathPattern/1[run.halo.app.extension.router.Scheme],gvk,3
C:\halo-main\application\src\main\java\run\halo\app\core\extension\reconciler\SystemSettingReconciler.java,run.halo.app.core.extension.reconciler.SystemSettingReconciler,"SystemSettingReconciler/3[run.halo.app.core.extension.reconciler.ExtensionClient,run.halo.app.infra.SystemConfigurableEnvironmentFetcher,run.halo.app.core.extension.reconciler.ApplicationContext]",environmentFetcher,2
C:\halo-main\application\src\main\java\run\halo\app\core\extension\reconciler\SystemSettingReconciler.java,run.halo.app.core.extension.reconciler.SystemSettingReconciler,"SystemSettingReconciler/3[run.halo.app.core.extension.reconciler.ExtensionClient,run.halo.app.infra.SystemConfigurableEnvironmentFetcher,run.halo.app.core.extension.reconciler.ApplicationContext]",applicationContext,2
C:\halo-main\application\src\main\java\run\halo\app\core\extension\reconciler\SystemSettingReconciler.java,run.halo.app.core.extension.reconciler.SystemSettingReconciler,"SystemSettingReconciler/3[run.halo.app.core.extension.reconciler.ExtensionClient,run.halo.app.infra.SystemConfigurableEnvironmentFetcher,run.halo.app.core.extension.reconciler.ApplicationContext]",client,2
C:\halo-main\application\src\main\java\run\halo\app\core\extension\reconciler\SystemSettingReconciler.java,run.halo.app.core.extension.reconciler.SystemSettingReconciler,reconcile/1[run.halo.app.core.extension.reconciler.Request],request,1
C:\halo-main\application\src\main\java\run\halo\app\core\extension\reconciler\SystemSettingReconciler.java,run.halo.app.core.extension.reconciler.SystemSettingReconciler,reconcile/1[run.halo.app.core.extension.reconciler.Request],configMap,1
C:\halo-main\application\src\main\java\run\halo\app\core\extension\reconciler\SystemSettingReconciler.java,run.halo.app.core.extension.reconciler.SystemSettingReconciler,reconcile/1[run.halo.app.core.extension.reconciler.Request],name,5
C:\halo-main\application\src\main\java\run\halo\app\core\extension\reconciler\SystemSettingReconciler.java,run.halo.app.core.extension.reconciler.SystemSettingReconciler,setupWith/1[run.halo.app.core.extension.reconciler.ControllerBuilder],builder,1
C:\halo-main\application\src\main\java\run\halo\app\core\extension\reconciler\SystemSettingReconciler.java,run.halo.app.core.extension.reconciler.SystemSettingReconciler,getConfigMap/1[java.lang.String],name,0
C:\halo-main\application\src\main\java\run\halo\app\core\extension\reconciler\SystemSettingReconciler.java,run.halo.app.core.extension.reconciler.SystemSettingReconciler,isSystemSetting/1[java.lang.String],name,2
C:\halo-main\application\src\main\java\run\halo\app\core\extension\reconciler\SystemSettingReconciler.java,run.halo.app.core.extension.reconciler.SystemSettingReconciler,customizeSystem/1[java.lang.String],system,1
C:\halo-main\application\src\main\java\run\halo\app\core\extension\reconciler\SystemSettingReconciler.java,run.halo.app.core.extension.reconciler.SystemSettingReconciler,customizeSystem/1[java.lang.String],systemConfigMap,4
C:\halo-main\application\src\main\java\run\halo\app\core\extension\reconciler\SystemSettingReconciler.java,run.halo.app.core.extension.reconciler.SystemSettingReconciler,customizeSystem/1[java.lang.String],configMap,6
C:\halo-main\application\src\main\java\run\halo\app\core\extension\reconciler\SystemSettingReconciler.java,run.halo.app.core.extension.reconciler.SystemSettingReconciler,customizeSystem/1[java.lang.String],name,1
C:\halo-main\application\src\main\java\run\halo\app\core\extension\reconciler\SystemSettingReconciler.java,run.halo.app.core.extension.reconciler.SystemSettingReconciler,customizeSystem/1[java.lang.String],systemOpt,1
C:\halo-main\application\src\main\java\run\halo\app\core\extension\reconciler\SystemSettingReconciler.java,run.halo.app.core.extension.reconciler.SystemSettingReconciler,addFinalizerIfNecessary/1[run.halo.app.core.extension.reconciler.ConfigMap],finalizers,2
C:\halo-main\application\src\main\java\run\halo\app\core\extension\reconciler\SystemSettingReconciler.java,run.halo.app.core.extension.reconciler.SystemSettingReconciler,addFinalizerIfNecessary/1[run.halo.app.core.extension.reconciler.ConfigMap],oldConfigMap,3
C:\halo-main\application\src\main\java\run\halo\app\core\extension\reconciler\SystemSettingReconciler.java,run.halo.app.core.extension.reconciler.SystemSettingReconciler,addFinalizerIfNecessary/1[run.halo.app.core.extension.reconciler.ConfigMap],configMap,3
C:\halo-main\application\src\main\java\run\halo\app\core\extension\reconciler\SystemSettingReconciler.java,run.halo.app.core.extension.reconciler.SystemSettingReconciler,addFinalizerIfNecessary/1[run.halo.app.core.extension.reconciler.ConfigMap],newFinalizers,4
C:\halo-main\application\src\main\java\run\halo\app\infra\SchemeInitializedEvent.java,run.halo.app.infra.SchemeInitializedEvent,SchemeInitializedEvent/1[java.lang.Object],source,1
C:\halo-main\application\src\main\java\run\halo\app\plugin\event\HaloPluginBeforeStopEvent.java,run.halo.app.plugin.event.HaloPluginBeforeStopEvent,"HaloPluginBeforeStopEvent/2[java.lang.Object,run.halo.app.plugin.event.PluginWrapper]",plugin,2
C:\halo-main\application\src\main\java\run\halo\app\plugin\event\HaloPluginBeforeStopEvent.java,run.halo.app.plugin.event.HaloPluginBeforeStopEvent,"HaloPluginBeforeStopEvent/2[java.lang.Object,run.halo.app.plugin.event.PluginWrapper]",source,1
C:\halo-main\application\src\test\java\run\halo\app\extension\AbstractExtensionTest.java,run.halo.app.extension.AbstractExtensionTest,metadata/0,extension,2
C:\halo-main\application\src\test\java\run\halo\app\extension\AbstractExtensionTest.java,run.halo.app.extension.AbstractExtensionTest,metadata/0,metadata,3
C:\halo-main\application\src\test\java\run\halo\app\extension\AbstractExtensionTest.java,run.halo.app.extension.AbstractExtensionTest,groupVersionKind/0,extension,3
C:\halo-main\application\src\test\java\run\halo\app\extension\AbstractExtensionTest.java,run.halo.app.extension.AbstractExtensionTest,groupVersionKind/0,gvk,1
C:\halo-main\application\src\test\java\run\halo\app\extension\AbstractExtensionTest.java,run.halo.app.extension.AbstractExtensionTest,testGroupVersionKind/0,extension,3
C:\halo-main\application\src\test\java\run\halo\app\extension\AbstractExtensionTest.java,run.halo.app.extension.AbstractExtensionTest,testMetadata/0,extension,2
C:\halo-main\application\src\test\java\run\halo\app\extension\AbstractExtensionTest.java,run.halo.app.extension.AbstractExtensionTest,testMetadata/0,metadata,3
C:\halo-main\application\src\main\java\run\halo\app\theme\message\ThemeMessageResolutionUtils.java,run.halo.app.theme.message.ThemeMessageResolutionUtils,"resolveMessagesForTemplate/2[java.util.Locale,run.halo.app.theme.ThemeContext]",messageProperties,3
C:\halo-main\application\src\main\java\run\halo\app\theme\message\ThemeMessageResolutionUtils.java,run.halo.app.theme.message.ThemeMessageResolutionUtils,"resolveMessagesForTemplate/2[java.util.Locale,run.halo.app.theme.ThemeContext]",propertyEntry,2
C:\halo-main\application\src\main\java\run\halo\app\theme\message\ThemeMessageResolutionUtils.java,run.halo.app.theme.message.ThemeMessageResolutionUtils,"resolveMessagesForTemplate/2[java.util.Locale,run.halo.app.theme.ThemeContext]",ignored,0
C:\halo-main\application\src\main\java\run\halo\app\theme\message\ThemeMessageResolutionUtils.java,run.halo.app.theme.message.ThemeMessageResolutionUtils,"resolveMessagesForTemplate/2[java.util.Locale,run.halo.app.theme.ThemeContext]",messageResourceNames,1
C:\halo-main\application\src\main\java\run\halo\app\theme\message\ThemeMessageResolutionUtils.java,run.halo.app.theme.message.ThemeMessageResolutionUtils,"resolveMessagesForTemplate/2[java.util.Locale,run.halo.app.theme.ThemeContext]",messageResourceReader,2
C:\halo-main\application\src\main\java\run\halo\app\theme\message\ThemeMessageResolutionUtils.java,run.halo.app.theme.message.ThemeMessageResolutionUtils,"resolveMessagesForTemplate/2[java.util.Locale,run.halo.app.theme.ThemeContext]",combinedMessages,5
C:\halo-main\application\src\main\java\run\halo\app\theme\message\ThemeMessageResolutionUtils.java,run.halo.app.theme.message.ThemeMessageResolutionUtils,"resolveMessagesForTemplate/2[java.util.Locale,run.halo.app.theme.ThemeContext]",theme,1
C:\halo-main\application\src\main\java\run\halo\app\theme\message\ThemeMessageResolutionUtils.java,run.halo.app.theme.message.ThemeMessageResolutionUtils,"resolveMessagesForTemplate/2[java.util.Locale,run.halo.app.theme.ThemeContext]",locale,1
C:\halo-main\application\src\main\java\run\halo\app\theme\message\ThemeMessageResolutionUtils.java,run.halo.app.theme.message.ThemeMessageResolutionUtils,"resolveMessagesForTemplate/2[java.util.Locale,run.halo.app.theme.ThemeContext]",messageResourceName,1
C:\halo-main\application\src\main\java\run\halo\app\theme\message\ThemeMessageResolutionUtils.java,run.halo.app.theme.message.ThemeMessageResolutionUtils,computeMessageResourceNamesFromBase/1[java.util.Locale],resourceNames,5
C:\halo-main\application\src\main\java\run\halo\app\theme\message\ThemeMessageResolutionUtils.java,run.halo.app.theme.message.ThemeMessageResolutionUtils,computeMessageResourceNamesFromBase/1[java.util.Locale],locale,10
C:\halo-main\application\src\main\java\run\halo\app\theme\message\ThemeMessageResolutionUtils.java,run.halo.app.theme.message.ThemeMessageResolutionUtils,getResourceName/1[java.lang.String],name,1
C:\halo-main\application\src\main\java\run\halo\app\theme\message\ThemeMessageResolutionUtils.java,run.halo.app.theme.message.ThemeMessageResolutionUtils,isFormatCandidate/1[java.lang.String],c,3
C:\halo-main\application\src\main\java\run\halo\app\theme\message\ThemeMessageResolutionUtils.java,run.halo.app.theme.message.ThemeMessageResolutionUtils,isFormatCandidate/1[java.lang.String],message,2
C:\halo-main\application\src\main\java\run\halo\app\theme\message\ThemeMessageResolutionUtils.java,run.halo.app.theme.message.ThemeMessageResolutionUtils,isFormatCandidate/1[java.lang.String],n,2
C:\halo-main\application\src\main\java\run\halo\app\theme\message\ThemeMessageResolutionUtils.java,run.halo.app.theme.message.ThemeMessageResolutionUtils,"resolveMessagesForOrigin/2[java.lang.Class<?>,java.util.Locale]",currentClass,5
C:\halo-main\application\src\main\java\run\halo\app\theme\message\ThemeMessageResolutionUtils.java,run.halo.app.theme.message.ThemeMessageResolutionUtils,"resolveMessagesForOrigin/2[java.lang.Class<?>,java.util.Locale]",messageKey,3
C:\halo-main\application\src\main\java\run\halo\app\theme\message\ThemeMessageResolutionUtils.java,run.halo.app.theme.message.ThemeMessageResolutionUtils,"resolveMessagesForOrigin/2[java.lang.Class<?>,java.util.Locale]",origin,1
C:\halo-main\application\src\main\java\run\halo\app\theme\message\ThemeMessageResolutionUtils.java,run.halo.app.theme.message.ThemeMessageResolutionUtils,"resolveMessagesForOrigin/2[java.lang.Class<?>,java.util.Locale]",combinedMessages,4
C:\halo-main\application\src\main\java\run\halo\app\theme\message\ThemeMessageResolutionUtils.java,run.halo.app.theme.message.ThemeMessageResolutionUtils,"resolveMessagesForOrigin/2[java.lang.Class<?>,java.util.Locale]",locale,2
C:\halo-main\application\src\main\java\run\halo\app\theme\message\ThemeMessageResolutionUtils.java,run.halo.app.theme.message.ThemeMessageResolutionUtils,"resolveMessagesForOrigin/2[java.lang.Class<?>,java.util.Locale]",messagesForCurrentClass,2
C:\halo-main\application\src\main\java\run\halo\app\theme\message\ThemeMessageResolutionUtils.java,run.halo.app.theme.message.ThemeMessageResolutionUtils,"messageReader/2[java.lang.String,run.halo.app.theme.ThemeContext]",themePath,1
C:\halo-main\application\src\main\java\run\halo\app\theme\message\ThemeMessageResolutionUtils.java,run.halo.app.theme.message.ThemeMessageResolutionUtils,"messageReader/2[java.lang.String,run.halo.app.theme.ThemeContext]",inputStream,1
C:\halo-main\application\src\main\java\run\halo\app\theme\message\ThemeMessageResolutionUtils.java,run.halo.app.theme.message.ThemeMessageResolutionUtils,"messageReader/2[java.lang.String,run.halo.app.theme.ThemeContext]",theme,1
C:\halo-main\application\src\main\java\run\halo\app\theme\message\ThemeMessageResolutionUtils.java,run.halo.app.theme.message.ThemeMessageResolutionUtils,"messageReader/2[java.lang.String,run.halo.app.theme.ThemeContext]",messageFile,2
C:\halo-main\application\src\main\java\run\halo\app\theme\message\ThemeMessageResolutionUtils.java,run.halo.app.theme.message.ThemeMessageResolutionUtils,"messageReader/2[java.lang.String,run.halo.app.theme.ThemeContext]",messageResourceName,1
C:\halo-main\application\src\main\java\run\halo\app\theme\message\ThemeMessageResolutionUtils.java,run.halo.app.theme.message.ThemeMessageResolutionUtils,readMessagesResource/1[java.io.Reader],propertiesReader,3
C:\halo-main\application\src\main\java\run\halo\app\theme\message\ThemeMessageResolutionUtils.java,run.halo.app.theme.message.ThemeMessageResolutionUtils,readMessagesResource/1[java.io.Reader],e,1
C:\halo-main\application\src\main\java\run\halo\app\theme\message\ThemeMessageResolutionUtils.java,run.halo.app.theme.message.ThemeMessageResolutionUtils,readMessagesResource/1[java.io.Reader],properties,2
C:\halo-main\application\src\main\java\run\halo\app\theme\message\ThemeMessageResolutionUtils.java,run.halo.app.theme.message.ThemeMessageResolutionUtils,"resolveMessagesForSpecificClass/2[java.lang.Class<?>,java.util.Locale]",messageProperties,3
C:\halo-main\application\src\main\java\run\halo\app\theme\message\ThemeMessageResolutionUtils.java,run.halo.app.theme.message.ThemeMessageResolutionUtils,"resolveMessagesForSpecificClass/2[java.lang.Class<?>,java.util.Locale]",propertyEntry,2
C:\halo-main\application\src\main\java\run\halo\app\theme\message\ThemeMessageResolutionUtils.java,run.halo.app.theme.message.ThemeMessageResolutionUtils,"resolveMessagesForSpecificClass/2[java.lang.Class<?>,java.util.Locale]",messageResourceNames,1
C:\halo-main\application\src\main\java\run\halo\app\theme\message\ThemeMessageResolutionUtils.java,run.halo.app.theme.message.ThemeMessageResolutionUtils,"resolveMessagesForSpecificClass/2[java.lang.Class<?>,java.util.Locale]",messageResourceReader,1
C:\halo-main\application\src\main\java\run\halo\app\theme\message\ThemeMessageResolutionUtils.java,run.halo.app.theme.message.ThemeMessageResolutionUtils,"resolveMessagesForSpecificClass/2[java.lang.Class<?>,java.util.Locale]",combinedMessages,5
C:\halo-main\application\src\main\java\run\halo\app\theme\message\ThemeMessageResolutionUtils.java,run.halo.app.theme.message.ThemeMessageResolutionUtils,"resolveMessagesForSpecificClass/2[java.lang.Class<?>,java.util.Locale]",inputStream,2
C:\halo-main\application\src\main\java\run\halo\app\theme\message\ThemeMessageResolutionUtils.java,run.halo.app.theme.message.ThemeMessageResolutionUtils,"resolveMessagesForSpecificClass/2[java.lang.Class<?>,java.util.Locale]",originClass,1
C:\halo-main\application\src\main\java\run\halo\app\theme\message\ThemeMessageResolutionUtils.java,run.halo.app.theme.message.ThemeMessageResolutionUtils,"resolveMessagesForSpecificClass/2[java.lang.Class<?>,java.util.Locale]",locale,1
C:\halo-main\application\src\main\java\run\halo\app\theme\message\ThemeMessageResolutionUtils.java,run.halo.app.theme.message.ThemeMessageResolutionUtils,"resolveMessagesForSpecificClass/2[java.lang.Class<?>,java.util.Locale]",originClassLoader,1
C:\halo-main\application\src\main\java\run\halo\app\theme\message\ThemeMessageResolutionUtils.java,run.halo.app.theme.message.ThemeMessageResolutionUtils,"resolveMessagesForSpecificClass/2[java.lang.Class<?>,java.util.Locale]",messageResourceName,1
C:\halo-main\application\src\main\java\run\halo\app\theme\message\ThemeMessageResolutionUtils.java,run.halo.app.theme.message.ThemeMessageResolutionUtils,"formatMessage/3[java.util.Locale,java.lang.String,java.lang.Object[]]",messageParameters,2
C:\halo-main\application\src\main\java\run\halo\app\theme\message\ThemeMessageResolutionUtils.java,run.halo.app.theme.message.ThemeMessageResolutionUtils,"formatMessage/3[java.util.Locale,java.lang.String,java.lang.Object[]]",messageFormat,1
C:\halo-main\application\src\main\java\run\halo\app\theme\message\ThemeMessageResolutionUtils.java,run.halo.app.theme.message.ThemeMessageResolutionUtils,"formatMessage/3[java.util.Locale,java.lang.String,java.lang.Object[]]",locale,1
C:\halo-main\application\src\main\java\run\halo\app\theme\message\ThemeMessageResolutionUtils.java,run.halo.app.theme.message.ThemeMessageResolutionUtils,"formatMessage/3[java.util.Locale,java.lang.String,java.lang.Object[]]",message,4
C:\halo-main\application\src\main\java\run\halo\app\core\extension\reconciler\MenuItemReconciler.java,run.halo.app.core.extension.reconciler.MenuItemReconciler,"handlePostRef/3[java.lang.String,run.halo.app.core.extension.reconciler.MenuItemStatus,run.halo.app.core.extension.reconciler.Ref]",post,6
C:\halo-main\application\src\main\java\run\halo\app\core\extension\reconciler\MenuItemReconciler.java,run.halo.app.core.extension.reconciler.MenuItemReconciler,"handlePostRef/3[java.lang.String,run.halo.app.core.extension.reconciler.MenuItemStatus,run.halo.app.core.extension.reconciler.Ref]",menuItemName,1
C:\halo-main\application\src\main\java\run\halo\app\core\extension\reconciler\MenuItemReconciler.java,run.halo.app.core.extension.reconciler.MenuItemReconciler,"handlePostRef/3[java.lang.String,run.halo.app.core.extension.reconciler.MenuItemStatus,run.halo.app.core.extension.reconciler.Ref]",postRef,1
C:\halo-main\application\src\main\java\run\halo\app\core\extension\reconciler\MenuItemReconciler.java,run.halo.app.core.extension.reconciler.MenuItemReconciler,"handlePostRef/3[java.lang.String,run.halo.app.core.extension.reconciler.MenuItemStatus,run.halo.app.core.extension.reconciler.Ref]",status,3
C:\halo-main\application\src\main\java\run\halo\app\core\extension\reconciler\MenuItemReconciler.java,run.halo.app.core.extension.reconciler.MenuItemReconciler,"handleCategoryRef/3[java.lang.String,run.halo.app.core.extension.reconciler.MenuItemStatus,run.halo.app.core.extension.reconciler.Ref]",menuItemName,1
C:\halo-main\application\src\main\java\run\halo\app\core\extension\reconciler\MenuItemReconciler.java,run.halo.app.core.extension.reconciler.MenuItemReconciler,"handleCategoryRef/3[java.lang.String,run.halo.app.core.extension.reconciler.MenuItemStatus,run.halo.app.core.extension.reconciler.Ref]",category,6
C:\halo-main\application\src\main\java\run\halo\app\core\extension\reconciler\MenuItemReconciler.java,run.halo.app.core.extension.reconciler.MenuItemReconciler,"handleCategoryRef/3[java.lang.String,run.halo.app.core.extension.reconciler.MenuItemStatus,run.halo.app.core.extension.reconciler.Ref]",categoryRef,1
C:\halo-main\application\src\main\java\run\halo\app\core\extension\reconciler\MenuItemReconciler.java,run.halo.app.core.extension.reconciler.MenuItemReconciler,"handleCategoryRef/3[java.lang.String,run.halo.app.core.extension.reconciler.MenuItemStatus,run.halo.app.core.extension.reconciler.Ref]",status,3
C:\halo-main\application\src\main\java\run\halo\app\core\extension\reconciler\MenuItemReconciler.java,run.halo.app.core.extension.reconciler.MenuItemReconciler,setupWith/1[run.halo.app.core.extension.reconciler.ControllerBuilder],builder,1
C:\halo-main\application\src\main\java\run\halo\app\core\extension\reconciler\MenuItemReconciler.java,run.halo.app.core.extension.reconciler.MenuItemReconciler,reconcile/1[run.halo.app.core.extension.reconciler.Request],request,6
C:\halo-main\application\src\main\java\run\halo\app\core\extension\reconciler\MenuItemReconciler.java,run.halo.app.core.extension.reconciler.MenuItemReconciler,reconcile/1[run.halo.app.core.extension.reconciler.Request],targetRef,10
C:\halo-main\application\src\main\java\run\halo\app\core\extension\reconciler\MenuItemReconciler.java,run.halo.app.core.extension.reconciler.MenuItemReconciler,reconcile/1[run.halo.app.core.extension.reconciler.Request],menuItem,4
C:\halo-main\application\src\main\java\run\halo\app\core\extension\reconciler\MenuItemReconciler.java,run.halo.app.core.extension.reconciler.MenuItemReconciler,reconcile/1[run.halo.app.core.extension.reconciler.Request],spec,2
C:\halo-main\application\src\main\java\run\halo\app\core\extension\reconciler\MenuItemReconciler.java,run.halo.app.core.extension.reconciler.MenuItemReconciler,reconcile/1[run.halo.app.core.extension.reconciler.Request],status,5
C:\halo-main\application\src\main\java\run\halo\app\core\extension\reconciler\MenuItemReconciler.java,run.halo.app.core.extension.reconciler.MenuItemReconciler,"handleTagRef/3[java.lang.String,run.halo.app.core.extension.reconciler.MenuItemStatus,run.halo.app.core.extension.reconciler.Ref]",tagRef,1
C:\halo-main\application\src\main\java\run\halo\app\core\extension\reconciler\MenuItemReconciler.java,run.halo.app.core.extension.reconciler.MenuItemReconciler,"handleTagRef/3[java.lang.String,run.halo.app.core.extension.reconciler.MenuItemStatus,run.halo.app.core.extension.reconciler.Ref]",menuItemName,1
C:\halo-main\application\src\main\java\run\halo\app\core\extension\reconciler\MenuItemReconciler.java,run.halo.app.core.extension.reconciler.MenuItemReconciler,"handleTagRef/3[java.lang.String,run.halo.app.core.extension.reconciler.MenuItemStatus,run.halo.app.core.extension.reconciler.Ref]",tag,6
C:\halo-main\application\src\main\java\run\halo\app\core\extension\reconciler\MenuItemReconciler.java,run.halo.app.core.extension.reconciler.MenuItemReconciler,"handleTagRef/3[java.lang.String,run.halo.app.core.extension.reconciler.MenuItemStatus,run.halo.app.core.extension.reconciler.Ref]",status,3
C:\halo-main\application\src\main\java\run\halo\app\core\extension\reconciler\MenuItemReconciler.java,run.halo.app.core.extension.reconciler.MenuItemReconciler,"handleMenuSpec/3[java.lang.String,run.halo.app.core.extension.reconciler.MenuItemStatus,run.halo.app.core.extension.reconciler.MenuItemSpec]",menuItemName,1
C:\halo-main\application\src\main\java\run\halo\app\core\extension\reconciler\MenuItemReconciler.java,run.halo.app.core.extension.reconciler.MenuItemReconciler,"handleMenuSpec/3[java.lang.String,run.halo.app.core.extension.reconciler.MenuItemStatus,run.halo.app.core.extension.reconciler.MenuItemSpec]",spec,4
C:\halo-main\application\src\main\java\run\halo\app\core\extension\reconciler\MenuItemReconciler.java,run.halo.app.core.extension.reconciler.MenuItemReconciler,"handleMenuSpec/3[java.lang.String,run.halo.app.core.extension.reconciler.MenuItemStatus,run.halo.app.core.extension.reconciler.MenuItemSpec]",status,3
C:\halo-main\application\src\main\java\run\halo\app\core\extension\reconciler\MenuItemReconciler.java,run.halo.app.core.extension.reconciler.MenuItemReconciler,MenuItemReconciler/1[run.halo.app.core.extension.reconciler.ExtensionClient],client,2
C:\halo-main\application\src\main\java\run\halo\app\core\extension\reconciler\MenuItemReconciler.java,run.halo.app.core.extension.reconciler.MenuItemReconciler,"handleSinglePageSpec/3[java.lang.String,run.halo.app.core.extension.reconciler.MenuItemStatus,run.halo.app.core.extension.reconciler.Ref]",menuItemName,1
C:\halo-main\application\src\main\java\run\halo\app\core\extension\reconciler\MenuItemReconciler.java,run.halo.app.core.extension.reconciler.MenuItemReconciler,"handleSinglePageSpec/3[java.lang.String,run.halo.app.core.extension.reconciler.MenuItemStatus,run.halo.app.core.extension.reconciler.Ref]",page,6
C:\halo-main\application\src\main\java\run\halo\app\core\extension\reconciler\MenuItemReconciler.java,run.halo.app.core.extension.reconciler.MenuItemReconciler,"handleSinglePageSpec/3[java.lang.String,run.halo.app.core.extension.reconciler.MenuItemStatus,run.halo.app.core.extension.reconciler.Ref]",pageRef,1
C:\halo-main\application\src\main\java\run\halo\app\core\extension\reconciler\MenuItemReconciler.java,run.halo.app.core.extension.reconciler.MenuItemReconciler,"handleSinglePageSpec/3[java.lang.String,run.halo.app.core.extension.reconciler.MenuItemStatus,run.halo.app.core.extension.reconciler.Ref]",status,3
C:\halo-main\application\src\main\java\run\halo\app\core\extension\reconciler\MenuItemReconciler.java,run.halo.app.core.extension.reconciler.MenuItemReconciler,"updateStatus/2[java.lang.String,run.halo.app.core.extension.reconciler.MenuItemStatus]",menuItemName,1
C:\halo-main\application\src\main\java\run\halo\app\core\extension\reconciler\MenuItemReconciler.java,run.halo.app.core.extension.reconciler.MenuItemReconciler,"updateStatus/2[java.lang.String,run.halo.app.core.extension.reconciler.MenuItemStatus]",menuItem,4
C:\halo-main\application\src\main\java\run\halo\app\core\extension\reconciler\MenuItemReconciler.java,run.halo.app.core.extension.reconciler.MenuItemReconciler,"updateStatus/2[java.lang.String,run.halo.app.core.extension.reconciler.MenuItemStatus]",status,2
C:\halo-main\application\src\test\java\run\halo\app\plugin\PluginRequestMappingHandlerMappingTest.java,run.halo.app.plugin.PluginRequestMappingHandlerMappingTest,shouldFailWhenMissingApiVersion/0,method,1
C:\halo-main\application\src\test\java\run\halo\app\plugin\PluginRequestMappingHandlerMappingTest.java,run.halo.app.plugin.PluginRequestMappingHandlerMappingTest,getHandlerRootPathMatch/0,hm,2
C:\halo-main\application\src\test\java\run\halo\app\plugin\PluginRequestMappingHandlerMappingTest.java,run.halo.app.plugin.PluginRequestMappingHandlerMappingTest,getHandlerRootPathMatch/0,expected,1
C:\halo-main\application\src\test\java\run\halo\app\plugin\PluginRequestMappingHandlerMappingTest.java,run.halo.app.plugin.PluginRequestMappingHandlerMappingTest,getHandlerRootPathMatch/0,exchange,1
C:\halo-main\application\src\test\java\run\halo\app\plugin\PluginRequestMappingHandlerMappingTest.java,run.halo.app.plugin.PluginRequestMappingHandlerMappingTest,getHandlerRootPathMatch/0,requestPath,1
C:\halo-main\application\src\test\java\run\halo\app\plugin\PluginRequestMappingHandlerMappingTest.java,run.halo.app.plugin.PluginRequestMappingHandlerMappingTest,shouldAddPathPrefixWhenExistingApiVersion/0,method,1
C:\halo-main\application\src\test\java\run\halo\app\plugin\PluginRequestMappingHandlerMappingTest.java,run.halo.app.plugin.PluginRequestMappingHandlerMappingTest,shouldAddPathPrefixWhenExistingApiVersion/0,info,2
C:\halo-main\application\src\test\java\run\halo\app\plugin\PluginRequestMappingHandlerMappingTest.java,run.halo.app.plugin.PluginRequestMappingHandlerMappingTest,registerHandlerMethods/0,userController,1
C:\halo-main\application\src\test\java\run\halo\app\plugin\PluginRequestMappingHandlerMappingTest.java,run.halo.app.plugin.PluginRequestMappingHandlerMappingTest,registerHandlerMethods/0,mappings,2
C:\halo-main\application\src\test\java\run\halo\app\plugin\PluginRequestMappingHandlerMappingTest.java,run.halo.app.plugin.PluginRequestMappingHandlerMappingTest,unregister/0,userController,1
C:\halo-main\application\src\test\java\run\halo\app\plugin\PluginRequestMappingHandlerMappingTest.java,run.halo.app.plugin.PluginRequestMappingHandlerMappingTest,getHandlerRequestMethodNotAllowed/0,mono,1
C:\halo-main\application\src\test\java\run\halo\app\plugin\PluginRequestMappingHandlerMappingTest.java,run.halo.app.plugin.PluginRequestMappingHandlerMappingTest,getHandlerRequestMethodNotAllowed/0,ex,1
C:\halo-main\application\src\test\java\run\halo\app\plugin\PluginRequestMappingHandlerMappingTest.java,run.halo.app.plugin.PluginRequestMappingHandlerMappingTest,getHandlerRequestMethodNotAllowed/0,exchange,1
C:\halo-main\application\src\test\java\run\halo\app\plugin\PluginRequestMappingHandlerMappingTest.java,run.halo.app.plugin.PluginRequestMappingHandlerMappingTest,getHandlerRequestMethodNotAllowed/0,requestPath,1
C:\halo-main\application\src\test\java\run\halo\app\plugin\PluginRequestMappingHandlerMappingTest.java,run.halo.app.plugin.PluginRequestMappingHandlerMappingTest,getHandlerDirectMatch/0,hm,2
C:\halo-main\application\src\test\java\run\halo\app\plugin\PluginRequestMappingHandlerMappingTest.java,run.halo.app.plugin.PluginRequestMappingHandlerMappingTest,getHandlerDirectMatch/0,expected,1
C:\halo-main\application\src\test\java\run\halo\app\plugin\PluginRequestMappingHandlerMappingTest.java,run.halo.app.plugin.PluginRequestMappingHandlerMappingTest,getHandlerDirectMatch/0,exchange,1
C:\halo-main\application\src\test\java\run\halo\app\plugin\PluginRequestMappingHandlerMappingTest.java,run.halo.app.plugin.PluginRequestMappingHandlerMappingTest,getHandlerBestMatch/0,hm,2
C:\halo-main\application\src\test\java\run\halo\app\plugin\PluginRequestMappingHandlerMappingTest.java,run.halo.app.plugin.PluginRequestMappingHandlerMappingTest,getHandlerBestMatch/0,expected,1
C:\halo-main\application\src\test\java\run\halo\app\plugin\PluginRequestMappingHandlerMappingTest.java,run.halo.app.plugin.PluginRequestMappingHandlerMappingTest,getHandlerBestMatch/0,exchange,1
C:\halo-main\application\src\test\java\run\halo\app\plugin\PluginRequestMappingHandlerMappingTest.java,run.halo.app.plugin.PluginRequestMappingHandlerMappingTest,getHandlerBestMatch/0,requestPath,1
C:\halo-main\application\src\test\java\run\halo\app\plugin\PluginRequestMappingHandlerMappingTest.java,run.halo.app.plugin.PluginRequestMappingHandlerMappingTest,"assertError/3[run.halo.app.plugin.Mono<java.lang.Object>,java.lang.Class<T>,java.util.function.Consumer<T>]",mono,1
C:\halo-main\application\src\test\java\run\halo\app\plugin\PluginRequestMappingHandlerMappingTest.java,run.halo.app.plugin.PluginRequestMappingHandlerMappingTest,"assertError/3[run.halo.app.plugin.Mono<java.lang.Object>,java.lang.Class<T>,java.util.function.Consumer<T>]",exceptionClass,1
C:\halo-main\application\src\test\java\run\halo\app\plugin\PluginRequestMappingHandlerMappingTest.java,run.halo.app.plugin.PluginRequestMappingHandlerMappingTest,"assertError/3[run.halo.app.plugin.Mono<java.lang.Object>,java.lang.Class<T>,java.util.function.Consumer<T>]",error,2
C:\halo-main\application\src\test\java\run\halo\app\plugin\PluginRequestMappingHandlerMappingTest.java,run.halo.app.plugin.PluginRequestMappingHandlerMappingTest,"assertError/3[run.halo.app.plugin.Mono<java.lang.Object>,java.lang.Class<T>,java.util.function.Consumer<T>]",consumer,1
C:\halo-main\application\src\test\java\run\halo\app\plugin\PluginRequestMappingHandlerMappingTest.java,run.halo.app.plugin.PluginRequestMappingHandlerMappingTest,getMapping/1[java.lang.String[]],path,1
C:\halo-main\application\src\main\java\run\halo\app\security\authentication\pat\PatAuthenticationConverter.java,run.halo.app.security.authentication.pat.PatAuthenticationConverter,isPersonalAccessToken/1[run.halo.app.security.authentication.pat.BearerTokenAuthenticationToken],bearerToken,1
C:\halo-main\application\src\main\java\run\halo\app\security\authentication\pat\PatAuthenticationConverter.java,run.halo.app.security.authentication.pat.PatAuthenticationConverter,isPersonalAccessToken/1[run.halo.app.security.authentication.pat.BearerTokenAuthenticationToken],token,1
C:\halo-main\application\src\main\java\run\halo\app\security\authentication\pat\PatAuthenticationConverter.java,run.halo.app.security.authentication.pat.PatAuthenticationConverter,convert/1[run.halo.app.security.authentication.pat.ServerWebExchange],exchange,1
C:\halo-main\application\src\main\java\run\halo\app\security\authentication\pat\PatAuthenticationConverter.java,run.halo.app.security.authentication.pat.PatAuthenticationConverter,convert/1[run.halo.app.security.authentication.pat.ServerWebExchange],token,1
C:\halo-main\application\src\main\java\run\halo\app\theme\finders\impl\PostFinderImpl.java,run.halo.app.theme.finders.impl.PostFinderImpl,"listByOwner/3[java.lang.Integer,java.lang.Integer,java.lang.String]",owner,1
C:\halo-main\application\src\main\java\run\halo\app\theme\finders\impl\PostFinderImpl.java,run.halo.app.theme.finders.impl.PostFinderImpl,"listByOwner/3[java.lang.Integer,java.lang.Integer,java.lang.String]",size,1
C:\halo-main\application\src\main\java\run\halo\app\theme\finders\impl\PostFinderImpl.java,run.halo.app.theme.finders.impl.PostFinderImpl,"listByOwner/3[java.lang.Integer,java.lang.Integer,java.lang.String]",post,1
C:\halo-main\application\src\main\java\run\halo\app\theme\finders\impl\PostFinderImpl.java,run.halo.app.theme.finders.impl.PostFinderImpl,"listByOwner/3[java.lang.Integer,java.lang.Integer,java.lang.String]",page,1
C:\halo-main\application\src\main\java\run\halo\app\theme\finders\impl\PostFinderImpl.java,run.halo.app.theme.finders.impl.PostFinderImpl,defaultComparator/0,publishTime,1
C:\halo-main\application\src\main\java\run\halo\app\theme\finders\impl\PostFinderImpl.java,run.halo.app.theme.finders.impl.PostFinderImpl,defaultComparator/0,pinned,1
C:\halo-main\application\src\main\java\run\halo\app\theme\finders\impl\PostFinderImpl.java,run.halo.app.theme.finders.impl.PostFinderImpl,defaultComparator/0,post,7
C:\halo-main\application\src\main\java\run\halo\app\theme\finders\impl\PostFinderImpl.java,run.halo.app.theme.finders.impl.PostFinderImpl,defaultComparator/0,name,1
C:\halo-main\application\src\main\java\run\halo\app\theme\finders\impl\PostFinderImpl.java,run.halo.app.theme.finders.impl.PostFinderImpl,defaultComparator/0,priority,1
C:\halo-main\application\src\main\java\run\halo\app\theme\finders\impl\PostFinderImpl.java,run.halo.app.theme.finders.impl.PostFinderImpl,archiveComparator/0,publishTime,1
C:\halo-main\application\src\main\java\run\halo\app\theme\finders\impl\PostFinderImpl.java,run.halo.app.theme.finders.impl.PostFinderImpl,archiveComparator/0,post,3
C:\halo-main\application\src\main\java\run\halo\app\theme\finders\impl\PostFinderImpl.java,run.halo.app.theme.finders.impl.PostFinderImpl,archiveComparator/0,name,1
C:\halo-main\application\src\main\java\run\halo\app\theme\finders\impl\PostFinderImpl.java,run.halo.app.theme.finders.impl.PostFinderImpl,getByName/1[java.lang.String],postName,2
C:\halo-main\application\src\main\java\run\halo\app\theme\finders\impl\PostFinderImpl.java,run.halo.app.theme.finders.impl.PostFinderImpl,getByName/1[java.lang.String],postVo,2
C:\halo-main\application\src\main\java\run\halo\app\theme\finders\impl\PostFinderImpl.java,run.halo.app.theme.finders.impl.PostFinderImpl,pageNullSafe/1[java.lang.Integer],page,1
C:\halo-main\application\src\main\java\run\halo\app\theme\finders\impl\PostFinderImpl.java,run.halo.app.theme.finders.impl.PostFinderImpl,"postPreviousNextPair/2[java.util.List<java.lang.String>,java.lang.String]",postNames,1
C:\halo-main\application\src\main\java\run\halo\app\theme\finders\impl\PostFinderImpl.java,run.halo.app.theme.finders.impl.PostFinderImpl,"postPreviousNextPair/2[java.util.List<java.lang.String>,java.lang.String]",previousPostName,2
C:\halo-main\application\src\main\java\run\halo\app\theme\finders\impl\PostFinderImpl.java,run.halo.app.theme.finders.impl.PostFinderImpl,"postPreviousNextPair/2[java.util.List<java.lang.String>,java.lang.String]",currentName,2
C:\halo-main\application\src\main\java\run\halo\app\theme\finders\impl\PostFinderImpl.java,run.halo.app.theme.finders.impl.PostFinderImpl,"postPreviousNextPair/2[java.util.List<java.lang.String>,java.lang.String]",postName,1
C:\halo-main\application\src\main\java\run\halo\app\theme\finders\impl\PostFinderImpl.java,run.halo.app.theme.finders.impl.PostFinderImpl,"postPreviousNextPair/2[java.util.List<java.lang.String>,java.lang.String]",elements,5
C:\halo-main\application\src\main\java\run\halo\app\theme\finders\impl\PostFinderImpl.java,run.halo.app.theme.finders.impl.PostFinderImpl,"postPreviousNextPair/2[java.util.List<java.lang.String>,java.lang.String]",index,7
C:\halo-main\application\src\main\java\run\halo\app\theme\finders\impl\PostFinderImpl.java,run.halo.app.theme.finders.impl.PostFinderImpl,"postPreviousNextPair/2[java.util.List<java.lang.String>,java.lang.String]",window,4
C:\halo-main\application\src\main\java\run\halo\app\theme\finders\impl\PostFinderImpl.java,run.halo.app.theme.finders.impl.PostFinderImpl,"postPreviousNextPair/2[java.util.List<java.lang.String>,java.lang.String]",nextPostName,2
C:\halo-main\application\src\main\java\run\halo\app\theme\finders\impl\PostFinderImpl.java,run.halo.app.theme.finders.impl.PostFinderImpl,content/1[java.lang.String],postName,1
C:\halo-main\application\src\main\java\run\halo\app\theme\finders\impl\PostFinderImpl.java,run.halo.app.theme.finders.impl.PostFinderImpl,content/1[java.lang.String],wrapper,2
C:\halo-main\application\src\main\java\run\halo\app\theme\finders\impl\PostFinderImpl.java,run.halo.app.theme.finders.impl.PostFinderImpl,sizeNullSafe/1[java.lang.Integer],size,1
C:\halo-main\application\src\main\java\run\halo\app\theme\finders\impl\PostFinderImpl.java,run.halo.app.theme.finders.impl.PostFinderImpl,"archives/4[java.lang.Integer,java.lang.Integer,java.lang.String,java.lang.String]",year,3
C:\halo-main\application\src\main\java\run\halo\app\theme\finders\impl\PostFinderImpl.java,run.halo.app.theme.finders.impl.PostFinderImpl,"archives/4[java.lang.Integer,java.lang.Integer,java.lang.String,java.lang.String]",monthArchives,1
C:\halo-main\application\src\main\java\run\halo\app\theme\finders\impl\PostFinderImpl.java,run.halo.app.theme.finders.impl.PostFinderImpl,"archives/4[java.lang.Integer,java.lang.Integer,java.lang.String,java.lang.String]",monthPosts,1
C:\halo-main\application\src\main\java\run\halo\app\theme\finders\impl\PostFinderImpl.java,run.halo.app.theme.finders.impl.PostFinderImpl,"archives/4[java.lang.Integer,java.lang.Integer,java.lang.String,java.lang.String]",list,4
C:\halo-main\application\src\main\java\run\halo\app\theme\finders\impl\PostFinderImpl.java,run.halo.app.theme.finders.impl.PostFinderImpl,"archives/4[java.lang.Integer,java.lang.Integer,java.lang.String,java.lang.String]",monthMatch,1
C:\halo-main\application\src\main\java\run\halo\app\theme\finders\impl\PostFinderImpl.java,run.halo.app.theme.finders.impl.PostFinderImpl,"archives/4[java.lang.Integer,java.lang.Integer,java.lang.String,java.lang.String]",labels,3
C:\halo-main\application\src\main\java\run\halo\app\theme\finders\impl\PostFinderImpl.java,run.halo.app.theme.finders.impl.PostFinderImpl,"archives/4[java.lang.Integer,java.lang.Integer,java.lang.String,java.lang.String]",monthEntry,2
C:\halo-main\application\src\main\java\run\halo\app\theme\finders\impl\PostFinderImpl.java,run.halo.app.theme.finders.impl.PostFinderImpl,"archives/4[java.lang.Integer,java.lang.Integer,java.lang.String,java.lang.String]",entry,2
C:\halo-main\application\src\main\java\run\halo\app\theme\finders\impl\PostFinderImpl.java,run.halo.app.theme.finders.impl.PostFinderImpl,"archives/4[java.lang.Integer,java.lang.Integer,java.lang.String,java.lang.String]",size,2
C:\halo-main\application\src\main\java\run\halo\app\theme\finders\impl\PostFinderImpl.java,run.halo.app.theme.finders.impl.PostFinderImpl,"archives/4[java.lang.Integer,java.lang.Integer,java.lang.String,java.lang.String]",month,3
C:\halo-main\application\src\main\java\run\halo\app\theme\finders\impl\PostFinderImpl.java,run.halo.app.theme.finders.impl.PostFinderImpl,"archives/4[java.lang.Integer,java.lang.Integer,java.lang.String,java.lang.String]",post,5
C:\halo-main\application\src\main\java\run\halo\app\theme\finders\impl\PostFinderImpl.java,run.halo.app.theme.finders.impl.PostFinderImpl,"archives/4[java.lang.Integer,java.lang.Integer,java.lang.String,java.lang.String]",yearMatch,1
C:\halo-main\application\src\main\java\run\halo\app\theme\finders\impl\PostFinderImpl.java,run.halo.app.theme.finders.impl.PostFinderImpl,"archives/4[java.lang.Integer,java.lang.Integer,java.lang.String,java.lang.String]",yearPosts,1
C:\halo-main\application\src\main\java\run\halo\app\theme\finders\impl\PostFinderImpl.java,run.halo.app.theme.finders.impl.PostFinderImpl,"archives/4[java.lang.Integer,java.lang.Integer,java.lang.String,java.lang.String]",page,2
C:\halo-main\application\src\main\java\run\halo\app\theme\finders\impl\PostFinderImpl.java,run.halo.app.theme.finders.impl.PostFinderImpl,"archives/4[java.lang.Integer,java.lang.Integer,java.lang.String,java.lang.String]",postArchives,1
C:\halo-main\application\src\main\java\run\halo\app\theme\finders\impl\PostFinderImpl.java,run.halo.app.theme.finders.impl.PostFinderImpl,"archives/4[java.lang.Integer,java.lang.Integer,java.lang.String,java.lang.String]",key,1
C:\halo-main\application\src\main\java\run\halo\app\theme\finders\impl\PostFinderImpl.java,run.halo.app.theme.finders.impl.PostFinderImpl,"listByTag/3[java.lang.Integer,java.lang.Integer,java.lang.String]",size,1
C:\halo-main\application\src\main\java\run\halo\app\theme\finders\impl\PostFinderImpl.java,run.halo.app.theme.finders.impl.PostFinderImpl,"listByTag/3[java.lang.Integer,java.lang.Integer,java.lang.String]",post,1
C:\halo-main\application\src\main\java\run\halo\app\theme\finders\impl\PostFinderImpl.java,run.halo.app.theme.finders.impl.PostFinderImpl,"listByTag/3[java.lang.Integer,java.lang.Integer,java.lang.String]",page,1
C:\halo-main\application\src\main\java\run\halo\app\theme\finders\impl\PostFinderImpl.java,run.halo.app.theme.finders.impl.PostFinderImpl,"listByTag/3[java.lang.Integer,java.lang.Integer,java.lang.String]",tag,1
C:\halo-main\application\src\main\java\run\halo\app\theme\finders\impl\PostFinderImpl.java,run.halo.app.theme.finders.impl.PostFinderImpl,populateStats/1[T],postVo,1
C:\halo-main\application\src\main\java\run\halo\app\theme\finders\impl\PostFinderImpl.java,run.halo.app.theme.finders.impl.PostFinderImpl,populateStats/1[T],counter,3
C:\halo-main\application\src\main\java\run\halo\app\theme\finders\impl\PostFinderImpl.java,run.halo.app.theme.finders.impl.PostFinderImpl,getListedPostVo/1[run.halo.app.theme.finders.impl.Post],p,17
C:\halo-main\application\src\main\java\run\halo\app\theme\finders\impl\PostFinderImpl.java,run.halo.app.theme.finders.impl.PostFinderImpl,getListedPostVo/1[run.halo.app.theme.finders.impl.Post],owner,1
C:\halo-main\application\src\main\java\run\halo\app\theme\finders\impl\PostFinderImpl.java,run.halo.app.theme.finders.impl.PostFinderImpl,getListedPostVo/1[run.halo.app.theme.finders.impl.Post],categoryNames,2
C:\halo-main\application\src\main\java\run\halo\app\theme\finders\impl\PostFinderImpl.java,run.halo.app.theme.finders.impl.PostFinderImpl,getListedPostVo/1[run.halo.app.theme.finders.impl.Post],post,1
C:\halo-main\application\src\main\java\run\halo\app\theme\finders\impl\PostFinderImpl.java,run.halo.app.theme.finders.impl.PostFinderImpl,getListedPostVo/1[run.halo.app.theme.finders.impl.Post],lp,2
C:\halo-main\application\src\main\java\run\halo\app\theme\finders\impl\PostFinderImpl.java,run.halo.app.theme.finders.impl.PostFinderImpl,getListedPostVo/1[run.halo.app.theme.finders.impl.Post],postVo,6
C:\halo-main\application\src\main\java\run\halo\app\theme\finders\impl\PostFinderImpl.java,run.halo.app.theme.finders.impl.PostFinderImpl,getListedPostVo/1[run.halo.app.theme.finders.impl.Post],tagNames,2
C:\halo-main\application\src\main\java\run\halo\app\theme\finders\impl\PostFinderImpl.java,run.halo.app.theme.finders.impl.PostFinderImpl,"contains/2[java.util.List<java.lang.String>,java.lang.String]",c,2
C:\halo-main\application\src\main\java\run\halo\app\theme\finders\impl\PostFinderImpl.java,run.halo.app.theme.finders.impl.PostFinderImpl,"contains/2[java.util.List<java.lang.String>,java.lang.String]",key,2
C:\halo-main\application\src\main\java\run\halo\app\theme\finders\impl\PostFinderImpl.java,run.halo.app.theme.finders.impl.PostFinderImpl,"listByCategory/3[java.lang.Integer,java.lang.Integer,java.lang.String]",size,1
C:\halo-main\application\src\main\java\run\halo\app\theme\finders\impl\PostFinderImpl.java,run.halo.app.theme.finders.impl.PostFinderImpl,"listByCategory/3[java.lang.Integer,java.lang.Integer,java.lang.String]",post,1
C:\halo-main\application\src\main\java\run\halo\app\theme\finders\impl\PostFinderImpl.java,run.halo.app.theme.finders.impl.PostFinderImpl,"listByCategory/3[java.lang.Integer,java.lang.Integer,java.lang.String]",page,1
C:\halo-main\application\src\main\java\run\halo\app\theme\finders\impl\PostFinderImpl.java,run.halo.app.theme.finders.impl.PostFinderImpl,"listByCategory/3[java.lang.Integer,java.lang.Integer,java.lang.String]",categoryName,1
C:\halo-main\application\src\main\java\run\halo\app\theme\finders\impl\PostFinderImpl.java,run.halo.app.theme.finders.impl.PostFinderImpl,cursor/1[java.lang.String],postNames,1
C:\halo-main\application\src\main\java\run\halo\app\theme\finders\impl\PostFinderImpl.java,run.halo.app.theme.finders.impl.PostFinderImpl,cursor/1[java.lang.String],post,1
C:\halo-main\application\src\main\java\run\halo\app\theme\finders\impl\PostFinderImpl.java,run.halo.app.theme.finders.impl.PostFinderImpl,cursor/1[java.lang.String],previousPostName,1
C:\halo-main\application\src\main\java\run\halo\app\theme\finders\impl\PostFinderImpl.java,run.halo.app.theme.finders.impl.PostFinderImpl,cursor/1[java.lang.String],currentName,2
C:\halo-main\application\src\main\java\run\halo\app\theme\finders\impl\PostFinderImpl.java,run.halo.app.theme.finders.impl.PostFinderImpl,cursor/1[java.lang.String],builder,6
C:\halo-main\application\src\main\java\run\halo\app\theme\finders\impl\PostFinderImpl.java,run.halo.app.theme.finders.impl.PostFinderImpl,cursor/1[java.lang.String],previousNextPair,2
C:\halo-main\application\src\main\java\run\halo\app\theme\finders\impl\PostFinderImpl.java,run.halo.app.theme.finders.impl.PostFinderImpl,cursor/1[java.lang.String],nextPostName,1
C:\halo-main\application\src\main\java\run\halo\app\theme\finders\impl\PostFinderImpl.java,run.halo.app.theme.finders.impl.PostFinderImpl,"listPost/4[java.lang.Integer,java.lang.Integer,java.util.function.Predicate<run.halo.app.theme.finders.impl.Post>,java.util.Comparator<run.halo.app.theme.finders.impl.Post>]",comparator,1
C:\halo-main\application\src\main\java\run\halo\app\theme\finders\impl\PostFinderImpl.java,run.halo.app.theme.finders.impl.PostFinderImpl,"listPost/4[java.lang.Integer,java.lang.Integer,java.util.function.Predicate<run.halo.app.theme.finders.impl.Post>,java.util.Comparator<run.halo.app.theme.finders.impl.Post>]",predicate,1
C:\halo-main\application\src\main\java\run\halo\app\theme\finders\impl\PostFinderImpl.java,run.halo.app.theme.finders.impl.PostFinderImpl,"listPost/4[java.lang.Integer,java.lang.Integer,java.util.function.Predicate<run.halo.app.theme.finders.impl.Post>,java.util.Comparator<run.halo.app.theme.finders.impl.Post>]",postPredicate,2
C:\halo-main\application\src\main\java\run\halo\app\theme\finders\impl\PostFinderImpl.java,run.halo.app.theme.finders.impl.PostFinderImpl,"listPost/4[java.lang.Integer,java.lang.Integer,java.util.function.Predicate<run.halo.app.theme.finders.impl.Post>,java.util.Comparator<run.halo.app.theme.finders.impl.Post>]",size,2
C:\halo-main\application\src\main\java\run\halo\app\theme\finders\impl\PostFinderImpl.java,run.halo.app.theme.finders.impl.PostFinderImpl,"listPost/4[java.lang.Integer,java.lang.Integer,java.util.function.Predicate<run.halo.app.theme.finders.impl.Post>,java.util.Comparator<run.halo.app.theme.finders.impl.Post>]",post,2
C:\halo-main\application\src\main\java\run\halo\app\theme\finders\impl\PostFinderImpl.java,run.halo.app.theme.finders.impl.PostFinderImpl,"listPost/4[java.lang.Integer,java.lang.Integer,java.util.function.Predicate<run.halo.app.theme.finders.impl.Post>,java.util.Comparator<run.halo.app.theme.finders.impl.Post>]",postVos,1
C:\halo-main\application\src\main\java\run\halo\app\theme\finders\impl\PostFinderImpl.java,run.halo.app.theme.finders.impl.PostFinderImpl,"listPost/4[java.lang.Integer,java.lang.Integer,java.util.function.Predicate<run.halo.app.theme.finders.impl.Post>,java.util.Comparator<run.halo.app.theme.finders.impl.Post>]",postVo,3
C:\halo-main\application\src\main\java\run\halo\app\theme\finders\impl\PostFinderImpl.java,run.halo.app.theme.finders.impl.PostFinderImpl,"listPost/4[java.lang.Integer,java.lang.Integer,java.util.function.Predicate<run.halo.app.theme.finders.impl.Post>,java.util.Comparator<run.halo.app.theme.finders.impl.Post>]",page,2
C:\halo-main\application\src\main\java\run\halo\app\theme\finders\impl\PostFinderImpl.java,run.halo.app.theme.finders.impl.PostFinderImpl,"listPost/4[java.lang.Integer,java.lang.Integer,java.util.function.Predicate<run.halo.app.theme.finders.impl.Post>,java.util.Comparator<run.halo.app.theme.finders.impl.Post>]",list,4
C:\halo-main\application\src\main\java\run\halo\app\theme\finders\impl\PostFinderImpl.java,run.halo.app.theme.finders.impl.PostFinderImpl,"list/2[java.lang.Integer,java.lang.Integer]",size,1
C:\halo-main\application\src\main\java\run\halo\app\theme\finders\impl\PostFinderImpl.java,run.halo.app.theme.finders.impl.PostFinderImpl,"list/2[java.lang.Integer,java.lang.Integer]",page,1
C:\halo-main\application\src\main\java\run\halo\app\theme\finders\impl\PostFinderImpl.java,run.halo.app.theme.finders.impl.PostFinderImpl,"archives/3[java.lang.Integer,java.lang.Integer,java.lang.String]",size,1
C:\halo-main\application\src\main\java\run\halo\app\theme\finders\impl\PostFinderImpl.java,run.halo.app.theme.finders.impl.PostFinderImpl,"archives/3[java.lang.Integer,java.lang.Integer,java.lang.String]",year,1
C:\halo-main\application\src\main\java\run\halo\app\theme\finders\impl\PostFinderImpl.java,run.halo.app.theme.finders.impl.PostFinderImpl,"archives/3[java.lang.Integer,java.lang.Integer,java.lang.String]",page,1
C:\halo-main\application\src\main\java\run\halo\app\theme\finders\impl\PostFinderImpl.java,run.halo.app.theme.finders.impl.PostFinderImpl,"archives/2[java.lang.Integer,java.lang.Integer]",size,1
C:\halo-main\application\src\main\java\run\halo\app\theme\finders\impl\PostFinderImpl.java,run.halo.app.theme.finders.impl.PostFinderImpl,"archives/2[java.lang.Integer,java.lang.Integer]",page,1
C:\halo-main\application\src\main\java\run\halo\app\infra\properties\JwtProperties.java,run.halo.app.infra.properties.JwtProperties,setPublicKeyLocation/1[run.halo.app.infra.properties.Resource],publicKeyLocation,2
C:\halo-main\application\src\main\java\run\halo\app\infra\properties\JwtProperties.java,run.halo.app.infra.properties.JwtProperties,setPrivateKeyLocation/1[run.halo.app.infra.properties.Resource],privateKeyLocation,2
C:\halo-main\application\src\main\java\run\halo\app\infra\properties\JwtProperties.java,run.halo.app.infra.properties.JwtProperties,readPublicKey/0,inputStream,1
C:\halo-main\application\src\main\java\run\halo\app\infra\properties\JwtProperties.java,run.halo.app.infra.properties.JwtProperties,readPublicKey/0,source,1
C:\halo-main\application\src\main\java\run\halo\app\infra\properties\JwtProperties.java,run.halo.app.infra.properties.JwtProperties,readPublicKey/0,key,1
C:\halo-main\application\src\main\java\run\halo\app\infra\properties\JwtProperties.java,run.halo.app.infra.properties.JwtProperties,setIssuerUri/1[java.lang.String],issuerUri,2
C:\halo-main\application\src\main\java\run\halo\app\infra\properties\JwtProperties.java,run.halo.app.infra.properties.JwtProperties,"JwtProperties/4[java.lang.String,run.halo.app.infra.properties.SignatureAlgorithm,run.halo.app.infra.properties.Resource,run.halo.app.infra.properties.Resource]",issuerUri,2
C:\halo-main\application\src\main\java\run\halo\app\infra\properties\JwtProperties.java,run.halo.app.infra.properties.JwtProperties,"JwtProperties/4[java.lang.String,run.halo.app.infra.properties.SignatureAlgorithm,run.halo.app.infra.properties.Resource,run.halo.app.infra.properties.Resource]",publicKeyLocation,2
C:\halo-main\application\src\main\java\run\halo\app\infra\properties\JwtProperties.java,run.halo.app.infra.properties.JwtProperties,"JwtProperties/4[java.lang.String,run.halo.app.infra.properties.SignatureAlgorithm,run.halo.app.infra.properties.Resource,run.halo.app.infra.properties.Resource]",jwsAlgorithm,4
C:\halo-main\application\src\main\java\run\halo\app\infra\properties\JwtProperties.java,run.halo.app.infra.properties.JwtProperties,"JwtProperties/4[java.lang.String,run.halo.app.infra.properties.SignatureAlgorithm,run.halo.app.infra.properties.Resource,run.halo.app.infra.properties.Resource]",privateKeyLocation,2
C:\halo-main\application\src\main\java\run\halo\app\infra\properties\JwtProperties.java,run.halo.app.infra.properties.JwtProperties,setJwsAlgorithm/1[run.halo.app.infra.properties.SignatureAlgorithm],jwsAlgorithm,2
C:\halo-main\application\src\main\java\run\halo\app\infra\properties\JwtProperties.java,run.halo.app.infra.properties.JwtProperties,readPrivateKey/0,inputStream,1
C:\halo-main\application\src\main\java\run\halo\app\infra\properties\JwtProperties.java,run.halo.app.infra.properties.JwtProperties,readPrivateKey/0,source,1
C:\halo-main\application\src\main\java\run\halo\app\infra\properties\JwtProperties.java,run.halo.app.infra.properties.JwtProperties,readPrivateKey/0,key,1
C:\halo-main\application\src\main\java\run\halo\app\extension\controller\DefaultControllerManager.java,run.halo.app.extension.controller.DefaultControllerManager,disposeSilently/1[run.halo.app.extension.controller.Controller],controller,5
C:\halo-main\application\src\main\java\run\halo\app\extension\controller\DefaultControllerManager.java,run.halo.app.extension.controller.DefaultControllerManager,disposeSilently/1[run.halo.app.extension.controller.Controller],t,1
C:\halo-main\application\src\main\java\run\halo\app\extension\controller\DefaultControllerManager.java,run.halo.app.extension.controller.DefaultControllerManager,destroy/0,controller,1
C:\halo-main\application\src\main\java\run\halo\app\extension\controller\DefaultControllerManager.java,run.halo.app.extension.controller.DefaultControllerManager,destroy/0,name,0
C:\halo-main\application\src\main\java\run\halo\app\extension\controller\DefaultControllerManager.java,run.halo.app.extension.controller.DefaultControllerManager,DefaultControllerManager/1[run.halo.app.extension.controller.ExtensionClient],client,2
C:\halo-main\application\src\main\java\run\halo\app\extension\controller\DefaultControllerManager.java,run.halo.app.extension.controller.DefaultControllerManager,start/1[run.halo.app.extension.controller.Reconciler<run.halo.app.extension.controller.Request>],reconciler,3
C:\halo-main\application\src\main\java\run\halo\app\extension\controller\DefaultControllerManager.java,run.halo.app.extension.controller.DefaultControllerManager,start/1[run.halo.app.extension.controller.Reconciler<run.halo.app.extension.controller.Request>],controller,2
C:\halo-main\application\src\main\java\run\halo\app\extension\controller\DefaultControllerManager.java,run.halo.app.extension.controller.DefaultControllerManager,start/1[run.halo.app.extension.controller.Reconciler<run.halo.app.extension.controller.Request>],builder,1
C:\halo-main\application\src\main\java\run\halo\app\extension\controller\DefaultControllerManager.java,run.halo.app.extension.controller.DefaultControllerManager,setApplicationContext/1[run.halo.app.extension.controller.ApplicationContext],applicationContext,2
C:\halo-main\application\src\main\java\run\halo\app\extension\controller\DefaultControllerManager.java,run.halo.app.extension.controller.DefaultControllerManager,stop/1[run.halo.app.extension.controller.Reconciler<run.halo.app.extension.controller.Request>],reconciler,1
C:\halo-main\application\src\main\java\run\halo\app\extension\controller\DefaultControllerManager.java,run.halo.app.extension.controller.DefaultControllerManager,stop/1[run.halo.app.extension.controller.Reconciler<run.halo.app.extension.controller.Request>],controller,1
C:\halo-main\application\src\main\java\run\halo\app\extension\controller\DefaultControllerManager.java,run.halo.app.extension.controller.DefaultControllerManager,onApplicationEvent/1[run.halo.app.infra.ExtensionInitializedEvent],event,0
C:\halo-main\application\src\test\java\run\halo\app\infra\utils\FileNameUtilsTest.java,run.halo.app.infra.utils.FileNameUtilsTest$AppendRandomFileNameTest,normalFileName/0,randomFileName,12
C:\halo-main\application\src\main\java\run\halo\app\plugin\PluginApplicationContext.java,run.halo.app.plugin.PluginApplicationContext$GvkExtensionMapping,"addExtensionMapping/2[run.halo.app.plugin.GroupVersionKind,java.lang.String]",extensionName,1
C:\halo-main\application\src\main\java\run\halo\app\plugin\PluginApplicationContext.java,run.halo.app.plugin.PluginApplicationContext$GvkExtensionMapping,"addExtensionMapping/2[run.halo.app.plugin.GroupVersionKind,java.lang.String]",stamp,1
C:\halo-main\application\src\main\java\run\halo\app\plugin\PluginApplicationContext.java,run.halo.app.plugin.PluginApplicationContext$GvkExtensionMapping,"addExtensionMapping/2[run.halo.app.plugin.GroupVersionKind,java.lang.String]",gvk,1
C:\halo-main\application\src\main\java\run\halo\app\plugin\PluginApplicationContext.java,run.halo.app.plugin.PluginApplicationContext$GvkExtensionMapping,"addAllExtensionMapping/2[run.halo.app.plugin.GroupVersionKind,java.util.List<java.lang.String>]",extensionNames,1
C:\halo-main\application\src\main\java\run\halo\app\plugin\PluginApplicationContext.java,run.halo.app.plugin.PluginApplicationContext$GvkExtensionMapping,"addAllExtensionMapping/2[run.halo.app.plugin.GroupVersionKind,java.util.List<java.lang.String>]",stamp,1
C:\halo-main\application\src\main\java\run\halo\app\plugin\PluginApplicationContext.java,run.halo.app.plugin.PluginApplicationContext$GvkExtensionMapping,"addAllExtensionMapping/2[run.halo.app.plugin.GroupVersionKind,java.util.List<java.lang.String>]",gvk,1
C:\halo-main\application\src\main\java\run\halo\app\plugin\PluginApplicationContext.java,run.halo.app.plugin.PluginApplicationContext$GvkExtensionMapping,getExtensionNames/1[run.halo.app.plugin.GroupVersionKind],values,1
C:\halo-main\application\src\main\java\run\halo\app\plugin\PluginApplicationContext.java,run.halo.app.plugin.PluginApplicationContext$GvkExtensionMapping,getExtensionNames/1[run.halo.app.plugin.GroupVersionKind],stamp,3
C:\halo-main\application\src\main\java\run\halo\app\plugin\PluginApplicationContext.java,run.halo.app.plugin.PluginApplicationContext$GvkExtensionMapping,getExtensionNames/1[run.halo.app.plugin.GroupVersionKind],gvk,3
C:\halo-main\application\src\main\java\run\halo\app\security\AuthProviderService.java,run.halo.app.security.AuthProviderService,enable/1[java.lang.String],name,0
C:\halo-main\application\src\main\java\run\halo\app\security\AuthProviderService.java,run.halo.app.security.AuthProviderService,disable/1[java.lang.String],name,0
C:\halo-main\application\src\test\java\run\halo\app\content\TestPost.java,run.halo.app.content.TestPost,postV1/0,metadata,2
C:\halo-main\application\src\test\java\run\halo\app\content\TestPost.java,run.halo.app.content.TestPost,postV1/0,post,5
C:\halo-main\application\src\test\java\run\halo\app\content\TestPost.java,run.halo.app.content.TestPost,postV1/0,postSpec,5
C:\halo-main\application\src\test\java\run\halo\app\content\TestPost.java,run.halo.app.content.TestPost,snapshotV3/0,snapshotV3,5
C:\halo-main\application\src\test\java\run\halo\app\content\TestPost.java,run.halo.app.content.TestPost,snapshotV3/0,spec,3
C:\halo-main\application\src\test\java\run\halo\app\content\TestPost.java,run.halo.app.content.TestPost,getApiVersion/1[java.lang.Class<? extends run.halo.app.content.AbstractExtension>],annotation,2
C:\halo-main\application\src\test\java\run\halo\app\content\TestPost.java,run.halo.app.content.TestPost,getApiVersion/1[java.lang.Class<? extends run.halo.app.content.AbstractExtension>],extension,1
C:\halo-main\application\src\test\java\run\halo\app\content\TestPost.java,run.halo.app.content.TestPost,snapshotV2/0,metadata,3
C:\halo-main\application\src\test\java\run\halo\app\content\TestPost.java,run.halo.app.content.TestPost,snapshotV2/0,snapshot,6
C:\halo-main\application\src\test\java\run\halo\app\content\TestPost.java,run.halo.app.content.TestPost,snapshotV2/0,spec,4
C:\halo-main\application\src\test\java\run\halo\app\content\TestPost.java,run.halo.app.content.TestPost,snapshotV1/0,metadata,3
C:\halo-main\application\src\test\java\run\halo\app\content\TestPost.java,run.halo.app.content.TestPost,snapshotV1/0,snapshot,7
C:\halo-main\application\src\test\java\run\halo\app\content\TestPost.java,run.halo.app.content.TestPost,snapshotV1/0,spec,4
C:\halo-main\application\src\main\java\run\halo\app\infra\utils\VersionUtils.java,run.halo.app.infra.utils.VersionUtils,"checkVersionConstraint/2[java.lang.String,java.lang.String]",e,1
C:\halo-main\application\src\main\java\run\halo\app\infra\utils\VersionUtils.java,run.halo.app.infra.utils.VersionUtils,"checkVersionConstraint/2[java.lang.String,java.lang.String]",constraint,3
C:\halo-main\application\src\main\java\run\halo\app\infra\utils\VersionUtils.java,run.halo.app.infra.utils.VersionUtils,"checkVersionConstraint/2[java.lang.String,java.lang.String]",version,1
C:\halo-main\application\src\main\java\run\halo\app\infra\utils\VersionUtils.java,run.halo.app.infra.utils.VersionUtils,"satisfiesRequires/2[java.lang.String,java.lang.String]",requiresVersion,4
C:\halo-main\application\src\main\java\run\halo\app\infra\utils\VersionUtils.java,run.halo.app.infra.utils.VersionUtils,"satisfiesRequires/2[java.lang.String,java.lang.String]",version,2
C:\halo-main\application\src\main\java\run\halo\app\infra\utils\VersionUtils.java,run.halo.app.infra.utils.VersionUtils,"satisfiesRequires/2[java.lang.String,java.lang.String]",requires,1
C:\halo-main\application\src\main\java\run\halo\app\config\ExtensionConfiguration.java,run.halo.app.config.ExtensionConfiguration$ExtensionControllerConfiguration,controllerManager/1[run.halo.app.config.ExtensionClient],client,1
C:\halo-main\application\src\test\java\run\halo\app\theme\engine\DefaultThemeTemplateAvailabilityProviderTest.java,run.halo.app.theme.engine.DefaultThemeTemplateAvailabilityProviderTest,templateAvailableTest/0,templateAvailable,5
C:\halo-main\application\src\test\java\run\halo\app\theme\engine\DefaultThemeTemplateAvailabilityProviderTest.java,run.halo.app.theme.engine.DefaultThemeTemplateAvailabilityProviderTest,templateAvailableTest/0,themePath,1
C:\halo-main\application\src\test\java\run\halo\app\theme\engine\DefaultThemeTemplateAvailabilityProviderTest.java,run.halo.app.theme.engine.DefaultThemeTemplateAvailabilityProviderTest,templateAvailableTest/0,themeContext,3
C:\halo-main\application\src\test\java\run\halo\app\theme\engine\DefaultThemeTemplateAvailabilityProviderTest.java,run.halo.app.theme.engine.DefaultThemeTemplateAvailabilityProviderTest,templateAvailableTest/0,themeUrl,1
C:\halo-main\application\src\main\java\run\halo\app\extension\store\ExtensionStoreRepository.java,run.halo.app.extension.store.ExtensionStoreRepository,findAllByNameStartingWith/1[java.lang.String],prefix,0
C:\halo-main\application\src\main\java\run\halo\app\search\post\PostEventReconciler.java,run.halo.app.search.post.PostEventReconciler,deletePostDoc/1[java.lang.String],e,1
C:\halo-main\application\src\main\java\run\halo\app\search\post\PostEventReconciler.java,run.halo.app.search.post.PostEventReconciler,deletePostDoc/1[java.lang.String],searchService,1
C:\halo-main\application\src\main\java\run\halo\app\search\post\PostEventReconciler.java,run.halo.app.search.post.PostEventReconciler,deletePostDoc/1[java.lang.String],service,0
C:\halo-main\application\src\main\java\run\halo\app\search\post\PostEventReconciler.java,run.halo.app.search.post.PostEventReconciler,deletePostDoc/1[java.lang.String],postName,1
C:\halo-main\application\src\main\java\run\halo\app\search\post\PostEventReconciler.java,run.halo.app.search.post.PostEventReconciler,deletePostDoc/1[java.lang.String],signalType,0
C:\halo-main\application\src\main\java\run\halo\app\search\post\PostEventReconciler.java,run.halo.app.search.post.PostEventReconciler,deletePostDoc/1[java.lang.String],throwable,1
C:\halo-main\application\src\main\java\run\halo\app\search\post\PostEventReconciler.java,run.halo.app.search.post.PostEventReconciler,deletePostDoc/1[java.lang.String],latch,2
C:\halo-main\application\src\main\java\run\halo\app\search\post\PostEventReconciler.java,run.halo.app.search.post.PostEventReconciler,deletePostDoc/1[java.lang.String],disposable,1
C:\halo-main\application\src\main\java\run\halo\app\search\post\PostEventReconciler.java,run.halo.app.search.post.PostEventReconciler,reconcile/1[run.halo.app.event.post.PostEvent],e,3
C:\halo-main\application\src\main\java\run\halo\app\search\post\PostEventReconciler.java,run.halo.app.search.post.PostEventReconciler,reconcile/1[run.halo.app.event.post.PostEvent],postEvent,5
C:\halo-main\application\src\main\java\run\halo\app\search\post\PostEventReconciler.java,run.halo.app.search.post.PostEventReconciler,addPostDoc/1[java.lang.String],e,1
C:\halo-main\application\src\main\java\run\halo\app\search\post\PostEventReconciler.java,run.halo.app.search.post.PostEventReconciler,addPostDoc/1[java.lang.String],postDoc,1
C:\halo-main\application\src\main\java\run\halo\app\search\post\PostEventReconciler.java,run.halo.app.search.post.PostEventReconciler,addPostDoc/1[java.lang.String],searchService,1
C:\halo-main\application\src\main\java\run\halo\app\search\post\PostEventReconciler.java,run.halo.app.search.post.PostEventReconciler,addPostDoc/1[java.lang.String],service,0
C:\halo-main\application\src\main\java\run\halo\app\search\post\PostEventReconciler.java,run.halo.app.search.post.PostEventReconciler,addPostDoc/1[java.lang.String],postName,1
C:\halo-main\application\src\main\java\run\halo\app\search\post\PostEventReconciler.java,run.halo.app.search.post.PostEventReconciler,addPostDoc/1[java.lang.String],signalType,0
C:\halo-main\application\src\main\java\run\halo\app\search\post\PostEventReconciler.java,run.halo.app.search.post.PostEventReconciler,addPostDoc/1[java.lang.String],throwable,1
C:\halo-main\application\src\main\java\run\halo\app\search\post\PostEventReconciler.java,run.halo.app.search.post.PostEventReconciler,addPostDoc/1[java.lang.String],latch,2
C:\halo-main\application\src\main\java\run\halo\app\search\post\PostEventReconciler.java,run.halo.app.search.post.PostEventReconciler,addPostDoc/1[java.lang.String],disposable,1
C:\halo-main\application\src\main\java\run\halo\app\search\post\PostEventReconciler.java,run.halo.app.search.post.PostEventReconciler,handlePostRecycled/1[run.halo.app.event.post.PostRecycledEvent],recycledEvent,1
C:\halo-main\application\src\main\java\run\halo\app\search\post\PostEventReconciler.java,run.halo.app.search.post.PostEventReconciler,setupWith/1[run.halo.app.search.post.ControllerBuilder],builder,0
C:\halo-main\application\src\main\java\run\halo\app\search\post\PostEventReconciler.java,run.halo.app.search.post.PostEventReconciler,handlePostUnpublished/1[run.halo.app.event.post.PostUnpublishedEvent],unpublishedEvent,1
C:\halo-main\application\src\main\java\run\halo\app\search\post\PostEventReconciler.java,run.halo.app.search.post.PostEventReconciler,"PostEventReconciler/2[run.halo.app.plugin.extensionpoint.ExtensionGetter,run.halo.app.theme.finders.PostFinder]",postFinder,2
C:\halo-main\application\src\main\java\run\halo\app\search\post\PostEventReconciler.java,run.halo.app.search.post.PostEventReconciler,"PostEventReconciler/2[run.halo.app.plugin.extensionpoint.ExtensionGetter,run.halo.app.theme.finders.PostFinder]",extensionGetter,2
C:\halo-main\application\src\main\java\run\halo\app\search\post\PostEventReconciler.java,run.halo.app.search.post.PostEventReconciler,handlePostPublished/1[run.halo.app.event.post.PostPublishedEvent],publishedEvent,1
C:\halo-main\application\src\main\java\run\halo\app\theme\finders\PluginFinder.java,run.halo.app.theme.finders.PluginFinder,available/1[java.lang.String],pluginName,0
C:\halo-main\application\src\main\java\run\halo\app\theme\finders\FinderRegistry.java,run.halo.app.theme.finders.FinderRegistry,FinderRegistry/1[run.halo.app.theme.finders.ApplicationContext],applicationContext,2
C:\halo-main\application\src\main\java\run\halo\app\theme\finders\FinderRegistry.java,run.halo.app.theme.finders.FinderRegistry,"registerFinder/2[java.lang.String,java.lang.Object]",name,3
C:\halo-main\application\src\main\java\run\halo\app\theme\finders\FinderRegistry.java,run.halo.app.theme.finders.FinderRegistry,"registerFinder/2[java.lang.String,java.lang.Object]",finder,1
C:\halo-main\application\src\main\java\run\halo\app\theme\finders\FinderRegistry.java,run.halo.app.theme.finders.FinderRegistry,registerFinder/1[java.lang.Object],annotation,2
C:\halo-main\application\src\main\java\run\halo\app\theme\finders\FinderRegistry.java,run.halo.app.theme.finders.FinderRegistry,registerFinder/1[java.lang.Object],name,4
C:\halo-main\application\src\main\java\run\halo\app\theme\finders\FinderRegistry.java,run.halo.app.theme.finders.FinderRegistry,registerFinder/1[java.lang.Object],finder,3
C:\halo-main\application\src\main\java\run\halo\app\theme\finders\FinderRegistry.java,run.halo.app.theme.finders.FinderRegistry,get/1[java.lang.String],name,1
C:\halo-main\application\src\main\java\run\halo\app\theme\finders\FinderRegistry.java,run.halo.app.theme.finders.FinderRegistry,onPluginStarted/1[run.halo.app.plugin.event.HaloPluginStartedEvent],finderObject,1
C:\halo-main\application\src\main\java\run\halo\app\theme\finders\FinderRegistry.java,run.halo.app.theme.finders.FinderRegistry,onPluginStarted/1[run.halo.app.plugin.event.HaloPluginStartedEvent],pluginId,2
C:\halo-main\application\src\main\java\run\halo\app\theme\finders\FinderRegistry.java,run.halo.app.theme.finders.FinderRegistry,onPluginStarted/1[run.halo.app.plugin.event.HaloPluginStartedEvent],finderName,1
C:\halo-main\application\src\main\java\run\halo\app\theme\finders\FinderRegistry.java,run.halo.app.theme.finders.FinderRegistry,onPluginStarted/1[run.halo.app.plugin.event.HaloPluginStartedEvent],beanName,0
C:\halo-main\application\src\main\java\run\halo\app\theme\finders\FinderRegistry.java,run.halo.app.theme.finders.FinderRegistry,onPluginStarted/1[run.halo.app.plugin.event.HaloPluginStartedEvent],pluginApplicationContext,1
C:\halo-main\application\src\main\java\run\halo\app\theme\finders\FinderRegistry.java,run.halo.app.theme.finders.FinderRegistry,onPluginStarted/1[run.halo.app.plugin.event.HaloPluginStartedEvent],k,0
C:\halo-main\application\src\main\java\run\halo\app\theme\finders\FinderRegistry.java,run.halo.app.theme.finders.FinderRegistry,onPluginStarted/1[run.halo.app.plugin.event.HaloPluginStartedEvent],event,1
C:\halo-main\application\src\main\java\run\halo\app\theme\finders\FinderRegistry.java,run.halo.app.theme.finders.FinderRegistry,removeFinder/1[java.lang.String],name,1
C:\halo-main\application\src\main\java\run\halo\app\theme\finders\FinderRegistry.java,run.halo.app.theme.finders.FinderRegistry,"addPluginFinder/2[java.lang.String,java.lang.String]",pluginId,1
C:\halo-main\application\src\main\java\run\halo\app\theme\finders\FinderRegistry.java,run.halo.app.theme.finders.FinderRegistry,"addPluginFinder/2[java.lang.String,java.lang.String]",finderName,1
C:\halo-main\application\src\main\java\run\halo\app\theme\finders\FinderRegistry.java,run.halo.app.theme.finders.FinderRegistry,"addPluginFinder/2[java.lang.String,java.lang.String]",k,0
C:\halo-main\application\src\main\java\run\halo\app\theme\finders\FinderRegistry.java,run.halo.app.theme.finders.FinderRegistry,afterPropertiesSet/0,v,1
C:\halo-main\application\src\main\java\run\halo\app\theme\finders\FinderRegistry.java,run.halo.app.theme.finders.FinderRegistry,afterPropertiesSet/0,k,0
C:\halo-main\application\src\main\java\run\halo\app\theme\finders\FinderRegistry.java,run.halo.app.theme.finders.FinderRegistry,onPluginStopped/1[run.halo.app.plugin.event.HaloPluginStoppedEvent],pluginId,2
C:\halo-main\application\src\main\java\run\halo\app\theme\finders\FinderRegistry.java,run.halo.app.theme.finders.FinderRegistry,onPluginStopped/1[run.halo.app.plugin.event.HaloPluginStoppedEvent],containsKey,2
C:\halo-main\application\src\main\java\run\halo\app\theme\finders\FinderRegistry.java,run.halo.app.theme.finders.FinderRegistry,onPluginStopped/1[run.halo.app.plugin.event.HaloPluginStoppedEvent],event,1
C:\halo-main\application\src\main\java\run\halo\app\theme\message\ThemeMessageResolver.java,run.halo.app.theme.message.ThemeMessageResolver,"formatMessage/3[java.util.Locale,java.lang.String,java.lang.Object[]]",messageParameters,1
C:\halo-main\application\src\main\java\run\halo\app\theme\message\ThemeMessageResolver.java,run.halo.app.theme.message.ThemeMessageResolver,"formatMessage/3[java.util.Locale,java.lang.String,java.lang.Object[]]",locale,1
C:\halo-main\application\src\main\java\run\halo\app\theme\message\ThemeMessageResolver.java,run.halo.app.theme.message.ThemeMessageResolver,"formatMessage/3[java.util.Locale,java.lang.String,java.lang.Object[]]",message,1
C:\halo-main\application\src\main\java\run\halo\app\theme\message\ThemeMessageResolver.java,run.halo.app.theme.message.ThemeMessageResolver,"resolveMessagesForTemplate/3[java.lang.String,run.halo.app.theme.message.ITemplateResource,java.util.Locale]",template,0
C:\halo-main\application\src\main\java\run\halo\app\theme\message\ThemeMessageResolver.java,run.halo.app.theme.message.ThemeMessageResolver,"resolveMessagesForTemplate/3[java.lang.String,run.halo.app.theme.message.ITemplateResource,java.util.Locale]",templateResource,0
C:\halo-main\application\src\main\java\run\halo\app\theme\message\ThemeMessageResolver.java,run.halo.app.theme.message.ThemeMessageResolver,"resolveMessagesForTemplate/3[java.lang.String,run.halo.app.theme.message.ITemplateResource,java.util.Locale]",locale,1
C:\halo-main\application\src\main\java\run\halo\app\theme\message\ThemeMessageResolver.java,run.halo.app.theme.message.ThemeMessageResolver,ThemeMessageResolver/1[run.halo.app.theme.ThemeContext],theme,2
C:\halo-main\application\src\main\java\run\halo\app\theme\message\ThemeMessageResolver.java,run.halo.app.theme.message.ThemeMessageResolver,"resolveMessagesForOrigin/2[java.lang.Class<?>,java.util.Locale]",origin,1
C:\halo-main\application\src\main\java\run\halo\app\theme\message\ThemeMessageResolver.java,run.halo.app.theme.message.ThemeMessageResolver,"resolveMessagesForOrigin/2[java.lang.Class<?>,java.util.Locale]",locale,1
C:\halo-main\application\src\main\java\run\halo\app\infra\utils\FileNameUtils.java,run.halo.app.infra.utils.FileNameUtils,"removeFileExtension/2[java.lang.String,boolean]",filename,4
C:\halo-main\application\src\main\java\run\halo\app\infra\utils\FileNameUtils.java,run.halo.app.infra.utils.FileNameUtils,"removeFileExtension/2[java.lang.String,boolean]",extPattern,1
C:\halo-main\application\src\main\java\run\halo\app\infra\utils\FileNameUtils.java,run.halo.app.infra.utils.FileNameUtils,"removeFileExtension/2[java.lang.String,boolean]",removeAllExtensions,1
C:\halo-main\application\src\main\java\run\halo\app\infra\utils\FileNameUtils.java,run.halo.app.infra.utils.FileNameUtils,"randomFileName/2[java.lang.String,int]",ext,3
C:\halo-main\application\src\main\java\run\halo\app\infra\utils\FileNameUtils.java,run.halo.app.infra.utils.FileNameUtils,"randomFileName/2[java.lang.String,int]",random,3
C:\halo-main\application\src\main\java\run\halo\app\infra\utils\FileNameUtils.java,run.halo.app.infra.utils.FileNameUtils,"randomFileName/2[java.lang.String,int]",filename,2
C:\halo-main\application\src\main\java\run\halo\app\infra\utils\FileNameUtils.java,run.halo.app.infra.utils.FileNameUtils,"randomFileName/2[java.lang.String,int]",nameWithoutExt,3
C:\halo-main\application\src\main\java\run\halo\app\infra\utils\FileNameUtils.java,run.halo.app.infra.utils.FileNameUtils,"randomFileName/2[java.lang.String,int]",length,1
C:\halo-main\application\src\main\java\run\halo\app\plugin\DefaultReactiveSettingFetcher.java,run.halo.app.plugin.DefaultReactiveSettingFetcher,get/1[java.lang.String],group,2
C:\halo-main\application\src\main\java\run\halo\app\plugin\DefaultReactiveSettingFetcher.java,run.halo.app.plugin.DefaultReactiveSettingFetcher,readTree/1[java.lang.String],e,1
C:\halo-main\application\src\main\java\run\halo\app\plugin\DefaultReactiveSettingFetcher.java,run.halo.app.plugin.DefaultReactiveSettingFetcher,readTree/1[java.lang.String],json,2
C:\halo-main\application\src\main\java\run\halo\app\plugin\DefaultReactiveSettingFetcher.java,run.halo.app.plugin.DefaultReactiveSettingFetcher,getInternal/1[java.lang.String],values,1
C:\halo-main\application\src\main\java\run\halo\app\plugin\DefaultReactiveSettingFetcher.java,run.halo.app.plugin.DefaultReactiveSettingFetcher,getInternal/1[java.lang.String],group,1
C:\halo-main\application\src\main\java\run\halo\app\plugin\DefaultReactiveSettingFetcher.java,run.halo.app.plugin.DefaultReactiveSettingFetcher,"convertValue/2[run.halo.app.plugin.JsonNode,java.lang.Class<T>]",jsonNode,1
C:\halo-main\application\src\main\java\run\halo\app\plugin\DefaultReactiveSettingFetcher.java,run.halo.app.plugin.DefaultReactiveSettingFetcher,"convertValue/2[run.halo.app.plugin.JsonNode,java.lang.Class<T>]",clazz,1
C:\halo-main\application\src\main\java\run\halo\app\plugin\DefaultReactiveSettingFetcher.java,run.halo.app.plugin.DefaultReactiveSettingFetcher,"fetch/2[java.lang.String,java.lang.Class<T>]",jsonNode,1
C:\halo-main\application\src\main\java\run\halo\app\plugin\DefaultReactiveSettingFetcher.java,run.halo.app.plugin.DefaultReactiveSettingFetcher,"fetch/2[java.lang.String,java.lang.Class<T>]",clazz,1
C:\halo-main\application\src\main\java\run\halo\app\plugin\DefaultReactiveSettingFetcher.java,run.halo.app.plugin.DefaultReactiveSettingFetcher,"fetch/2[java.lang.String,java.lang.Class<T>]",group,1
C:\halo-main\application\src\main\java\run\halo\app\plugin\DefaultReactiveSettingFetcher.java,run.halo.app.plugin.DefaultReactiveSettingFetcher,configMap/1[java.lang.String],plugin,2
C:\halo-main\application\src\main\java\run\halo\app\plugin\DefaultReactiveSettingFetcher.java,run.halo.app.plugin.DefaultReactiveSettingFetcher,configMap/1[java.lang.String],pluginName,1
C:\halo-main\application\src\main\java\run\halo\app\plugin\DefaultReactiveSettingFetcher.java,run.halo.app.plugin.DefaultReactiveSettingFetcher,configMap/1[java.lang.String],configMapName,1
C:\halo-main\application\src\main\java\run\halo\app\plugin\DefaultReactiveSettingFetcher.java,run.halo.app.plugin.DefaultReactiveSettingFetcher,"DefaultReactiveSettingFetcher/2[run.halo.app.plugin.ReactiveExtensionClient,java.lang.String]",pluginName,2
C:\halo-main\application\src\main\java\run\halo\app\plugin\DefaultReactiveSettingFetcher.java,run.halo.app.plugin.DefaultReactiveSettingFetcher,"DefaultReactiveSettingFetcher/2[run.halo.app.plugin.ReactiveExtensionClient,java.lang.String]",client,2
C:\halo-main\application\src\main\java\run\halo\app\plugin\DefaultReactiveSettingFetcher.java,run.halo.app.plugin.DefaultReactiveSettingFetcher,getValuesInternal/0,result,2
C:\halo-main\application\src\main\java\run\halo\app\plugin\DefaultReactiveSettingFetcher.java,run.halo.app.plugin.DefaultReactiveSettingFetcher,getValuesInternal/0,data,1
C:\halo-main\application\src\main\java\run\halo\app\plugin\DefaultReactiveSettingFetcher.java,run.halo.app.plugin.DefaultReactiveSettingFetcher,getValuesInternal/0,value,1
C:\halo-main\application\src\main\java\run\halo\app\plugin\DefaultReactiveSettingFetcher.java,run.halo.app.plugin.DefaultReactiveSettingFetcher,getValuesInternal/0,key,1
C:\halo-main\application\src\main\java\run\halo\app\core\extension\theme\ThemeUtils.java,run.halo.app.core.extension.theme.ThemeUtils,"unzipThemeTo/2[java.io.InputStream,java.nio.file.Path]",themeWorkDir,1
C:\halo-main\application\src\main\java\run\halo\app\core\extension\theme\ThemeUtils.java,run.halo.app.core.extension.theme.ThemeUtils,"unzipThemeTo/2[java.io.InputStream,java.nio.file.Path]",inputStream,1
C:\halo-main\application\src\main\java\run\halo\app\core\extension\theme\ThemeUtils.java,run.halo.app.core.extension.theme.ThemeUtils,resolveThemeManifest/1[java.nio.file.Path],tempDirectory,1
C:\halo-main\application\src\main\java\run\halo\app\core\extension\theme\ThemeUtils.java,run.halo.app.core.extension.theme.ThemeUtils,resolveThemeManifest/1[java.nio.file.Path],path,2
C:\halo-main\application\src\main\java\run\halo\app\core\extension\theme\ThemeUtils.java,run.halo.app.core.extension.theme.ThemeUtils,resolveThemeManifest/1[java.nio.file.Path],themeManifest,1
C:\halo-main\application\src\main\java\run\halo\app\core\extension\theme\ThemeUtils.java,run.halo.app.core.extension.theme.ThemeUtils,loadThemeManifest/1[java.nio.file.Path],unstructureds,2
C:\halo-main\application\src\main\java\run\halo\app\core\extension\theme\ThemeUtils.java,run.halo.app.core.extension.theme.ThemeUtils,loadThemeManifest/1[java.nio.file.Path],themeManifestPath,1
C:\halo-main\application\src\main\java\run\halo\app\core\extension\theme\ThemeUtils.java,run.halo.app.core.extension.theme.ThemeUtils,walkThemesFromPath/1[java.nio.file.Path],path,1
C:\halo-main\application\src\main\java\run\halo\app\core\extension\theme\ThemeUtils.java,run.halo.app.core.extension.theme.ThemeUtils,findThemeManifest/1[java.nio.file.Path],resourcePath,2
C:\halo-main\application\src\main\java\run\halo\app\core\extension\theme\ThemeUtils.java,run.halo.app.core.extension.theme.ThemeUtils,findThemeManifest/1[java.nio.file.Path],themeResource,1
C:\halo-main\application\src\main\java\run\halo\app\core\extension\theme\ThemeUtils.java,run.halo.app.core.extension.theme.ThemeUtils,findThemeManifest/1[java.nio.file.Path],themePath,1
C:\halo-main\application\src\main\java\run\halo\app\core\extension\theme\ThemeUtils.java,run.halo.app.core.extension.theme.ThemeUtils,findThemeManifest/1[java.nio.file.Path],resources,3
C:\halo-main\application\src\main\java\run\halo\app\core\extension\theme\ThemeUtils.java,run.halo.app.core.extension.theme.ThemeUtils,listAllThemesFromThemeDir/1[java.nio.file.Path],themesDir,1
C:\halo-main\application\src\main\java\run\halo\app\core\extension\theme\ThemeUtils.java,run.halo.app.core.extension.theme.ThemeUtils,listAllThemesFromThemeDir/1[java.nio.file.Path],unstructured,3
C:\halo-main\application\src\main\java\run\halo\app\core\extension\theme\ThemeUtils.java,run.halo.app.core.extension.theme.ThemeUtils,listAllThemesFromThemeDir/1[java.nio.file.Path],theme,1
C:\halo-main\application\src\main\java\run\halo\app\core\extension\theme\ThemeUtils.java,run.halo.app.core.extension.theme.ThemeUtils,"unzipThemeTo/3[java.io.InputStream,java.nio.file.Path,boolean]",themeName,2
C:\halo-main\application\src\main\java\run\halo\app\core\extension\theme\ThemeUtils.java,run.halo.app.core.extension.theme.ThemeUtils,"unzipThemeTo/3[java.io.InputStream,java.nio.file.Path,boolean]",zipIs,1
C:\halo-main\application\src\main\java\run\halo\app\core\extension\theme\ThemeUtils.java,run.halo.app.core.extension.theme.ThemeUtils,"unzipThemeTo/3[java.io.InputStream,java.nio.file.Path,boolean]",e,5
C:\halo-main\application\src\main\java\run\halo\app\core\extension\theme\ThemeUtils.java,run.halo.app.core.extension.theme.ThemeUtils,"unzipThemeTo/3[java.io.InputStream,java.nio.file.Path,boolean]",signalType,0
C:\halo-main\application\src\main\java\run\halo\app\core\extension\theme\ThemeUtils.java,run.halo.app.core.extension.theme.ThemeUtils,"unzipThemeTo/3[java.io.InputStream,java.nio.file.Path,boolean]",themeWorkDir,1
C:\halo-main\application\src\main\java\run\halo\app\core\extension\theme\ThemeUtils.java,run.halo.app.core.extension.theme.ThemeUtils,"unzipThemeTo/3[java.io.InputStream,java.nio.file.Path,boolean]",themeManifestPath,2
C:\halo-main\application\src\main\java\run\halo\app\core\extension\theme\ThemeUtils.java,run.halo.app.core.extension.theme.ThemeUtils,"unzipThemeTo/3[java.io.InputStream,java.nio.file.Path,boolean]",inputStream,1
C:\halo-main\application\src\main\java\run\halo\app\core\extension\theme\ThemeUtils.java,run.halo.app.core.extension.theme.ThemeUtils,"unzipThemeTo/3[java.io.InputStream,java.nio.file.Path,boolean]",tempDir,4
C:\halo-main\application\src\main\java\run\halo\app\core\extension\theme\ThemeUtils.java,run.halo.app.core.extension.theme.ThemeUtils,"unzipThemeTo/3[java.io.InputStream,java.nio.file.Path,boolean]",themeTargetPath,3
C:\halo-main\application\src\main\java\run\halo\app\core\extension\theme\ThemeUtils.java,run.halo.app.core.extension.theme.ThemeUtils,"unzipThemeTo/3[java.io.InputStream,java.nio.file.Path,boolean]",is,2
C:\halo-main\application\src\main\java\run\halo\app\core\extension\theme\ThemeUtils.java,run.halo.app.core.extension.theme.ThemeUtils,"unzipThemeTo/3[java.io.InputStream,java.nio.file.Path,boolean]",theme,2
C:\halo-main\application\src\main\java\run\halo\app\core\extension\theme\ThemeUtils.java,run.halo.app.core.extension.theme.ThemeUtils,"unzipThemeTo/3[java.io.InputStream,java.nio.file.Path,boolean]",override,1
C:\halo-main\application\src\main\java\run\halo\app\core\extension\theme\ThemeUtils.java,run.halo.app.core.extension.theme.ThemeUtils,locateThemeManifest/1[java.nio.file.Path],path,0
C:\halo-main\application\src\main\java\run\halo\app\core\extension\theme\ThemeUtils.java,run.halo.app.core.extension.theme.ThemeUtils,locateThemeManifest/1[java.nio.file.Path],current,1
C:\halo-main\application\src\main\java\run\halo\app\core\extension\theme\ThemeUtils.java,run.halo.app.core.extension.theme.ThemeUtils,locateThemeManifest/1[java.nio.file.Path],e,1
C:\halo-main\application\src\main\java\run\halo\app\core\extension\theme\ThemeUtils.java,run.halo.app.core.extension.theme.ThemeUtils,locateThemeManifest/1[java.nio.file.Path],manifest,3
C:\halo-main\application\src\main\java\run\halo\app\core\extension\theme\ThemeUtils.java,run.halo.app.core.extension.theme.ThemeUtils,locateThemeManifest/1[java.nio.file.Path],subPath,2
C:\halo-main\application\src\main\java\run\halo\app\core\extension\theme\ThemeUtils.java,run.halo.app.core.extension.theme.ThemeUtils,locateThemeManifest/1[java.nio.file.Path],dir,2
C:\halo-main\application\src\main\java\run\halo\app\core\extension\theme\ThemeUtils.java,run.halo.app.core.extension.theme.ThemeUtils,locateThemeManifest/1[java.nio.file.Path],queue,4
C:\halo-main\application\src\main\java\run\halo\app\core\extension\theme\ThemeUtils.java,run.halo.app.core.extension.theme.ThemeUtils,locateThemeManifest/1[java.nio.file.Path],subPaths,1
C:\halo-main\application\src\main\java\run\halo\app\core\extension\theme\ThemeUtils.java,run.halo.app.core.extension.theme.ThemeUtils,loadThemeResources/1[java.nio.file.Path],path,3
C:\halo-main\application\src\main\java\run\halo\app\core\extension\theme\ThemeUtils.java,run.halo.app.core.extension.theme.ThemeUtils,loadThemeResources/1[java.nio.file.Path],themeManifest,1
C:\halo-main\application\src\main\java\run\halo\app\core\extension\theme\ThemeUtils.java,run.halo.app.core.extension.theme.ThemeUtils,loadThemeResources/1[java.nio.file.Path],e,1
C:\halo-main\application\src\main\java\run\halo\app\core\extension\theme\ThemeUtils.java,run.halo.app.core.extension.theme.ThemeUtils,loadThemeResources/1[java.nio.file.Path],paths,1
C:\halo-main\application\src\main\java\run\halo\app\core\extension\theme\ThemeUtils.java,run.halo.app.core.extension.theme.ThemeUtils,loadThemeResources/1[java.nio.file.Path],themePath,1
C:\halo-main\application\src\main\java\run\halo\app\core\extension\theme\ThemeUtils.java,run.halo.app.core.extension.theme.ThemeUtils,loadThemeResources/1[java.nio.file.Path],resources,1
C:\halo-main\application\src\main\java\run\halo\app\core\extension\theme\ThemeUtils.java,run.halo.app.core.extension.theme.ThemeUtils,loadThemeResources/1[java.nio.file.Path],pathString,4
C:\halo-main\application\src\main\java\run\halo\app\core\extension\theme\ThemeUtils.java,run.halo.app.core.extension.theme.ThemeUtils,isManifest/1[java.nio.file.Path],file,2
C:\halo-main\application\src\main\java\run\halo\app\core\extension\attachment\endpoint\AttachmentEndpoint.java,run.halo.app.core.extension.attachment.endpoint.AttachmentEndpoint$SearchRequest,toComparator/0,comparator,7
C:\halo-main\application\src\main\java\run\halo\app\core\extension\attachment\endpoint\AttachmentEndpoint.java,run.halo.app.core.extension.attachment.endpoint.AttachmentEndpoint$SearchRequest,toComparator/0,attachment,3
C:\halo-main\application\src\main\java\run\halo\app\core\extension\attachment\endpoint\AttachmentEndpoint.java,run.halo.app.core.extension.attachment.endpoint.AttachmentEndpoint$SearchRequest,toComparator/0,sizeOrder,2
C:\halo-main\application\src\main\java\run\halo\app\core\extension\attachment\endpoint\AttachmentEndpoint.java,run.halo.app.core.extension.attachment.endpoint.AttachmentEndpoint$SearchRequest,toComparator/0,creationOrder,2
C:\halo-main\application\src\main\java\run\halo\app\core\extension\attachment\endpoint\AttachmentEndpoint.java,run.halo.app.core.extension.attachment.endpoint.AttachmentEndpoint$SearchRequest,toComparator/0,sort,2
C:\halo-main\application\src\main\java\run\halo\app\core\extension\attachment\endpoint\AttachmentEndpoint.java,run.halo.app.core.extension.attachment.endpoint.AttachmentEndpoint$SearchRequest,toComparator/0,comparators,5
C:\halo-main\application\src\main\java\run\halo\app\core\extension\attachment\endpoint\AttachmentEndpoint.java,run.halo.app.core.extension.attachment.endpoint.AttachmentEndpoint$SearchRequest,toPredicate/0,ungrouped,0
C:\halo-main\application\src\main\java\run\halo\app\core\extension\attachment\endpoint\AttachmentEndpoint.java,run.halo.app.core.extension.attachment.endpoint.AttachmentEndpoint$SearchRequest,toPredicate/0,selectorPred,1
C:\halo-main\application\src\main\java\run\halo\app\core\extension\attachment\endpoint\AttachmentEndpoint.java,run.halo.app.core.extension.attachment.endpoint.AttachmentEndpoint$SearchRequest,toPredicate/0,displayName,1
C:\halo-main\application\src\main\java\run\halo\app\core\extension\attachment\endpoint\AttachmentEndpoint.java,run.halo.app.core.extension.attachment.endpoint.AttachmentEndpoint$SearchRequest,toPredicate/0,policyPred,1
C:\halo-main\application\src\main\java\run\halo\app\core\extension\attachment\endpoint\AttachmentEndpoint.java,run.halo.app.core.extension.attachment.endpoint.AttachmentEndpoint$SearchRequest,toPredicate/0,displayNameInParam,1
C:\halo-main\application\src\main\java\run\halo\app\core\extension\attachment\endpoint\AttachmentEndpoint.java,run.halo.app.core.extension.attachment.endpoint.AttachmentEndpoint$SearchRequest,toPredicate/0,attachment,10
C:\halo-main\application\src\main\java\run\halo\app\core\extension\attachment\endpoint\AttachmentEndpoint.java,run.halo.app.core.extension.attachment.endpoint.AttachmentEndpoint$SearchRequest,toPredicate/0,uploadedByPred,1
C:\halo-main\application\src\main\java\run\halo\app\core\extension\attachment\endpoint\AttachmentEndpoint.java,run.halo.app.core.extension.attachment.endpoint.AttachmentEndpoint$SearchRequest,toPredicate/0,displayNamePred,1
C:\halo-main\application\src\main\java\run\halo\app\core\extension\attachment\endpoint\AttachmentEndpoint.java,run.halo.app.core.extension.attachment.endpoint.AttachmentEndpoint$SearchRequest,toPredicate/0,groupPred,1
C:\halo-main\application\src\main\java\run\halo\app\core\extension\attachment\endpoint\AttachmentEndpoint.java,run.halo.app.core.extension.attachment.endpoint.AttachmentEndpoint$SearchRequest,toPredicate/0,ungroupedPred,1
C:\halo-main\application\src\main\java\run\halo\app\core\extension\attachment\endpoint\AttachmentEndpoint.java,run.halo.app.core.extension.attachment.endpoint.AttachmentEndpoint$SearchRequest,toPredicate/0,uploadedBy,1
C:\halo-main\application\src\main\java\run\halo\app\core\extension\attachment\endpoint\AttachmentEndpoint.java,run.halo.app.core.extension.attachment.endpoint.AttachmentEndpoint$SearchRequest,toPredicate/0,policy,1
C:\halo-main\application\src\main\java\run\halo\app\core\extension\attachment\endpoint\AttachmentEndpoint.java,run.halo.app.core.extension.attachment.endpoint.AttachmentEndpoint$SearchRequest,toPredicate/0,group,1
C:\halo-main\application\src\main\java\run\halo\app\core\extension\attachment\endpoint\AttachmentEndpoint.java,run.halo.app.core.extension.attachment.endpoint.AttachmentEndpoint$SearchRequest,SearchRequest/1[run.halo.app.core.extension.attachment.endpoint.ServerRequest],request,2
C:\halo-main\application\src\main\java\run\halo\app\core\extension\attachment\endpoint\AttachmentEndpoint.java,run.halo.app.core.extension.attachment.endpoint.AttachmentEndpoint$SearchRequest,getUngrouped/0,ungroupedStr,1
C:\halo-main\application\src\test\java\run\halo\app\core\extension\endpoint\SinglePageEndpointTest.java,run.halo.app.core.extension.endpoint.SinglePageEndpointTest,publishRetryOnOptimisticLockingFailure/0,page,4
C:\halo-main\application\src\test\java\run\halo\app\core\extension\endpoint\SinglePageEndpointTest.java,run.halo.app.core.extension.endpoint.SinglePageEndpointTest,publishSuccess/0,page,5
C:\halo-main\application\src\main\java\run\halo\app\theme\finders\SinglePageFinder.java,run.halo.app.theme.finders.SinglePageFinder,getByName/1[java.lang.String],pageName,0
C:\halo-main\application\src\main\java\run\halo\app\theme\finders\SinglePageFinder.java,run.halo.app.theme.finders.SinglePageFinder,"list/2[java.lang.Integer,java.lang.Integer]",size,0
C:\halo-main\application\src\main\java\run\halo\app\theme\finders\SinglePageFinder.java,run.halo.app.theme.finders.SinglePageFinder,"list/2[java.lang.Integer,java.lang.Integer]",page,0
C:\halo-main\application\src\main\java\run\halo\app\theme\finders\SinglePageFinder.java,run.halo.app.theme.finders.SinglePageFinder,content/1[java.lang.String],pageName,0
C:\halo-main\application\src\test\java\run\halo\app\core\extension\reconciler\SinglePageReconcilerTest.java,run.halo.app.core.extension.reconciler.SinglePageReconcilerTest,createPermalink/0,page,5
C:\halo-main\application\src\test\java\run\halo\app\core\extension\reconciler\SinglePageReconcilerTest.java,run.halo.app.core.extension.reconciler.SinglePageReconcilerTest,createPermalink/0,permalink,5
C:\halo-main\application\src\test\java\run\halo\app\core\extension\reconciler\SinglePageReconcilerTest.java,run.halo.app.core.extension.reconciler.SinglePageReconcilerTest,pageV1/0,metadata,2
C:\halo-main\application\src\test\java\run\halo\app\core\extension\reconciler\SinglePageReconcilerTest.java,run.halo.app.core.extension.reconciler.SinglePageReconcilerTest,pageV1/0,page,5
C:\halo-main\application\src\test\java\run\halo\app\core\extension\reconciler\SinglePageReconcilerTest.java,run.halo.app.core.extension.reconciler.SinglePageReconcilerTest,pageV1/0,spec,6
C:\halo-main\application\src\test\java\run\halo\app\core\extension\reconciler\SinglePageReconcilerTest.java,run.halo.app.core.extension.reconciler.SinglePageReconcilerTest,reconcile/0,snapshotV1,3
C:\halo-main\application\src\test\java\run\halo\app\core\extension\reconciler\SinglePageReconcilerTest.java,run.halo.app.core.extension.reconciler.SinglePageReconcilerTest,reconcile/0,name,2
C:\halo-main\application\src\test\java\run\halo\app\core\extension\reconciler\SinglePageReconcilerTest.java,run.halo.app.core.extension.reconciler.SinglePageReconcilerTest,reconcile/0,page,5
C:\halo-main\application\src\test\java\run\halo\app\core\extension\reconciler\SinglePageReconcilerTest.java,run.halo.app.core.extension.reconciler.SinglePageReconcilerTest,reconcile/0,snapshotV2,3
C:\halo-main\application\src\test\java\run\halo\app\core\extension\reconciler\SinglePageReconcilerTest.java,run.halo.app.core.extension.reconciler.SinglePageReconcilerTest,reconcile/0,value,2
C:\halo-main\application\src\test\java\run\halo\app\core\extension\reconciler\SinglePageReconcilerTest.java,run.halo.app.core.extension.reconciler.SinglePageReconcilerTest,reconcile/0,captor,2
C:\halo-main\application\src\main\java\run\halo\app\core\extension\endpoint\StatsEndpoint.java,run.halo.app.core.extension.endpoint.StatsEndpoint$DashboardStats,emptyStats/0,stats,7
C:\halo-main\application\src\main\java\run\halo\app\security\authentication\login\impl\RsaKeyService.java,run.halo.app.security.authentication.login.impl.RsaKeyService,readKey/1[java.nio.file.Path],keyPath,1
C:\halo-main\application\src\main\java\run\halo\app\security\authentication\login\impl\RsaKeyService.java,run.halo.app.security.authentication.login.impl.RsaKeyService,readKey/1[java.nio.file.Path],dataBuffer,2
C:\halo-main\application\src\main\java\run\halo\app\security\authentication\login\impl\RsaKeyService.java,run.halo.app.security.authentication.login.impl.RsaKeyService,readKey/1[java.nio.file.Path],byteBuffer,2
C:\halo-main\application\src\main\java\run\halo\app\security\authentication\login\impl\RsaKeyService.java,run.halo.app.security.authentication.login.impl.RsaKeyService,readKey/1[java.nio.file.Path],content,1
C:\halo-main\application\src\main\java\run\halo\app\security\authentication\login\impl\RsaKeyService.java,run.halo.app.security.authentication.login.impl.RsaKeyService,RsaKeyService/1[java.nio.file.Path],dir,2
C:\halo-main\application\src\main\java\run\halo\app\security\authentication\login\impl\RsaKeyService.java,run.halo.app.security.authentication.login.impl.RsaKeyService,createFileIfNotExist/1[java.nio.file.Path],path,5
C:\halo-main\application\src\main\java\run\halo\app\security\authentication\login\impl\RsaKeyService.java,run.halo.app.security.authentication.login.impl.RsaKeyService,createFileIfNotExist/1[java.nio.file.Path],e,1
C:\halo-main\application\src\main\java\run\halo\app\security\authentication\login\impl\RsaKeyService.java,run.halo.app.security.authentication.login.impl.RsaKeyService,generateKeys/0,publicKeyDataBuffer,1
C:\halo-main\application\src\main\java\run\halo\app\security\authentication\login\impl\RsaKeyService.java,run.halo.app.security.authentication.login.impl.RsaKeyService,generateKeys/0,writePrivateKey,1
C:\halo-main\application\src\main\java\run\halo\app\security\authentication\login\impl\RsaKeyService.java,run.halo.app.security.authentication.login.impl.RsaKeyService,generateKeys/0,e,1
C:\halo-main\application\src\main\java\run\halo\app\security\authentication\login\impl\RsaKeyService.java,run.halo.app.security.authentication.login.impl.RsaKeyService,generateKeys/0,generator,2
C:\halo-main\application\src\main\java\run\halo\app\security\authentication\login\impl\RsaKeyService.java,run.halo.app.security.authentication.login.impl.RsaKeyService,generateKeys/0,dataBufferFactory,2
C:\halo-main\application\src\main\java\run\halo\app\security\authentication\login\impl\RsaKeyService.java,run.halo.app.security.authentication.login.impl.RsaKeyService,generateKeys/0,keyPair,2
C:\halo-main\application\src\main\java\run\halo\app\security\authentication\login\impl\RsaKeyService.java,run.halo.app.security.authentication.login.impl.RsaKeyService,generateKeys/0,stopWatch,3
C:\halo-main\application\src\main\java\run\halo\app\security\authentication\login\impl\RsaKeyService.java,run.halo.app.security.authentication.login.impl.RsaKeyService,generateKeys/0,privateKeyDataBuffer,1
C:\halo-main\application\src\main\java\run\halo\app\security\authentication\login\impl\RsaKeyService.java,run.halo.app.security.authentication.login.impl.RsaKeyService,generateKeys/0,writePublicKey,1
C:\halo-main\application\src\main\java\run\halo\app\security\authentication\login\impl\RsaKeyService.java,run.halo.app.security.authentication.login.impl.RsaKeyService,decrypt/1[byte[]],cipher,2
C:\halo-main\application\src\main\java\run\halo\app\security\authentication\login\impl\RsaKeyService.java,run.halo.app.security.authentication.login.impl.RsaKeyService,decrypt/1[byte[]],privateKey,1
C:\halo-main\application\src\main\java\run\halo\app\security\authentication\login\impl\RsaKeyService.java,run.halo.app.security.authentication.login.impl.RsaKeyService,decrypt/1[byte[]],encryptedMessage,1
C:\halo-main\application\src\main\java\run\halo\app\security\authentication\login\impl\RsaKeyService.java,run.halo.app.security.authentication.login.impl.RsaKeyService,decrypt/1[byte[]],e,3
C:\halo-main\application\src\main\java\run\halo\app\security\authentication\login\impl\RsaKeyService.java,run.halo.app.security.authentication.login.impl.RsaKeyService,decrypt/1[byte[]],privateKeyBytes,1
C:\halo-main\application\src\main\java\run\halo\app\security\authentication\login\impl\RsaKeyService.java,run.halo.app.security.authentication.login.impl.RsaKeyService,decrypt/1[byte[]],keySpec,1
C:\halo-main\application\src\main\java\run\halo\app\security\authentication\login\impl\RsaKeyService.java,run.halo.app.security.authentication.login.impl.RsaKeyService,decrypt/1[byte[]],keyFactory,1
C:\halo-main\application\src\test\java\run\halo\app\theme\router\factories\IndexRouteFactoryTest.java,run.halo.app.theme.router.factories.IndexRouteFactoryTest,create/0,routerFunction,1
C:\halo-main\application\src\test\java\run\halo\app\theme\router\factories\IndexRouteFactoryTest.java,run.halo.app.theme.router.factories.IndexRouteFactoryTest,create/0,webTestClient,2
C:\halo-main\application\src\test\java\run\halo\app\content\comment\CommentServiceImplTest.java,run.halo.app.content.comment.CommentServiceImplTest,post/0,post,2
C:\halo-main\application\src\test\java\run\halo\app\content\comment\CommentServiceImplTest.java,run.halo.app.content.comment.CommentServiceImplTest,create/0,commentToCreate,2
C:\halo-main\application\src\test\java\run\halo\app\content\comment\CommentServiceImplTest.java,run.halo.app.content.comment.CommentServiceImplTest,create/0,commentRequest,5
C:\halo-main\application\src\test\java\run\halo\app\content\comment\CommentServiceImplTest.java,run.halo.app.content.comment.CommentServiceImplTest,create/0,comment,2
C:\halo-main\application\src\test\java\run\halo\app\content\comment\CommentServiceImplTest.java,run.halo.app.content.comment.CommentServiceImplTest,create/0,commentMono,1
C:\halo-main\application\src\test\java\run\halo\app\content\comment\CommentServiceImplTest.java,run.halo.app.content.comment.CommentServiceImplTest,create/0,captor,2
C:\halo-main\application\src\test\java\run\halo\app\content\comment\CommentServiceImplTest.java,run.halo.app.content.comment.CommentServiceImplTest,comments/0,a,3
C:\halo-main\application\src\test\java\run\halo\app\content\comment\CommentServiceImplTest.java,run.halo.app.content.comment.CommentServiceImplTest,ghostUser/0,user,6
C:\halo-main\application\src\test\java\run\halo\app\content\comment\CommentServiceImplTest.java,run.halo.app.content.comment.CommentServiceImplTest,getCommentSetting/0,commentSetting,4
C:\halo-main\application\src\test\java\run\halo\app\content\comment\CommentServiceImplTest.java,run.halo.app.content.comment.CommentServiceImplTest,comment/1[java.lang.String],name,2
C:\halo-main\application\src\test\java\run\halo\app\content\comment\CommentServiceImplTest.java,run.halo.app.content.comment.CommentServiceImplTest,comment/1[java.lang.String],commentOwner,4
C:\halo-main\application\src\test\java\run\halo\app\content\comment\CommentServiceImplTest.java,run.halo.app.content.comment.CommentServiceImplTest,comment/1[java.lang.String],comment,7
C:\halo-main\application\src\test\java\run\halo\app\content\comment\CommentServiceImplTest.java,run.halo.app.content.comment.CommentServiceImplTest,commentPredicate/0,predicate,1
C:\halo-main\application\src\test\java\run\halo\app\content\comment\CommentServiceImplTest.java,run.halo.app.content.comment.CommentServiceImplTest,commentPredicate/0,predicateTwo,1
C:\halo-main\application\src\test\java\run\halo\app\content\comment\CommentServiceImplTest.java,run.halo.app.content.comment.CommentServiceImplTest,commentPredicate/0,queryParams,13
C:\halo-main\application\src\test\java\run\halo\app\content\comment\CommentServiceImplTest.java,run.halo.app.content.comment.CommentServiceImplTest,commentPredicate/0,commentOwner,4
C:\halo-main\application\src\test\java\run\halo\app\content\comment\CommentServiceImplTest.java,run.halo.app.content.comment.CommentServiceImplTest,commentPredicate/0,comment,10
C:\halo-main\application\src\test\java\run\halo\app\content\comment\CommentServiceImplTest.java,run.halo.app.content.comment.CommentServiceImplTest,listComment/0,result,1
C:\halo-main\application\src\test\java\run\halo\app\content\comment\CommentServiceImplTest.java,run.halo.app.content.comment.CommentServiceImplTest,listComment/0,commentACounter,1
C:\halo-main\application\src\test\java\run\halo\app\content\comment\CommentServiceImplTest.java,run.halo.app.content.comment.CommentServiceImplTest,listComment/0,commentBCounter,1
C:\halo-main\application\src\test\java\run\halo\app\content\comment\CommentServiceImplTest.java,run.halo.app.content.comment.CommentServiceImplTest,listComment/0,commentCCounter,1
C:\halo-main\application\src\test\java\run\halo\app\content\comment\CommentServiceImplTest.java,run.halo.app.content.comment.CommentServiceImplTest,listComment/0,counterC,2
C:\halo-main\application\src\test\java\run\halo\app\content\comment\CommentServiceImplTest.java,run.halo.app.content.comment.CommentServiceImplTest,listComment/0,counterB,2
C:\halo-main\application\src\test\java\run\halo\app\content\comment\CommentServiceImplTest.java,run.halo.app.content.comment.CommentServiceImplTest,listComment/0,e,1
C:\halo-main\application\src\test\java\run\halo\app\content\comment\CommentServiceImplTest.java,run.halo.app.content.comment.CommentServiceImplTest,listComment/0,counterA,2
C:\halo-main\application\src\test\java\run\halo\app\content\comment\CommentServiceImplTest.java,run.halo.app.content.comment.CommentServiceImplTest,listComment/0,listResultMono,1
C:\halo-main\application\src\test\java\run\halo\app\content\comment\CommentServiceImplTest.java,run.halo.app.content.comment.CommentServiceImplTest,createUser/1[java.lang.String],name,4
C:\halo-main\application\src\test\java\run\halo\app\content\comment\CommentServiceImplTest.java,run.halo.app.content.comment.CommentServiceImplTest,createUser/1[java.lang.String],user,7
C:\halo-main\application\src\test\java\run\halo\app\content\comment\CommentServiceImplTest.java,run.halo.app.content.comment.CommentServiceImplTest,setUp/0,comments,2
C:\halo-main\application\src\test\java\run\halo\app\content\comment\CommentServiceImplTest.java,run.halo.app.content.comment.CommentServiceImplTest,setUp/0,postCommentSubject,3
C:\halo-main\application\src\test\java\run\halo\app\content\comment\CommentServiceImplTest.java,run.halo.app.content.comment.CommentServiceImplTest,setUp/0,commentSetting,1
C:\halo-main\application\src\test\java\run\halo\app\content\PostIntegrationTests.java,run.halo.app.content.PostIntegrationTests,draftPost/0,metadata,2
C:\halo-main\application\src\test\java\run\halo\app\content\PostIntegrationTests.java,run.halo.app.content.PostIntegrationTests,draftPost/0,post,5
C:\halo-main\application\src\test\java\run\halo\app\content\PostIntegrationTests.java,run.halo.app.content.PostIntegrationTests,draftPost/0,spec,5
C:\halo-main\application\src\test\java\run\halo\app\content\PostIntegrationTests.java,run.halo.app.content.PostIntegrationTests,setUp/0,role,5
C:\halo-main\application\src\test\java\run\halo\app\content\PostIntegrationTests.java,run.halo.app.content.PostIntegrationTests,setUp/0,rule,1
C:\halo-main\application\src\test\java\run\halo\app\content\PostIntegrationTests.java,run.halo.app.content.PostIntegrationTests,draftPostAsPublish/0,post,5
C:\halo-main\application\src\test\java\run\halo\app\content\PostIntegrationTests.java,run.halo.app.content.PostIntegrationTests,draftPostAsPublish/0,postRequest,2
C:\halo-main\application\src\test\java\run\halo\app\content\PostIntegrationTests.java,run.halo.app.content.PostIntegrationTests,postDraftRequest/0,s,1
C:\halo-main\application\src\main\java\run\halo\app\theme\router\factories\PostRouteFactory.java,run.halo.app.theme.router.factories.PostRouteFactory$PostPatternVariable,from/1[run.halo.app.theme.router.factories.ServerRequest],request,1
C:\halo-main\application\src\main\java\run\halo\app\theme\router\factories\PostRouteFactory.java,run.halo.app.theme.router.factories.PostRouteFactory$PostPatternVariable,from/1[run.halo.app.theme.router.factories.ServerRequest],variables,1
C:\halo-main\application\src\test\java\run\halo\app\core\extension\theme\SettingUtilsTest.java,run.halo.app.core.extension.theme.SettingUtilsTest,mergePatch/0,result,1
C:\halo-main\application\src\test\java\run\halo\app\core\extension\theme\SettingUtilsTest.java,run.halo.app.core.extension.theme.SettingUtilsTest,mergePatch/0,defaultValue,1
C:\halo-main\application\src\test\java\run\halo\app\core\extension\theme\SettingUtilsTest.java,run.halo.app.core.extension.theme.SettingUtilsTest,mergePatch/0,modified,1
C:\halo-main\application\src\test\java\run\halo\app\core\extension\theme\SettingUtilsTest.java,run.halo.app.core.extension.theme.SettingUtilsTest,mergePatch/0,excepted,1
C:\halo-main\application\src\test\java\run\halo\app\core\extension\theme\SettingUtilsTest.java,run.halo.app.core.extension.theme.SettingUtilsTest,getFakeSetting/0,settingJson,1
C:\halo-main\application\src\test\java\run\halo\app\core\extension\theme\SettingUtilsTest.java,run.halo.app.core.extension.theme.SettingUtilsTest,settingDefinedDefaultValueMap/0,map,1
C:\halo-main\application\src\test\java\run\halo\app\core\extension\theme\SettingUtilsTest.java,run.halo.app.core.extension.theme.SettingUtilsTest,settingDefinedDefaultValueMap/0,setting,1
C:\halo-main\application\src\test\java\run\halo\app\core\extension\theme\SettingUtilsTest.java,run.halo.app.core.extension.theme.SettingUtilsTest,mergePatchWithMoreType/0,result,1
C:\halo-main\application\src\test\java\run\halo\app\core\extension\theme\SettingUtilsTest.java,run.halo.app.core.extension.theme.SettingUtilsTest,mergePatchWithMoreType/0,defaultValue,1
C:\halo-main\application\src\test\java\run\halo\app\core\extension\theme\SettingUtilsTest.java,run.halo.app.core.extension.theme.SettingUtilsTest,mergePatchWithMoreType/0,modified,1
C:\halo-main\application\src\test\java\run\halo\app\core\extension\theme\SettingUtilsTest.java,run.halo.app.core.extension.theme.SettingUtilsTest,mergePatchWithMoreType/0,excepted,1
C:\halo-main\application\src\main\java\run\halo\app\core\extension\attachment\endpoint\AttachmentEndpoint.java,run.halo.app.core.extension.attachment.endpoint.AttachmentEndpoint,upload/1[run.halo.app.core.extension.attachment.endpoint.ServerRequest],request,1
C:\halo-main\application\src\main\java\run\halo\app\core\extension\attachment\endpoint\AttachmentEndpoint.java,run.halo.app.core.extension.attachment.endpoint.AttachmentEndpoint,upload/1[run.halo.app.core.extension.attachment.endpoint.ServerRequest],uploadOption,2
C:\halo-main\application\src\main\java\run\halo\app\core\extension\attachment\endpoint\AttachmentEndpoint.java,run.halo.app.core.extension.attachment.endpoint.AttachmentEndpoint,upload/1[run.halo.app.core.extension.attachment.endpoint.ServerRequest],groupName,2
C:\halo-main\application\src\main\java\run\halo\app\core\extension\attachment\endpoint\AttachmentEndpoint.java,run.halo.app.core.extension.attachment.endpoint.AttachmentEndpoint,upload/1[run.halo.app.core.extension.attachment.endpoint.ServerRequest],attachment,4
C:\halo-main\application\src\main\java\run\halo\app\core\extension\attachment\endpoint\AttachmentEndpoint.java,run.halo.app.core.extension.attachment.endpoint.AttachmentEndpoint,upload/1[run.halo.app.core.extension.attachment.endpoint.ServerRequest],uploadRequest,3
C:\halo-main\application\src\main\java\run\halo\app\core\extension\attachment\endpoint\AttachmentEndpoint.java,run.halo.app.core.extension.attachment.endpoint.AttachmentEndpoint,upload/1[run.halo.app.core.extension.attachment.endpoint.ServerRequest],configMap,1
C:\halo-main\application\src\main\java\run\halo\app\core\extension\attachment\endpoint\AttachmentEndpoint.java,run.halo.app.core.extension.attachment.endpoint.AttachmentEndpoint,upload/1[run.halo.app.core.extension.attachment.endpoint.ServerRequest],configMapName,1
C:\halo-main\application\src\main\java\run\halo\app\core\extension\attachment\endpoint\AttachmentEndpoint.java,run.halo.app.core.extension.attachment.endpoint.AttachmentEndpoint,upload/1[run.halo.app.core.extension.attachment.endpoint.ServerRequest],uploadHandler,1
C:\halo-main\application\src\main\java\run\halo\app\core\extension\attachment\endpoint\AttachmentEndpoint.java,run.halo.app.core.extension.attachment.endpoint.AttachmentEndpoint,upload/1[run.halo.app.core.extension.attachment.endpoint.ServerRequest],spec,6
C:\halo-main\application\src\main\java\run\halo\app\core\extension\attachment\endpoint\AttachmentEndpoint.java,run.halo.app.core.extension.attachment.endpoint.AttachmentEndpoint,upload/1[run.halo.app.core.extension.attachment.endpoint.ServerRequest],username,1
C:\halo-main\application\src\main\java\run\halo\app\core\extension\attachment\endpoint\AttachmentEndpoint.java,run.halo.app.core.extension.attachment.endpoint.AttachmentEndpoint,upload/1[run.halo.app.core.extension.attachment.endpoint.ServerRequest],policy,5
C:\halo-main\application\src\main\java\run\halo\app\core\extension\attachment\endpoint\AttachmentEndpoint.java,run.halo.app.core.extension.attachment.endpoint.AttachmentEndpoint,"UploadRequest/1[run.halo.app.core.extension.attachment.endpoint.MultiValueMap<java.lang.String,run.halo.app.core.extension.attachment.endpoint.Part>]",formData,0
C:\halo-main\application\src\main\java\run\halo\app\core\extension\attachment\endpoint\AttachmentEndpoint.java,run.halo.app.core.extension.attachment.endpoint.AttachmentEndpoint,"AttachmentEndpoint/2[run.halo.app.core.extension.attachment.endpoint.ReactiveExtensionClient,run.halo.app.plugin.ExtensionComponentsFinder]",client,2
C:\halo-main\application\src\main\java\run\halo\app\core\extension\attachment\endpoint\AttachmentEndpoint.java,run.halo.app.core.extension.attachment.endpoint.AttachmentEndpoint,"AttachmentEndpoint/2[run.halo.app.core.extension.attachment.endpoint.ReactiveExtensionClient,run.halo.app.plugin.ExtensionComponentsFinder]",extensionComponentsFinder,2
C:\halo-main\application\src\main\java\run\halo\app\core\extension\attachment\endpoint\AttachmentEndpoint.java,run.halo.app.core.extension.attachment.endpoint.AttachmentEndpoint,search/1[run.halo.app.core.extension.attachment.endpoint.ServerRequest],request,1
C:\halo-main\application\src\main\java\run\halo\app\core\extension\attachment\endpoint\AttachmentEndpoint.java,run.halo.app.core.extension.attachment.endpoint.AttachmentEndpoint,search/1[run.halo.app.core.extension.attachment.endpoint.ServerRequest],searchRequest,4
C:\halo-main\application\src\main\java\run\halo\app\core\extension\attachment\endpoint\AttachmentEndpoint.java,run.halo.app.core.extension.attachment.endpoint.AttachmentEndpoint,search/1[run.halo.app.core.extension.attachment.endpoint.ServerRequest],listResult,1
C:\halo-main\application\src\main\java\run\halo\app\core\extension\attachment\endpoint\AttachmentEndpoint.java,run.halo.app.core.extension.attachment.endpoint.AttachmentEndpoint,endpoint/0,builder,4
C:\halo-main\application\src\main\java\run\halo\app\core\extension\attachment\endpoint\AttachmentEndpoint.java,run.halo.app.core.extension.attachment.endpoint.AttachmentEndpoint,endpoint/0,tag,4
C:\halo-main\application\src\test\java\run\halo\app\theme\message\ThemeMessageResolverIntegrationTest.java,run.halo.app.theme.message.ThemeMessageResolverIntegrationTest$MessageResolverConfig,routeTestIndex/0,request,0
C:\halo-main\application\src\test\java\run\halo\app\security\authorization\RbacRequestEvaluationTest.java,run.halo.app.security.authorization.RbacRequestEvaluationTest,resourceNameMatches/0,rbacRequestEvaluation,15
C:\halo-main\application\src\test\java\run\halo\app\security\authorization\RbacRequestEvaluationTest.java,run.halo.app.security.authorization.RbacRequestEvaluationTest,"matchResourceName/3[run.halo.app.security.authorization.RbacRequestEvaluation,java.lang.String,java.lang.String]",requestedName,1
C:\halo-main\application\src\test\java\run\halo\app\security\authorization\RbacRequestEvaluationTest.java,run.halo.app.security.authorization.RbacRequestEvaluationTest,"matchResourceName/3[run.halo.app.security.authorization.RbacRequestEvaluation,java.lang.String,java.lang.String]",rule,1
C:\halo-main\application\src\test\java\run\halo\app\security\authorization\RbacRequestEvaluationTest.java,run.halo.app.security.authorization.RbacRequestEvaluationTest,"matchResourceName/3[run.halo.app.security.authorization.RbacRequestEvaluation,java.lang.String,java.lang.String]",rbacRequestEvaluation,1
C:\halo-main\application\src\test\java\run\halo\app\core\extension\reconciler\MenuItemReconcilerTest.java,run.halo.app.core.extension.reconciler.MenuItemReconcilerTest$WhenOtherRefsNotSet,shouldNotRequeueIfHrefNotSet/0,result,1
C:\halo-main\application\src\test\java\run\halo\app\core\extension\reconciler\MenuItemReconcilerTest.java,run.halo.app.core.extension.reconciler.MenuItemReconcilerTest$WhenOtherRefsNotSet,shouldNotRequeueIfHrefNotSet/0,menuItem,2
C:\halo-main\application\src\test\java\run\halo\app\core\extension\reconciler\MenuItemReconcilerTest.java,run.halo.app.core.extension.reconciler.MenuItemReconcilerTest$WhenOtherRefsNotSet,shouldNotRequeueIfHrefNotSet/0,spec,2
C:\halo-main\application\src\test\java\run\halo\app\core\extension\reconciler\MenuItemReconcilerTest.java,run.halo.app.core.extension.reconciler.MenuItemReconcilerTest$WhenOtherRefsNotSet,shouldReconcileIfHrefAndDisplayNameSet/0,result,1
C:\halo-main\application\src\test\java\run\halo\app\core\extension\reconciler\MenuItemReconcilerTest.java,run.halo.app.core.extension.reconciler.MenuItemReconcilerTest$WhenOtherRefsNotSet,shouldReconcileIfHrefAndDisplayNameSet/0,ext,1
C:\halo-main\application\src\test\java\run\halo\app\core\extension\reconciler\MenuItemReconcilerTest.java,run.halo.app.core.extension.reconciler.MenuItemReconcilerTest$WhenOtherRefsNotSet,shouldReconcileIfHrefAndDisplayNameSet/0,menuItemSupplier,2
C:\halo-main\application\src\test\java\run\halo\app\core\extension\reconciler\MenuItemReconcilerTest.java,run.halo.app.core.extension.reconciler.MenuItemReconcilerTest$WhenOtherRefsNotSet,shouldReconcileIfHrefAndDisplayNameSet/0,spec,2
C:\halo-main\application\src\test\java\run\halo\app\core\extension\reconciler\MenuItemReconcilerTest.java,run.halo.app.core.extension.reconciler.MenuItemReconcilerTest$WhenOtherRefsNotSet,shouldNotRequeueIfDisplayNameNotSet/0,result,1
C:\halo-main\application\src\test\java\run\halo\app\core\extension\reconciler\MenuItemReconcilerTest.java,run.halo.app.core.extension.reconciler.MenuItemReconcilerTest$WhenOtherRefsNotSet,shouldNotRequeueIfDisplayNameNotSet/0,menuItem,2
C:\halo-main\application\src\test\java\run\halo\app\core\extension\reconciler\MenuItemReconcilerTest.java,run.halo.app.core.extension.reconciler.MenuItemReconcilerTest$WhenOtherRefsNotSet,shouldNotRequeueIfDisplayNameNotSet/0,spec,2
C:\halo-main\application\src\main\java\run\halo\app\theme\finders\vo\MenuVo.java,run.halo.app.theme.finders.vo.MenuVo,from/1[run.halo.app.theme.finders.vo.Menu],menu,2
C:\halo-main\application\src\main\java\run\halo\app\theme\finders\vo\MenuVo.java,run.halo.app.theme.finders.vo.MenuVo,print/1[java.lang.StringBuilder],next,3
C:\halo-main\application\src\main\java\run\halo\app\theme\finders\vo\MenuVo.java,run.halo.app.theme.finders.vo.MenuVo,print/1[java.lang.StringBuilder],buffer,4
C:\halo-main\application\src\main\java\run\halo\app\theme\finders\vo\MenuVo.java,run.halo.app.theme.finders.vo.MenuVo,print/1[java.lang.StringBuilder],it,3
C:\halo-main\application\src\main\java\run\halo\app\content\comment\ReplyRequest.java,run.halo.app.content.comment.ReplyRequest,toReply/0,reply,4
C:\halo-main\application\src\main\java\run\halo\app\content\comment\ReplyRequest.java,run.halo.app.content.comment.ReplyRequest,toReply/0,spec,6
C:\halo-main\application\src\main\java\run\halo\app\extension\SchemeWatcherManager.java,run.halo.app.extension.SchemeWatcherManager$SchemeRegistered,SchemeRegistered/1[run.halo.app.extension.Scheme],newScheme,2
C:\halo-main\application\src\test\java\run\halo\app\core\extension\endpoint\UserEndpointTest.java,run.halo.app.core.extension.endpoint.UserEndpointTest$GrantPermissionEndpointTest,shouldGetPermission/0,roleA,2
C:\halo-main\application\src\main\java\run\halo\app\plugin\PluginNotFoundException.java,run.halo.app.plugin.PluginNotFoundException,PluginNotFoundException/1[java.lang.Throwable],cause,1
C:\halo-main\application\src\main\java\run\halo\app\plugin\PluginNotFoundException.java,run.halo.app.plugin.PluginNotFoundException,PluginNotFoundException/1[java.lang.String],message,1
C:\halo-main\application\src\main\java\run\halo\app\theme\finders\vo\ReplyVo.java,run.halo.app.theme.finders.vo.ReplyVo,from/1[run.halo.app.theme.finders.vo.Reply],reply,2
C:\halo-main\application\src\main\java\run\halo\app\theme\finders\vo\ReplyVo.java,run.halo.app.theme.finders.vo.ReplyVo,from/1[run.halo.app.theme.finders.vo.Reply],spec,2
C:\halo-main\application\src\test\java\run\halo\app\plugin\YamlPluginFinderTest.java,run.halo.app.plugin.YamlPluginFinderTest,unstructuredToPluginTest/0,plugin,2
C:\halo-main\application\src\test\java\run\halo\app\plugin\YamlPluginFinderTest.java,run.halo.app.plugin.YamlPluginFinderTest,deserializeLicense/0,pluginJson,2
C:\halo-main\application\src\test\java\run\halo\app\plugin\YamlPluginFinderTest.java,run.halo.app.plugin.YamlPluginFinderTest,deserializeLicense/0,plugin,2
C:\halo-main\application\src\test\java\run\halo\app\plugin\YamlPluginFinderTest.java,run.halo.app.plugin.YamlPluginFinderTest,findFromJar/0,tempDirectory,2
C:\halo-main\application\src\test\java\run\halo\app\plugin\YamlPluginFinderTest.java,run.halo.app.plugin.YamlPluginFinderTest,findFromJar/0,plugin,2
C:\halo-main\application\src\test\java\run\halo\app\plugin\YamlPluginFinderTest.java,run.halo.app.plugin.YamlPluginFinderTest,findFromJar/0,targetJarPath,2
C:\halo-main\application\src\test\java\run\halo\app\plugin\YamlPluginFinderTest.java,run.halo.app.plugin.YamlPluginFinderTest,findFromJar/0,plugin002Uri,1
C:\halo-main\application\src\test\java\run\halo\app\plugin\YamlPluginFinderTest.java,run.halo.app.plugin.YamlPluginFinderTest,findFailedWhenFileNotFound/0,test,1
C:\halo-main\application\src\test\java\run\halo\app\plugin\YamlPluginFinderTest.java,run.halo.app.plugin.YamlPluginFinderTest,acceptArrayObjectLicense/0,pluginResource,1
C:\halo-main\application\src\test\java\run\halo\app\plugin\YamlPluginFinderTest.java,run.halo.app.plugin.YamlPluginFinderTest,acceptArrayObjectLicense/0,plugin,2
C:\halo-main\application\src\test\java\run\halo\app\plugin\YamlPluginFinderTest.java,run.halo.app.plugin.YamlPluginFinderTest,find/0,tempDirectory,4
C:\halo-main\application\src\test\java\run\halo\app\plugin\YamlPluginFinderTest.java,run.halo.app.plugin.YamlPluginFinderTest,find/0,plugin,2
C:\halo-main\application\src\test\java\run\halo\app\plugin\YamlPluginFinderTest.java,run.halo.app.plugin.YamlPluginFinderTest,find/0,directories,1
C:\halo-main\application\src\test\java\run\halo\app\plugin\YamlPluginFinderTest.java,run.halo.app.plugin.YamlPluginFinderTest,find/0,status,2
C:\halo-main\application\src\main\java\run\halo\app\plugin\resources\BundleResourceUtils.java,run.halo.app.plugin.resources.BundleResourceUtils,"consoleResourcePath/2[java.lang.String,java.lang.String]",pluginName,1
C:\halo-main\application\src\main\java\run\halo\app\plugin\resources\BundleResourceUtils.java,run.halo.app.plugin.resources.BundleResourceUtils,"consoleResourcePath/2[java.lang.String,java.lang.String]",name,1
C:\halo-main\application\src\main\java\run\halo\app\plugin\resources\BundleResourceUtils.java,run.halo.app.plugin.resources.BundleResourceUtils,"getJsBundlePath/2[run.halo.app.plugin.HaloPluginManager,java.lang.String]",haloPluginManager,1
C:\halo-main\application\src\main\java\run\halo\app\plugin\resources\BundleResourceUtils.java,run.halo.app.plugin.resources.BundleResourceUtils,"getJsBundlePath/2[run.halo.app.plugin.HaloPluginManager,java.lang.String]",pluginName,2
C:\halo-main\application\src\main\java\run\halo\app\plugin\resources\BundleResourceUtils.java,run.halo.app.plugin.resources.BundleResourceUtils,"getJsBundlePath/2[run.halo.app.plugin.HaloPluginManager,java.lang.String]",jsBundleResource,1
C:\halo-main\application\src\main\java\run\halo\app\plugin\resources\BundleResourceUtils.java,run.halo.app.plugin.resources.BundleResourceUtils,"getResourceLoader/2[run.halo.app.plugin.HaloPluginManager,java.lang.String]",pluginManager,2
C:\halo-main\application\src\main\java\run\halo\app\plugin\resources\BundleResourceUtils.java,run.halo.app.plugin.resources.BundleResourceUtils,"getResourceLoader/2[run.halo.app.plugin.HaloPluginManager,java.lang.String]",plugin,2
C:\halo-main\application\src\main\java\run\halo\app\plugin\resources\BundleResourceUtils.java,run.halo.app.plugin.resources.BundleResourceUtils,"getResourceLoader/2[run.halo.app.plugin.HaloPluginManager,java.lang.String]",pluginName,1
C:\halo-main\application\src\main\java\run\halo\app\plugin\resources\BundleResourceUtils.java,run.halo.app.plugin.resources.BundleResourceUtils,"getCssBundlePath/2[run.halo.app.plugin.HaloPluginManager,java.lang.String]",haloPluginManager,1
C:\halo-main\application\src\main\java\run\halo\app\plugin\resources\BundleResourceUtils.java,run.halo.app.plugin.resources.BundleResourceUtils,"getCssBundlePath/2[run.halo.app.plugin.HaloPluginManager,java.lang.String]",pluginName,2
C:\halo-main\application\src\main\java\run\halo\app\plugin\resources\BundleResourceUtils.java,run.halo.app.plugin.resources.BundleResourceUtils,"getCssBundlePath/2[run.halo.app.plugin.HaloPluginManager,java.lang.String]",jsBundleResource,1
C:\halo-main\application\src\main\java\run\halo\app\plugin\resources\BundleResourceUtils.java,run.halo.app.plugin.resources.BundleResourceUtils,"getJsBundleResource/3[run.halo.app.plugin.HaloPluginManager,java.lang.String,java.lang.String]",pluginManager,1
C:\halo-main\application\src\main\java\run\halo\app\plugin\resources\BundleResourceUtils.java,run.halo.app.plugin.resources.BundleResourceUtils,"getJsBundleResource/3[run.halo.app.plugin.HaloPluginManager,java.lang.String,java.lang.String]",path,1
C:\halo-main\application\src\main\java\run\halo\app\plugin\resources\BundleResourceUtils.java,run.halo.app.plugin.resources.BundleResourceUtils,"getJsBundleResource/3[run.halo.app.plugin.HaloPluginManager,java.lang.String,java.lang.String]",pluginName,2
C:\halo-main\application\src\main\java\run\halo\app\plugin\resources\BundleResourceUtils.java,run.halo.app.plugin.resources.BundleResourceUtils,"getJsBundleResource/3[run.halo.app.plugin.HaloPluginManager,java.lang.String,java.lang.String]",resource,2
C:\halo-main\application\src\main\java\run\halo\app\plugin\resources\BundleResourceUtils.java,run.halo.app.plugin.resources.BundleResourceUtils,"getJsBundleResource/3[run.halo.app.plugin.HaloPluginManager,java.lang.String,java.lang.String]",bundleName,2
C:\halo-main\application\src\main\java\run\halo\app\plugin\resources\BundleResourceUtils.java,run.halo.app.plugin.resources.BundleResourceUtils,"getJsBundleResource/3[run.halo.app.plugin.HaloPluginManager,java.lang.String,java.lang.String]",resourceLoader,2
C:\halo-main\application\src\test\java\run\halo\app\theme\router\SinglePageRouteTest.java,run.halo.app.theme.router.SinglePageRouteTest,handlerFunction/0,routerFunction,1
C:\halo-main\application\src\test\java\run\halo\app\theme\router\SinglePageRouteTest.java,run.halo.app.theme.router.SinglePageRouteTest,handlerFunction/0,handlerFunction,2
C:\halo-main\application\src\test\java\run\halo\app\theme\router\SinglePageRouteTest.java,run.halo.app.theme.router.SinglePageRouteTest,handlerFunction/0,webTestClient,1
C:\halo-main\application\src\test\java\run\halo\app\theme\router\SinglePageRouteTest.java,run.halo.app.theme.router.SinglePageRouteTest,handlerFunction/0,singlePage,4
C:\halo-main\application\src\test\java\run\halo\app\theme\router\SinglePageRouteTest.java,run.halo.app.theme.router.SinglePageRouteTest,handlerFunction/0,pageName,3
C:\halo-main\application\src\main\java\run\halo\app\content\PostIndexInformer.java,run.halo.app.content.PostIndexInformer,"getByLabels/1[java.util.Map<java.lang.String,java.lang.String>]",result,4
C:\halo-main\application\src\main\java\run\halo\app\content\PostIndexInformer.java,run.halo.app.content.PostIndexInformer,"getByLabels/1[java.util.Map<java.lang.String,java.lang.String>]",entry,2
C:\halo-main\application\src\main\java\run\halo\app\content\PostIndexInformer.java,run.halo.app.content.PostIndexInformer,"getByLabels/1[java.util.Map<java.lang.String,java.lang.String>]",values,3
C:\halo-main\application\src\main\java\run\halo\app\content\PostIndexInformer.java,run.halo.app.content.PostIndexInformer,"getByLabels/1[java.util.Map<java.lang.String,java.lang.String>]",labels,2
C:\halo-main\application\src\main\java\run\halo\app\content\PostIndexInformer.java,run.halo.app.content.PostIndexInformer,checkExtension/1[run.halo.app.content.Extension],extension,2
C:\halo-main\application\src\main\java\run\halo\app\content\PostIndexInformer.java,run.halo.app.content.PostIndexInformer,convertTo/1[run.halo.app.content.Extension],extension,3
C:\halo-main\application\src\main\java\run\halo\app\content\PostIndexInformer.java,run.halo.app.content.PostIndexInformer,isPost/1[run.halo.app.content.Extension],extension,1
C:\halo-main\application\src\main\java\run\halo\app\content\PostIndexInformer.java,run.halo.app.content.PostIndexInformer,onApplicationEvent/1[run.halo.app.infra.SchemeInitializedEvent],event,0
C:\halo-main\application\src\main\java\run\halo\app\content\PostIndexInformer.java,run.halo.app.content.PostIndexInformer,"getByIndex/2[java.lang.String,java.lang.String]",indexName,1
C:\halo-main\application\src\main\java\run\halo\app\content\PostIndexInformer.java,run.halo.app.content.PostIndexInformer,"getByIndex/2[java.lang.String,java.lang.String]",indexKey,1
C:\halo-main\application\src\main\java\run\halo\app\content\PostIndexInformer.java,run.halo.app.content.PostIndexInformer,getByTagName/1[java.lang.String],tagName,1
C:\halo-main\application\src\main\java\run\halo\app\content\PostIndexInformer.java,run.halo.app.content.PostIndexInformer,labelIndexFunc/0,entry,2
C:\halo-main\application\src\main\java\run\halo\app\content\PostIndexInformer.java,run.halo.app.content.PostIndexInformer,labelIndexFunc/0,post,1
C:\halo-main\application\src\main\java\run\halo\app\content\PostIndexInformer.java,run.halo.app.content.PostIndexInformer,labelIndexFunc/0,indexKeys,2
C:\halo-main\application\src\main\java\run\halo\app\content\PostIndexInformer.java,run.halo.app.content.PostIndexInformer,labelIndexFunc/0,labels,1
C:\halo-main\application\src\main\java\run\halo\app\content\PostIndexInformer.java,run.halo.app.content.PostIndexInformer,"labelKey/2[java.lang.String,java.lang.String]",labelValue,1
C:\halo-main\application\src\main\java\run\halo\app\content\PostIndexInformer.java,run.halo.app.content.PostIndexInformer,"labelKey/2[java.lang.String,java.lang.String]",labelName,1
C:\halo-main\application\src\main\java\run\halo\app\content\PostIndexInformer.java,run.halo.app.content.PostIndexInformer,PostIndexInformer/1[run.halo.app.content.ExtensionClient],post,1
C:\halo-main\application\src\main\java\run\halo\app\content\PostIndexInformer.java,run.halo.app.content.PostIndexInformer,PostIndexInformer/1[run.halo.app.content.ExtensionClient],client,1
C:\halo-main\application\src\main\java\run\halo\app\content\PostIndexInformer.java,run.halo.app.content.PostIndexInformer,PostIndexInformer/1[run.halo.app.content.ExtensionClient],tags,2
C:\halo-main\application\src\main\java\run\halo\app\content\PostIndexInformer.java,run.halo.app.content.PostIndexInformer,"getByLabel/2[java.lang.String,java.lang.String]",labelValue,1
C:\halo-main\application\src\main\java\run\halo\app\content\PostIndexInformer.java,run.halo.app.content.PostIndexInformer,"getByLabel/2[java.lang.String,java.lang.String]",labelName,1
C:\halo-main\application\src\main\java\run\halo\app\extension\DelegateExtensionClient.java,run.halo.app.extension.DelegateExtensionClient,"list/5[java.lang.Class<E>,java.util.function.Predicate<E>,java.util.Comparator<E>,int,int]",predicate,1
C:\halo-main\application\src\main\java\run\halo\app\extension\DelegateExtensionClient.java,run.halo.app.extension.DelegateExtensionClient,"list/5[java.lang.Class<E>,java.util.function.Predicate<E>,java.util.Comparator<E>,int,int]",comparator,1
C:\halo-main\application\src\main\java\run\halo\app\extension\DelegateExtensionClient.java,run.halo.app.extension.DelegateExtensionClient,"list/5[java.lang.Class<E>,java.util.function.Predicate<E>,java.util.Comparator<E>,int,int]",size,1
C:\halo-main\application\src\main\java\run\halo\app\extension\DelegateExtensionClient.java,run.halo.app.extension.DelegateExtensionClient,"list/5[java.lang.Class<E>,java.util.function.Predicate<E>,java.util.Comparator<E>,int,int]",page,1
C:\halo-main\application\src\main\java\run\halo\app\extension\DelegateExtensionClient.java,run.halo.app.extension.DelegateExtensionClient,"list/5[java.lang.Class<E>,java.util.function.Predicate<E>,java.util.Comparator<E>,int,int]",type,1
C:\halo-main\application\src\main\java\run\halo\app\extension\DelegateExtensionClient.java,run.halo.app.extension.DelegateExtensionClient,"list/3[java.lang.Class<E>,java.util.function.Predicate<E>,java.util.Comparator<E>]",predicate,1
C:\halo-main\application\src\main\java\run\halo\app\extension\DelegateExtensionClient.java,run.halo.app.extension.DelegateExtensionClient,"list/3[java.lang.Class<E>,java.util.function.Predicate<E>,java.util.Comparator<E>]",comparator,1
C:\halo-main\application\src\main\java\run\halo\app\extension\DelegateExtensionClient.java,run.halo.app.extension.DelegateExtensionClient,"list/3[java.lang.Class<E>,java.util.function.Predicate<E>,java.util.Comparator<E>]",type,1
C:\halo-main\application\src\main\java\run\halo\app\extension\DelegateExtensionClient.java,run.halo.app.extension.DelegateExtensionClient,"fetch/2[java.lang.Class<E>,java.lang.String]",name,1
C:\halo-main\application\src\main\java\run\halo\app\extension\DelegateExtensionClient.java,run.halo.app.extension.DelegateExtensionClient,"fetch/2[java.lang.Class<E>,java.lang.String]",type,1
C:\halo-main\application\src\main\java\run\halo\app\extension\DelegateExtensionClient.java,run.halo.app.extension.DelegateExtensionClient,"fetch/2[run.halo.app.extension.GroupVersionKind,java.lang.String]",name,1
C:\halo-main\application\src\main\java\run\halo\app\extension\DelegateExtensionClient.java,run.halo.app.extension.DelegateExtensionClient,"fetch/2[run.halo.app.extension.GroupVersionKind,java.lang.String]",gvk,1
C:\halo-main\application\src\main\java\run\halo\app\extension\DelegateExtensionClient.java,run.halo.app.extension.DelegateExtensionClient,update/1[E],extension,1
C:\halo-main\application\src\main\java\run\halo\app\extension\DelegateExtensionClient.java,run.halo.app.extension.DelegateExtensionClient,watch/1[run.halo.app.extension.Watcher],watcher,1
C:\halo-main\application\src\main\java\run\halo\app\extension\DelegateExtensionClient.java,run.halo.app.extension.DelegateExtensionClient,create/1[E],extension,1
C:\halo-main\application\src\main\java\run\halo\app\extension\DelegateExtensionClient.java,run.halo.app.extension.DelegateExtensionClient,delete/1[E],extension,1
C:\halo-main\application\src\main\java\run\halo\app\extension\DelegateExtensionClient.java,run.halo.app.extension.DelegateExtensionClient,DelegateExtensionClient/1[run.halo.app.extension.ReactiveExtensionClient],client,2
C:\halo-main\application\src\main\java\run\halo\app\infra\exception\UserNotFoundException.java,run.halo.app.infra.exception.UserNotFoundException,UserNotFoundException/1[java.lang.String],username,2
C:\halo-main\application\src\test\java\run\halo\app\extension\router\ExtensionGetHandlerTest.java,run.halo.app.extension.router.ExtensionGetHandlerTest,shouldBuildPathPatternCorrectly/0,scheme,1
C:\halo-main\application\src\test\java\run\halo\app\extension\router\ExtensionGetHandlerTest.java,run.halo.app.extension.router.ExtensionGetHandlerTest,shouldBuildPathPatternCorrectly/0,pathPattern,2
C:\halo-main\application\src\test\java\run\halo\app\extension\router\ExtensionGetHandlerTest.java,run.halo.app.extension.router.ExtensionGetHandlerTest,shouldBuildPathPatternCorrectly/0,getHandler,1
C:\halo-main\application\src\test\java\run\halo\app\extension\router\ExtensionGetHandlerTest.java,run.halo.app.extension.router.ExtensionGetHandlerTest,shouldHandleCorrectly/0,responseMono,1
C:\halo-main\application\src\test\java\run\halo\app\extension\router\ExtensionGetHandlerTest.java,run.halo.app.extension.router.ExtensionGetHandlerTest,shouldHandleCorrectly/0,scheme,1
C:\halo-main\application\src\test\java\run\halo\app\extension\router\ExtensionGetHandlerTest.java,run.halo.app.extension.router.ExtensionGetHandlerTest,shouldHandleCorrectly/0,response,4
C:\halo-main\application\src\test\java\run\halo\app\extension\router\ExtensionGetHandlerTest.java,run.halo.app.extension.router.ExtensionGetHandlerTest,shouldHandleCorrectly/0,fake,2
C:\halo-main\application\src\test\java\run\halo\app\extension\router\ExtensionGetHandlerTest.java,run.halo.app.extension.router.ExtensionGetHandlerTest,shouldHandleCorrectly/0,getHandler,1
C:\halo-main\application\src\test\java\run\halo\app\extension\router\ExtensionGetHandlerTest.java,run.halo.app.extension.router.ExtensionGetHandlerTest,shouldHandleCorrectly/0,serverRequest,1
C:\halo-main\application\src\test\java\run\halo\app\extension\router\ExtensionGetHandlerTest.java,run.halo.app.extension.router.ExtensionGetHandlerTest,shouldThrowExceptionWhenExtensionNotFound/0,responseMono,1
C:\halo-main\application\src\test\java\run\halo\app\extension\router\ExtensionGetHandlerTest.java,run.halo.app.extension.router.ExtensionGetHandlerTest,shouldThrowExceptionWhenExtensionNotFound/0,scheme,1
C:\halo-main\application\src\test\java\run\halo\app\extension\router\ExtensionGetHandlerTest.java,run.halo.app.extension.router.ExtensionGetHandlerTest,shouldThrowExceptionWhenExtensionNotFound/0,getHandler,1
C:\halo-main\application\src\test\java\run\halo\app\extension\router\ExtensionGetHandlerTest.java,run.halo.app.extension.router.ExtensionGetHandlerTest,shouldThrowExceptionWhenExtensionNotFound/0,serverRequest,1
C:\halo-main\application\src\main\java\run\halo\app\theme\finders\impl\PostFinderImpl.java,run.halo.app.theme.finders.impl.PostFinderImpl$FixedSizeSlidingWindow,add/1[T],t,1
C:\halo-main\application\src\main\java\run\halo\app\theme\finders\impl\PostFinderImpl.java,run.halo.app.theme.finders.impl.PostFinderImpl$FixedSizeSlidingWindow,indexOf/1[T],elements,2
C:\halo-main\application\src\main\java\run\halo\app\theme\finders\impl\PostFinderImpl.java,run.halo.app.theme.finders.impl.PostFinderImpl$FixedSizeSlidingWindow,indexOf/1[T],o,1
C:\halo-main\application\src\main\java\run\halo\app\theme\finders\impl\PostFinderImpl.java,run.halo.app.theme.finders.impl.PostFinderImpl$FixedSizeSlidingWindow,FixedSizeSlidingWindow/1[int],size,3
C:\halo-main\application\src\test\java\run\halo\app\config\ExtensionConfigurationTest.java,run.halo.app.config.ExtensionConfigurationTest,setUp/0,role,5
C:\halo-main\application\src\test\java\run\halo\app\config\ExtensionConfigurationTest.java,run.halo.app.config.ExtensionConfigurationTest,setUp/0,rule,1
C:\halo-main\application\src\test\java\run\halo\app\config\ExtensionConfigurationTest.java,run.halo.app.config.ExtensionConfigurationTest,cleanUp/1[run.halo.app.extension.store.ExtensionStoreRepository],repository,1
C:\halo-main\application\src\test\java\run\halo\app\theme\finders\impl\SinglePageFinderImplTest.java,run.halo.app.theme.finders.impl.SinglePageFinderImplTest,getByName/0,singlePage,11
C:\halo-main\application\src\test\java\run\halo\app\theme\finders\impl\SinglePageFinderImplTest.java,run.halo.app.theme.finders.impl.SinglePageFinderImplTest,getByName/0,page,2
C:\halo-main\application\src\test\java\run\halo\app\theme\finders\impl\SinglePageFinderImplTest.java,run.halo.app.theme.finders.impl.SinglePageFinderImplTest,getByName/0,fakePageName,4
C:\halo-main\application\src\main\java\run\halo\app\content\comment\ReplyService.java,run.halo.app.content.comment.ReplyService,creationTimeAscComparator/0,creationTime,1
C:\halo-main\application\src\main\java\run\halo\app\content\comment\ReplyService.java,run.halo.app.content.comment.ReplyService,creationTimeAscComparator/0,metadataCreationTime,1
C:\halo-main\application\src\main\java\run\halo\app\content\comment\ReplyService.java,run.halo.app.content.comment.ReplyService,creationTimeAscComparator/0,reply,5
C:\halo-main\application\src\main\java\run\halo\app\content\comment\ReplyService.java,run.halo.app.content.comment.ReplyService,list/1[run.halo.app.content.comment.ReplyQuery],query,0
C:\halo-main\application\src\main\java\run\halo\app\content\comment\ReplyService.java,run.halo.app.content.comment.ReplyService,"create/2[java.lang.String,run.halo.app.content.comment.Reply]",commentName,0
C:\halo-main\application\src\main\java\run\halo\app\content\comment\ReplyService.java,run.halo.app.content.comment.ReplyService,"create/2[java.lang.String,run.halo.app.content.comment.Reply]",reply,0
C:\halo-main\application\src\test\java\run\halo\app\theme\router\factories\RouteFactoryTestSuite.java,run.halo.app.theme.router.factories.RouteFactoryTestSuite,getThemeRouteRules/0,themeRouteRules,5
C:\halo-main\application\src\test\java\run\halo\app\theme\router\factories\RouteFactoryTestSuite.java,run.halo.app.theme.router.factories.RouteFactoryTestSuite,getWebTestClient/1[run.halo.app.theme.router.factories.RouterFunction<run.halo.app.theme.router.factories.ServerResponse>],routeFunction,1
C:\halo-main\application\src\test\java\run\halo\app\plugin\PluginCompositeRouterFunctionTest.java,run.halo.app.plugin.PluginCompositeRouterFunctionTest,route/0,result,1
C:\halo-main\application\src\test\java\run\halo\app\plugin\PluginCompositeRouterFunctionTest.java,run.halo.app.plugin.PluginCompositeRouterFunctionTest,route/0,mapping,2
C:\halo-main\application\src\test\java\run\halo\app\plugin\PluginCompositeRouterFunctionTest.java,run.halo.app.plugin.PluginCompositeRouterFunctionTest,setUp/0,request,1
C:\halo-main\application\src\test\java\run\halo\app\plugin\PluginCompositeRouterFunctionTest.java,run.halo.app.plugin.PluginCompositeRouterFunctionTest,setUp/0,routerFunction,1
C:\halo-main\application\src\test\java\run\halo\app\plugin\PluginCompositeRouterFunctionTest.java,run.halo.app.plugin.PluginCompositeRouterFunctionTest,createExchange/1[java.lang.String],urlTemplate,1
C:\halo-main\application\src\main\java\run\halo\app\security\authentication\login\LoginAuthenticationConverter.java,run.halo.app.security.authentication.login.LoginAuthenticationConverter,LoginAuthenticationConverter/1[run.halo.app.security.authentication.login.CryptoService],cryptoService,2
C:\halo-main\application\src\main\java\run\halo\app\security\authentication\login\LoginAuthenticationConverter.java,run.halo.app.security.authentication.login.LoginAuthenticationConverter,convert/1[run.halo.app.security.authentication.login.ServerWebExchange],credentialsBytes,2
C:\halo-main\application\src\main\java\run\halo\app\security\authentication\login\LoginAuthenticationConverter.java,run.halo.app.security.authentication.login.LoginAuthenticationConverter,convert/1[run.halo.app.security.authentication.login.ServerWebExchange],credentials,1
C:\halo-main\application\src\main\java\run\halo\app\security\authentication\login\LoginAuthenticationConverter.java,run.halo.app.security.authentication.login.LoginAuthenticationConverter,convert/1[run.halo.app.security.authentication.login.ServerWebExchange],e,0
C:\halo-main\application\src\main\java\run\halo\app\security\authentication\login\LoginAuthenticationConverter.java,run.halo.app.security.authentication.login.LoginAuthenticationConverter,convert/1[run.halo.app.security.authentication.login.ServerWebExchange],decryptedCredentials,1
C:\halo-main\application\src\main\java\run\halo\app\security\authentication\login\LoginAuthenticationConverter.java,run.halo.app.security.authentication.login.LoginAuthenticationConverter,convert/1[run.halo.app.security.authentication.login.ServerWebExchange],exchange,1
C:\halo-main\application\src\main\java\run\halo\app\security\authentication\login\LoginAuthenticationConverter.java,run.halo.app.security.authentication.login.LoginAuthenticationConverter,convert/1[run.halo.app.security.authentication.login.ServerWebExchange],error,1
C:\halo-main\application\src\main\java\run\halo\app\security\authentication\login\LoginAuthenticationConverter.java,run.halo.app.security.authentication.login.LoginAuthenticationConverter,convert/1[run.halo.app.security.authentication.login.ServerWebExchange],token,2
C:\halo-main\application\src\main\java\run\halo\app\content\impl\SinglePageServiceImpl.java,run.halo.app.content.impl.SinglePageServiceImpl,pageListPredicate/1[run.halo.app.content.SinglePageQuery],predicate,1
C:\halo-main\application\src\main\java\run\halo\app\content\impl\SinglePageServiceImpl.java,run.halo.app.content.impl.SinglePageServiceImpl,pageListPredicate/1[run.halo.app.content.SinglePageQuery],visible,2
C:\halo-main\application\src\main\java\run\halo\app\content\impl\SinglePageServiceImpl.java,run.halo.app.content.impl.SinglePageServiceImpl,pageListPredicate/1[run.halo.app.content.SinglePageQuery],paramPredicate,7
C:\halo-main\application\src\main\java\run\halo\app\content\impl\SinglePageServiceImpl.java,run.halo.app.content.impl.SinglePageServiceImpl,pageListPredicate/1[run.halo.app.content.SinglePageQuery],post,1
C:\halo-main\application\src\main\java\run\halo\app\content\impl\SinglePageServiceImpl.java,run.halo.app.content.impl.SinglePageServiceImpl,pageListPredicate/1[run.halo.app.content.SinglePageQuery],singlePage,1
C:\halo-main\application\src\main\java\run\halo\app\content\impl\SinglePageServiceImpl.java,run.halo.app.content.impl.SinglePageServiceImpl,pageListPredicate/1[run.halo.app.content.SinglePageQuery],query,6
C:\halo-main\application\src\main\java\run\halo\app\content\impl\SinglePageServiceImpl.java,run.halo.app.content.impl.SinglePageServiceImpl,pageListPredicate/1[run.halo.app.content.SinglePageQuery],page,8
C:\halo-main\application\src\main\java\run\halo\app\content\impl\SinglePageServiceImpl.java,run.halo.app.content.impl.SinglePageServiceImpl,pageListPredicate/1[run.halo.app.content.SinglePageQuery],keyword,4
C:\halo-main\application\src\main\java\run\halo\app\content\impl\SinglePageServiceImpl.java,run.halo.app.content.impl.SinglePageServiceImpl,pageListPredicate/1[run.halo.app.content.SinglePageQuery],excerpt,1
C:\halo-main\application\src\main\java\run\halo\app\content\impl\SinglePageServiceImpl.java,run.halo.app.content.impl.SinglePageServiceImpl,pageListPredicate/1[run.halo.app.content.SinglePageQuery],publishPhase,3
C:\halo-main\application\src\main\java\run\halo\app\content\impl\SinglePageServiceImpl.java,run.halo.app.content.impl.SinglePageServiceImpl,"SinglePageServiceImpl/3[run.halo.app.content.impl.ReactiveExtensionClient,run.halo.app.metrics.CounterService,run.halo.app.core.extension.service.UserService]",client,3
C:\halo-main\application\src\main\java\run\halo\app\content\impl\SinglePageServiceImpl.java,run.halo.app.content.impl.SinglePageServiceImpl,"SinglePageServiceImpl/3[run.halo.app.content.impl.ReactiveExtensionClient,run.halo.app.metrics.CounterService,run.halo.app.core.extension.service.UserService]",counterService,2
C:\halo-main\application\src\main\java\run\halo\app\content\impl\SinglePageServiceImpl.java,run.halo.app.content.impl.SinglePageServiceImpl,"SinglePageServiceImpl/3[run.halo.app.content.impl.ReactiveExtensionClient,run.halo.app.metrics.CounterService,run.halo.app.core.extension.service.UserService]",userService,2
C:\halo-main\application\src\main\java\run\halo\app\content\impl\SinglePageServiceImpl.java,run.halo.app.content.impl.SinglePageServiceImpl,update/1[run.halo.app.content.impl.SinglePageRequest],releaseSnapshot,1
C:\halo-main\application\src\main\java\run\halo\app\content\impl\SinglePageServiceImpl.java,run.halo.app.content.impl.SinglePageServiceImpl,update/1[run.halo.app.content.impl.SinglePageRequest],throwable,1
C:\halo-main\application\src\main\java\run\halo\app\content\impl\SinglePageServiceImpl.java,run.halo.app.content.impl.SinglePageServiceImpl,update/1[run.halo.app.content.impl.SinglePageRequest],pageRequest,3
C:\halo-main\application\src\main\java\run\halo\app\content\impl\SinglePageServiceImpl.java,run.halo.app.content.impl.SinglePageServiceImpl,update/1[run.halo.app.content.impl.SinglePageRequest],page,8
C:\halo-main\application\src\main\java\run\halo\app\content\impl\SinglePageServiceImpl.java,run.halo.app.content.impl.SinglePageServiceImpl,update/1[run.halo.app.content.impl.SinglePageRequest],contentWrapper,3
C:\halo-main\application\src\main\java\run\halo\app\content\impl\SinglePageServiceImpl.java,run.halo.app.content.impl.SinglePageServiceImpl,update/1[run.halo.app.content.impl.SinglePageRequest],headSnapshot,2
C:\halo-main\application\src\main\java\run\halo\app\content\impl\SinglePageServiceImpl.java,run.halo.app.content.impl.SinglePageServiceImpl,update/1[run.halo.app.content.impl.SinglePageRequest],baseSnapshot,2
C:\halo-main\application\src\main\java\run\halo\app\content\impl\SinglePageServiceImpl.java,run.halo.app.content.impl.SinglePageServiceImpl,fetchStats/1[run.halo.app.content.impl.SinglePage],singlePage,2
C:\halo-main\application\src\main\java\run\halo\app\content\impl\SinglePageServiceImpl.java,run.halo.app.content.impl.SinglePageServiceImpl,fetchStats/1[run.halo.app.content.impl.SinglePage],name,1
C:\halo-main\application\src\main\java\run\halo\app\content\impl\SinglePageServiceImpl.java,run.halo.app.content.impl.SinglePageServiceImpl,fetchStats/1[run.halo.app.content.impl.SinglePage],counter,4
C:\halo-main\application\src\main\java\run\halo\app\content\impl\SinglePageServiceImpl.java,run.halo.app.content.impl.SinglePageServiceImpl,"setOwner/2[java.lang.String,run.halo.app.content.ListedSinglePage]",contributor,4
C:\halo-main\application\src\main\java\run\halo\app\content\impl\SinglePageServiceImpl.java,run.halo.app.content.impl.SinglePageServiceImpl,"setOwner/2[java.lang.String,run.halo.app.content.ListedSinglePage]",ownerName,1
C:\halo-main\application\src\main\java\run\halo\app\content\impl\SinglePageServiceImpl.java,run.halo.app.content.impl.SinglePageServiceImpl,"setOwner/2[java.lang.String,run.halo.app.content.ListedSinglePage]",page,2
C:\halo-main\application\src\main\java\run\halo\app\content\impl\SinglePageServiceImpl.java,run.halo.app.content.impl.SinglePageServiceImpl,"setOwner/2[java.lang.String,run.halo.app.content.ListedSinglePage]",user,3
C:\halo-main\application\src\main\java\run\halo\app\content\impl\SinglePageServiceImpl.java,run.halo.app.content.impl.SinglePageServiceImpl,list/1[run.halo.app.content.SinglePageQuery],comparator,1
C:\halo-main\application\src\main\java\run\halo\app\content\impl\SinglePageServiceImpl.java,run.halo.app.content.impl.SinglePageServiceImpl,list/1[run.halo.app.content.SinglePageQuery],listResult,4
C:\halo-main\application\src\main\java\run\halo\app\content\impl\SinglePageServiceImpl.java,run.halo.app.content.impl.SinglePageServiceImpl,list/1[run.halo.app.content.SinglePageQuery],listedSinglePages,1
C:\halo-main\application\src\main\java\run\halo\app\content\impl\SinglePageServiceImpl.java,run.halo.app.content.impl.SinglePageServiceImpl,list/1[run.halo.app.content.SinglePageQuery],query,5
C:\halo-main\application\src\main\java\run\halo\app\content\impl\SinglePageServiceImpl.java,run.halo.app.content.impl.SinglePageServiceImpl,"waitForPageToDraftConcludingWork/2[java.lang.String,run.halo.app.content.ContentWrapper]",condition,1
C:\halo-main\application\src\main\java\run\halo\app\content\impl\SinglePageServiceImpl.java,run.halo.app.content.impl.SinglePageServiceImpl,"waitForPageToDraftConcludingWork/2[java.lang.String,run.halo.app.content.ContentWrapper]",page,7
C:\halo-main\application\src\main\java\run\halo\app\content\impl\SinglePageServiceImpl.java,run.halo.app.content.impl.SinglePageServiceImpl,"waitForPageToDraftConcludingWork/2[java.lang.String,run.halo.app.content.ContentWrapper]",contentWrapper,2
C:\halo-main\application\src\main\java\run\halo\app\content\impl\SinglePageServiceImpl.java,run.halo.app.content.impl.SinglePageServiceImpl,"waitForPageToDraftConcludingWork/2[java.lang.String,run.halo.app.content.ContentWrapper]",pageName,1
C:\halo-main\application\src\main\java\run\halo\app\content\impl\SinglePageServiceImpl.java,run.halo.app.content.impl.SinglePageServiceImpl,"waitForPageToDraftConcludingWork/2[java.lang.String,run.halo.app.content.ContentWrapper]",status,2
C:\halo-main\application\src\main\java\run\halo\app\content\impl\SinglePageServiceImpl.java,run.halo.app.content.impl.SinglePageServiceImpl,"contains/2[java.util.Collection<java.lang.String>,java.util.List<java.lang.String>]",left,3
C:\halo-main\application\src\main\java\run\halo\app\content\impl\SinglePageServiceImpl.java,run.halo.app.content.impl.SinglePageServiceImpl,"contains/2[java.util.Collection<java.lang.String>,java.util.List<java.lang.String>]",right,3
C:\halo-main\application\src\main\java\run\halo\app\content\impl\SinglePageServiceImpl.java,run.halo.app.content.impl.SinglePageServiceImpl,listContributors/1[java.util.List<java.lang.String>],contributor,4
C:\halo-main\application\src\main\java\run\halo\app\content\impl\SinglePageServiceImpl.java,run.halo.app.content.impl.SinglePageServiceImpl,listContributors/1[java.util.List<java.lang.String>],usernames,2
C:\halo-main\application\src\main\java\run\halo\app\content\impl\SinglePageServiceImpl.java,run.halo.app.content.impl.SinglePageServiceImpl,listContributors/1[java.util.List<java.lang.String>],user,3
C:\halo-main\application\src\main\java\run\halo\app\content\impl\SinglePageServiceImpl.java,run.halo.app.content.impl.SinglePageServiceImpl,"setContributors/2[java.util.List<java.lang.String>,run.halo.app.content.ListedSinglePage]",singlePage,3
C:\halo-main\application\src\main\java\run\halo\app\content\impl\SinglePageServiceImpl.java,run.halo.app.content.impl.SinglePageServiceImpl,"setContributors/2[java.util.List<java.lang.String>,run.halo.app.content.ListedSinglePage]",usernames,1
C:\halo-main\application\src\main\java\run\halo\app\content\impl\SinglePageServiceImpl.java,run.halo.app.content.impl.SinglePageServiceImpl,"setContributors/2[java.util.List<java.lang.String>,run.halo.app.content.ListedSinglePage]",contributors,0
C:\halo-main\application\src\main\java\run\halo\app\content\impl\SinglePageServiceImpl.java,run.halo.app.content.impl.SinglePageServiceImpl,getReleaseContent/1[java.lang.String],singlePage,2
C:\halo-main\application\src\main\java\run\halo\app\content\impl\SinglePageServiceImpl.java,run.halo.app.content.impl.SinglePageServiceImpl,getReleaseContent/1[java.lang.String],releaseSnapshot,1
C:\halo-main\application\src\main\java\run\halo\app\content\impl\SinglePageServiceImpl.java,run.halo.app.content.impl.SinglePageServiceImpl,getReleaseContent/1[java.lang.String],singlePageName,1
C:\halo-main\application\src\main\java\run\halo\app\content\impl\SinglePageServiceImpl.java,run.halo.app.content.impl.SinglePageServiceImpl,draft/1[run.halo.app.content.impl.SinglePageRequest],pageRequest,4
C:\halo-main\application\src\main\java\run\halo\app\content\impl\SinglePageServiceImpl.java,run.halo.app.content.impl.SinglePageServiceImpl,draft/1[run.halo.app.content.impl.SinglePageRequest],contentRequest,1
C:\halo-main\application\src\main\java\run\halo\app\content\impl\SinglePageServiceImpl.java,run.halo.app.content.impl.SinglePageServiceImpl,draft/1[run.halo.app.content.impl.SinglePageRequest],page,9
C:\halo-main\application\src\main\java\run\halo\app\content\impl\SinglePageServiceImpl.java,run.halo.app.content.impl.SinglePageServiceImpl,draft/1[run.halo.app.content.impl.SinglePageRequest],contentWrapper,1
C:\halo-main\application\src\main\java\run\halo\app\content\impl\SinglePageServiceImpl.java,run.halo.app.content.impl.SinglePageServiceImpl,draft/1[run.halo.app.content.impl.SinglePageRequest],username,1
C:\halo-main\application\src\main\java\run\halo\app\content\impl\SinglePageServiceImpl.java,run.halo.app.content.impl.SinglePageServiceImpl,getHeadContent/1[java.lang.String],singlePage,2
C:\halo-main\application\src\main\java\run\halo\app\content\impl\SinglePageServiceImpl.java,run.halo.app.content.impl.SinglePageServiceImpl,getHeadContent/1[java.lang.String],singlePageName,1
C:\halo-main\application\src\main\java\run\halo\app\content\impl\SinglePageServiceImpl.java,run.halo.app.content.impl.SinglePageServiceImpl,getHeadContent/1[java.lang.String],headSnapshot,1
C:\halo-main\application\src\main\java\run\halo\app\content\impl\SinglePageServiceImpl.java,run.halo.app.content.impl.SinglePageServiceImpl,getListedSinglePage/1[run.halo.app.content.impl.SinglePage],singlePage,6
C:\halo-main\application\src\main\java\run\halo\app\content\impl\SinglePageServiceImpl.java,run.halo.app.content.impl.SinglePageServiceImpl,getListedSinglePage/1[run.halo.app.content.impl.SinglePage],lsp,3
C:\halo-main\application\src\main\java\run\halo\app\content\impl\SinglePageServiceImpl.java,run.halo.app.content.impl.SinglePageServiceImpl,getListedSinglePage/1[run.halo.app.content.impl.SinglePage],sp,3
C:\halo-main\application\src\main\java\run\halo\app\content\impl\SinglePageServiceImpl.java,run.halo.app.content.impl.SinglePageServiceImpl,getListedSinglePage/1[run.halo.app.content.impl.SinglePage],listedSinglePage,2
C:\halo-main\application\src\main\java\run\halo\app\theme\finders\vo\ContributorVo.java,run.halo.app.theme.finders.vo.ContributorVo,from/1[run.halo.app.theme.finders.vo.User],permalink,2
C:\halo-main\application\src\main\java\run\halo\app\theme\finders\vo\ContributorVo.java,run.halo.app.theme.finders.vo.ContributorVo,from/1[run.halo.app.theme.finders.vo.User],user,5
C:\halo-main\application\src\main\java\run\halo\app\theme\finders\vo\ContributorVo.java,run.halo.app.theme.finders.vo.ContributorVo,from/1[run.halo.app.theme.finders.vo.User],status,2
C:\halo-main\application\src\main\java\run\halo\app\core\extension\reconciler\CategoryReconciler.java,run.halo.app.core.extension.reconciler.CategoryReconciler,reconcileMetadata/1[java.lang.String],oldPermalinkPattern,1
C:\halo-main\application\src\main\java\run\halo\app\core\extension\reconciler\CategoryReconciler.java,run.halo.app.core.extension.reconciler.CategoryReconciler,reconcileMetadata/1[java.lang.String],name,1
C:\halo-main\application\src\main\java\run\halo\app\core\extension\reconciler\CategoryReconciler.java,run.halo.app.core.extension.reconciler.CategoryReconciler,reconcileMetadata/1[java.lang.String],annotations,2
C:\halo-main\application\src\main\java\run\halo\app\core\extension\reconciler\CategoryReconciler.java,run.halo.app.core.extension.reconciler.CategoryReconciler,reconcileMetadata/1[java.lang.String],newPattern,2
C:\halo-main\application\src\main\java\run\halo\app\core\extension\reconciler\CategoryReconciler.java,run.halo.app.core.extension.reconciler.CategoryReconciler,reconcileMetadata/1[java.lang.String],category,2
C:\halo-main\application\src\main\java\run\halo\app\core\extension\reconciler\CategoryReconciler.java,run.halo.app.core.extension.reconciler.CategoryReconciler,setupWith/1[run.halo.app.core.extension.reconciler.ControllerBuilder],builder,1
C:\halo-main\application\src\main\java\run\halo\app\core\extension\reconciler\CategoryReconciler.java,run.halo.app.core.extension.reconciler.CategoryReconciler,populatePosts/1[run.halo.app.core.extension.reconciler.Category],categoryNames,1
C:\halo-main\application\src\main\java\run\halo\app\core\extension\reconciler\CategoryReconciler.java,run.halo.app.core.extension.reconciler.CategoryReconciler,populatePosts/1[run.halo.app.core.extension.reconciler.Category],item,1
C:\halo-main\application\src\main\java\run\halo\app\core\extension\reconciler\CategoryReconciler.java,run.halo.app.core.extension.reconciler.CategoryReconciler,populatePosts/1[run.halo.app.core.extension.reconciler.Category],post,10
C:\halo-main\application\src\main\java\run\halo\app\core\extension\reconciler\CategoryReconciler.java,run.halo.app.core.extension.reconciler.CategoryReconciler,populatePosts/1[run.halo.app.core.extension.reconciler.Category],visiblePostCount,1
C:\halo-main\application\src\main\java\run\halo\app\core\extension\reconciler\CategoryReconciler.java,run.halo.app.core.extension.reconciler.CategoryReconciler,populatePosts/1[run.halo.app.core.extension.reconciler.Category],name,2
C:\halo-main\application\src\main\java\run\halo\app\core\extension\reconciler\CategoryReconciler.java,run.halo.app.core.extension.reconciler.CategoryReconciler,populatePosts/1[run.halo.app.core.extension.reconciler.Category],compactPosts,2
C:\halo-main\application\src\main\java\run\halo\app\core\extension\reconciler\CategoryReconciler.java,run.halo.app.core.extension.reconciler.CategoryReconciler,populatePosts/1[run.halo.app.core.extension.reconciler.Category],category,3
C:\halo-main\application\src\main\java\run\halo\app\core\extension\reconciler\CategoryReconciler.java,run.halo.app.core.extension.reconciler.CategoryReconciler,populatePosts/1[run.halo.app.core.extension.reconciler.Category],posts,1
C:\halo-main\application\src\main\java\run\halo\app\core\extension\reconciler\CategoryReconciler.java,run.halo.app.core.extension.reconciler.CategoryReconciler,listChildrenByName/1[java.lang.String],nameIdentityMap,1
C:\halo-main\application\src\main\java\run\halo\app\core\extension\reconciler\CategoryReconciler.java,run.halo.app.core.extension.reconciler.CategoryReconciler,listChildrenByName/1[java.lang.String],deque,4
C:\halo-main\application\src\main\java\run\halo\app\core\extension\reconciler\CategoryReconciler.java,run.halo.app.core.extension.reconciler.CategoryReconciler,listChildrenByName/1[java.lang.String],itemName,1
C:\halo-main\application\src\main\java\run\halo\app\core\extension\reconciler\CategoryReconciler.java,run.halo.app.core.extension.reconciler.CategoryReconciler,listChildrenByName/1[java.lang.String],children,2
C:\halo-main\application\src\main\java\run\halo\app\core\extension\reconciler\CategoryReconciler.java,run.halo.app.core.extension.reconciler.CategoryReconciler,listChildrenByName/1[java.lang.String],name,1
C:\halo-main\application\src\main\java\run\halo\app\core\extension\reconciler\CategoryReconciler.java,run.halo.app.core.extension.reconciler.CategoryReconciler,listChildrenByName/1[java.lang.String],categories,1
C:\halo-main\application\src\main\java\run\halo\app\core\extension\reconciler\CategoryReconciler.java,run.halo.app.core.extension.reconciler.CategoryReconciler,listChildrenByName/1[java.lang.String],category,5
C:\halo-main\application\src\main\java\run\halo\app\core\extension\reconciler\CategoryReconciler.java,run.halo.app.core.extension.reconciler.CategoryReconciler,listChildrenByName/1[java.lang.String],childrenNames,2
C:\halo-main\application\src\main\java\run\halo\app\core\extension\reconciler\CategoryReconciler.java,run.halo.app.core.extension.reconciler.CategoryReconciler,reconcile/1[run.halo.app.core.extension.reconciler.Request],request,5
C:\halo-main\application\src\main\java\run\halo\app\core\extension\reconciler\CategoryReconciler.java,run.halo.app.core.extension.reconciler.CategoryReconciler,reconcile/1[run.halo.app.core.extension.reconciler.Request],category,2
C:\halo-main\application\src\main\java\run\halo\app\core\extension\reconciler\CategoryReconciler.java,run.halo.app.core.extension.reconciler.CategoryReconciler,addFinalizerIfNecessary/1[run.halo.app.core.extension.reconciler.Category],finalizers,2
C:\halo-main\application\src\main\java\run\halo\app\core\extension\reconciler\CategoryReconciler.java,run.halo.app.core.extension.reconciler.CategoryReconciler,addFinalizerIfNecessary/1[run.halo.app.core.extension.reconciler.Category],oldCategory,2
C:\halo-main\application\src\main\java\run\halo\app\core\extension\reconciler\CategoryReconciler.java,run.halo.app.core.extension.reconciler.CategoryReconciler,addFinalizerIfNecessary/1[run.halo.app.core.extension.reconciler.Category],category,3
C:\halo-main\application\src\main\java\run\halo\app\core\extension\reconciler\CategoryReconciler.java,run.halo.app.core.extension.reconciler.CategoryReconciler,addFinalizerIfNecessary/1[run.halo.app.core.extension.reconciler.Category],newFinalizers,4
C:\halo-main\application\src\main\java\run\halo\app\core\extension\reconciler\CategoryReconciler.java,run.halo.app.core.extension.reconciler.CategoryReconciler,cleanUpResourcesAndRemoveFinalizer/1[java.lang.String],category,3
C:\halo-main\application\src\main\java\run\halo\app\core\extension\reconciler\CategoryReconciler.java,run.halo.app.core.extension.reconciler.CategoryReconciler,cleanUpResourcesAndRemoveFinalizer/1[java.lang.String],categoryName,1
C:\halo-main\application\src\main\java\run\halo\app\core\extension\reconciler\CategoryReconciler.java,run.halo.app.core.extension.reconciler.CategoryReconciler,reconcileStatusPermalink/1[java.lang.String],name,1
C:\halo-main\application\src\main\java\run\halo\app\core\extension\reconciler\CategoryReconciler.java,run.halo.app.core.extension.reconciler.CategoryReconciler,reconcileStatusPermalink/1[java.lang.String],oldCategory,1
C:\halo-main\application\src\main\java\run\halo\app\core\extension\reconciler\CategoryReconciler.java,run.halo.app.core.extension.reconciler.CategoryReconciler,reconcileStatusPermalink/1[java.lang.String],category,5
C:\halo-main\application\src\main\java\run\halo\app\core\extension\reconciler\CategoryReconciler.java,run.halo.app.core.extension.reconciler.CategoryReconciler,"includes/2[java.util.List<java.lang.String>,java.util.List<java.lang.String>]",categoryNames,2
C:\halo-main\application\src\main\java\run\halo\app\core\extension\reconciler\CategoryReconciler.java,run.halo.app.core.extension.reconciler.CategoryReconciler,"includes/2[java.util.List<java.lang.String>,java.util.List<java.lang.String>]",categoryRefs,2
C:\halo-main\application\src\main\java\run\halo\app\core\extension\reconciler\CategoryReconciler.java,run.halo.app.core.extension.reconciler.CategoryReconciler,"includes/2[java.util.List<java.lang.String>,java.util.List<java.lang.String>]",categoryRef,1
C:\halo-main\application\src\main\java\run\halo\app\core\extension\reconciler\CategoryReconciler.java,run.halo.app.core.extension.reconciler.CategoryReconciler,reconcileStatusPosts/1[java.lang.String],name,1
C:\halo-main\application\src\main\java\run\halo\app\core\extension\reconciler\CategoryReconciler.java,run.halo.app.core.extension.reconciler.CategoryReconciler,reconcileStatusPosts/1[java.lang.String],oldCategory,1
C:\halo-main\application\src\main\java\run\halo\app\core\extension\reconciler\CategoryReconciler.java,run.halo.app.core.extension.reconciler.CategoryReconciler,reconcileStatusPosts/1[java.lang.String],category,4
C:\halo-main\application\src\main\java\run\halo\app\core\extension\endpoint\UserEndpoint.java,run.halo.app.core.extension.endpoint.UserEndpoint$ListRequest,ListRequest/1[run.halo.app.core.extension.endpoint.ServerRequest],request,2
C:\halo-main\application\src\main\java\run\halo\app\core\extension\endpoint\UserEndpoint.java,run.halo.app.core.extension.endpoint.UserEndpoint$ListRequest,toComparator/0,comparator,3
C:\halo-main\application\src\main\java\run\halo\app\core\extension\endpoint\UserEndpoint.java,run.halo.app.core.extension.endpoint.UserEndpoint$ListRequest,toComparator/0,ctOrder,2
C:\halo-main\application\src\main\java\run\halo\app\core\extension\endpoint\UserEndpoint.java,run.halo.app.core.extension.endpoint.UserEndpoint$ListRequest,toComparator/0,sort,1
C:\halo-main\application\src\main\java\run\halo\app\core\extension\endpoint\UserEndpoint.java,run.halo.app.core.extension.endpoint.UserEndpoint$ListRequest,toComparator/0,user,1
C:\halo-main\application\src\main\java\run\halo\app\core\extension\endpoint\UserEndpoint.java,run.halo.app.core.extension.endpoint.UserEndpoint$ListRequest,toComparator/0,comparators,4
C:\halo-main\application\src\main\java\run\halo\app\core\extension\endpoint\UserEndpoint.java,run.halo.app.core.extension.endpoint.UserEndpoint$ListRequest,toPredicate/0,role,2
C:\halo-main\application\src\main\java\run\halo\app\core\extension\endpoint\UserEndpoint.java,run.halo.app.core.extension.endpoint.UserEndpoint$ListRequest,toPredicate/0,displayName,2
C:\halo-main\application\src\main\java\run\halo\app\core\extension\endpoint\UserEndpoint.java,run.halo.app.core.extension.endpoint.UserEndpoint$ListRequest,toPredicate/0,displayNamePredicate,1
C:\halo-main\application\src\main\java\run\halo\app\core\extension\endpoint\UserEndpoint.java,run.halo.app.core.extension.endpoint.UserEndpoint$ListRequest,toPredicate/0,pattern,1
C:\halo-main\application\src\main\java\run\halo\app\core\extension\endpoint\UserEndpoint.java,run.halo.app.core.extension.endpoint.UserEndpoint$ListRequest,toPredicate/0,annotations,3
C:\halo-main\application\src\main\java\run\halo\app\core\extension\endpoint\UserEndpoint.java,run.halo.app.core.extension.endpoint.UserEndpoint$ListRequest,toPredicate/0,keyword,2
C:\halo-main\application\src\main\java\run\halo\app\core\extension\endpoint\UserEndpoint.java,run.halo.app.core.extension.endpoint.UserEndpoint$ListRequest,toPredicate/0,rolePredicate,1
C:\halo-main\application\src\main\java\run\halo\app\core\extension\endpoint\UserEndpoint.java,run.halo.app.core.extension.endpoint.UserEndpoint$ListRequest,toPredicate/0,matcher,3
C:\halo-main\application\src\main\java\run\halo\app\core\extension\endpoint\UserEndpoint.java,run.halo.app.core.extension.endpoint.UserEndpoint$ListRequest,toPredicate/0,user,3
C:\halo-main\application\src\main\java\run\halo\app\security\AuthProviderServiceImpl.java,run.halo.app.security.AuthProviderServiceImpl,updateAuthProviderEnabled/1[java.util.function.Consumer<java.util.Set<java.lang.String>>],authProvider,2
C:\halo-main\application\src\main\java\run\halo\app\security\AuthProviderServiceImpl.java,run.halo.app.security.AuthProviderServiceImpl,updateAuthProviderEnabled/1[java.util.function.Consumer<java.util.Set<java.lang.String>>],data,1
C:\halo-main\application\src\main\java\run\halo\app\security\AuthProviderServiceImpl.java,run.halo.app.security.AuthProviderServiceImpl,updateAuthProviderEnabled/1[java.util.function.Consumer<java.util.Set<java.lang.String>>],configMap,8
C:\halo-main\application\src\main\java\run\halo\app\security\AuthProviderServiceImpl.java,run.halo.app.security.AuthProviderServiceImpl,updateAuthProviderEnabled/1[java.util.function.Consumer<java.util.Set<java.lang.String>>],consumer,1
C:\halo-main\application\src\main\java\run\halo\app\security\AuthProviderServiceImpl.java,run.halo.app.security.AuthProviderServiceImpl,convertTo/1[run.halo.app.security.AuthProvider],authProvider,11
C:\halo-main\application\src\main\java\run\halo\app\security\AuthProviderServiceImpl.java,run.halo.app.security.AuthProviderServiceImpl,privileged/1[run.halo.app.security.AuthProvider],authProvider,1
C:\halo-main\application\src\main\java\run\halo\app\security\AuthProviderServiceImpl.java,run.halo.app.security.AuthProviderServiceImpl,listAll/0,item,1
C:\halo-main\application\src\main\java\run\halo\app\security\AuthProviderServiceImpl.java,run.halo.app.security.AuthProviderServiceImpl,listAll/0,names,1
C:\halo-main\application\src\main\java\run\halo\app\security\AuthProviderServiceImpl.java,run.halo.app.security.AuthProviderServiceImpl,listAll/0,provider,7
C:\halo-main\application\src\main\java\run\halo\app\security\AuthProviderServiceImpl.java,run.halo.app.security.AuthProviderServiceImpl,listAll/0,connectedNames,1
C:\halo-main\application\src\main\java\run\halo\app\security\AuthProviderServiceImpl.java,run.halo.app.security.AuthProviderServiceImpl,listAll/0,isBound,1
C:\halo-main\application\src\main\java\run\halo\app\security\AuthProviderServiceImpl.java,run.halo.app.security.AuthProviderServiceImpl,listAll/0,connection,1
C:\halo-main\application\src\main\java\run\halo\app\security\AuthProviderServiceImpl.java,run.halo.app.security.AuthProviderServiceImpl,listAll/0,providers,5
C:\halo-main\application\src\main\java\run\halo\app\security\AuthProviderServiceImpl.java,run.halo.app.security.AuthProviderServiceImpl,listAll/0,enabled,1
C:\halo-main\application\src\main\java\run\halo\app\security\AuthProviderServiceImpl.java,run.halo.app.security.AuthProviderServiceImpl,supportsBinding/1[run.halo.app.security.AuthProvider],authProvider,1
C:\halo-main\application\src\main\java\run\halo\app\security\AuthProviderServiceImpl.java,run.halo.app.security.AuthProviderServiceImpl,getAuthProvider/1[run.halo.app.security.ConfigMap],authProvider,5
C:\halo-main\application\src\main\java\run\halo\app\security\AuthProviderServiceImpl.java,run.halo.app.security.AuthProviderServiceImpl,getAuthProvider/1[run.halo.app.security.ConfigMap],data,1
C:\halo-main\application\src\main\java\run\halo\app\security\AuthProviderServiceImpl.java,run.halo.app.security.AuthProviderServiceImpl,getAuthProvider/1[run.halo.app.security.ConfigMap],configMap,3
C:\halo-main\application\src\main\java\run\halo\app\security\AuthProviderServiceImpl.java,run.halo.app.security.AuthProviderServiceImpl,getAuthProvider/1[run.halo.app.security.ConfigMap],providerGroup,2
C:\halo-main\application\src\main\java\run\halo\app\security\AuthProviderServiceImpl.java,run.halo.app.security.AuthProviderServiceImpl,fetchEnabledAuthProviders/0,authProvider,1
C:\halo-main\application\src\main\java\run\halo\app\security\AuthProviderServiceImpl.java,run.halo.app.security.AuthProviderServiceImpl,fetchEnabledAuthProviders/0,configMap,1
C:\halo-main\application\src\main\java\run\halo\app\security\AuthProviderServiceImpl.java,run.halo.app.security.AuthProviderServiceImpl,enable/1[java.lang.String],authProvider,1
C:\halo-main\application\src\main\java\run\halo\app\security\AuthProviderServiceImpl.java,run.halo.app.security.AuthProviderServiceImpl,enable/1[java.lang.String],name,2
C:\halo-main\application\src\main\java\run\halo\app\security\AuthProviderServiceImpl.java,run.halo.app.security.AuthProviderServiceImpl,enable/1[java.lang.String],enabled,1
C:\halo-main\application\src\main\java\run\halo\app\security\AuthProviderServiceImpl.java,run.halo.app.security.AuthProviderServiceImpl,disable/1[java.lang.String],authProvider,3
C:\halo-main\application\src\main\java\run\halo\app\security\AuthProviderServiceImpl.java,run.halo.app.security.AuthProviderServiceImpl,disable/1[java.lang.String],name,2
C:\halo-main\application\src\main\java\run\halo\app\security\AuthProviderServiceImpl.java,run.halo.app.security.AuthProviderServiceImpl,disable/1[java.lang.String],enabled,1
C:\halo-main\application\src\main\java\run\halo\app\security\AuthProviderServiceImpl.java,run.halo.app.security.AuthProviderServiceImpl,listMyConnections/0,item,1
C:\halo-main\application\src\main\java\run\halo\app\security\AuthProviderServiceImpl.java,run.halo.app.security.AuthProviderServiceImpl,listMyConnections/0,securityContext,1
C:\halo-main\application\src\main\java\run\halo\app\security\AuthProviderServiceImpl.java,run.halo.app.security.AuthProviderServiceImpl,listMyConnections/0,persisted,1
C:\halo-main\application\src\main\java\run\halo\app\security\AuthProviderServiceImpl.java,run.halo.app.security.AuthProviderServiceImpl,listMyConnections/0,username,1
C:\halo-main\application\src\main\java\run\halo\app\theme\dialect\HaloExpressionObjectFactory.java,run.halo.app.theme.dialect.HaloExpressionObjectFactory,isCacheable/1[java.lang.String],expressionObjectName,0
C:\halo-main\application\src\main\java\run\halo\app\theme\dialect\HaloExpressionObjectFactory.java,run.halo.app.theme.dialect.HaloExpressionObjectFactory,"buildObject/2[run.halo.app.theme.dialect.IExpressionContext,java.lang.String]",context,0
C:\halo-main\application\src\main\java\run\halo\app\theme\dialect\HaloExpressionObjectFactory.java,run.halo.app.theme.dialect.HaloExpressionObjectFactory,"buildObject/2[run.halo.app.theme.dialect.IExpressionContext,java.lang.String]",expressionObjectName,1
C:\halo-main\application\src\main\java\run\halo\app\theme\finders\CommentFinder.java,run.halo.app.theme.finders.CommentFinder,getByName/1[java.lang.String],name,0
C:\halo-main\application\src\main\java\run\halo\app\theme\finders\CommentFinder.java,run.halo.app.theme.finders.CommentFinder,"listReply/3[java.lang.String,java.lang.Integer,java.lang.Integer]",commentName,0
C:\halo-main\application\src\main\java\run\halo\app\theme\finders\CommentFinder.java,run.halo.app.theme.finders.CommentFinder,"listReply/3[java.lang.String,java.lang.Integer,java.lang.Integer]",size,0
C:\halo-main\application\src\main\java\run\halo\app\theme\finders\CommentFinder.java,run.halo.app.theme.finders.CommentFinder,"listReply/3[java.lang.String,java.lang.Integer,java.lang.Integer]",page,0
C:\halo-main\application\src\main\java\run\halo\app\theme\finders\CommentFinder.java,run.halo.app.theme.finders.CommentFinder,"list/3[run.halo.app.theme.finders.Ref,java.lang.Integer,java.lang.Integer]",ref,0
C:\halo-main\application\src\main\java\run\halo\app\theme\finders\CommentFinder.java,run.halo.app.theme.finders.CommentFinder,"list/3[run.halo.app.theme.finders.Ref,java.lang.Integer,java.lang.Integer]",size,0
C:\halo-main\application\src\main\java\run\halo\app\theme\finders\CommentFinder.java,run.halo.app.theme.finders.CommentFinder,"list/3[run.halo.app.theme.finders.Ref,java.lang.Integer,java.lang.Integer]",page,0
C:\halo-main\application\src\main\java\run\halo\app\theme\dialect\expression\Annotations.java,run.halo.app.theme.dialect.expression.Annotations,"get/2[run.halo.app.theme.finders.vo.ExtensionVoOperator,java.lang.String]",extension,1
C:\halo-main\application\src\main\java\run\halo\app\theme\dialect\expression\Annotations.java,run.halo.app.theme.dialect.expression.Annotations,"get/2[run.halo.app.theme.finders.vo.ExtensionVoOperator,java.lang.String]",annotations,2
C:\halo-main\application\src\main\java\run\halo\app\theme\dialect\expression\Annotations.java,run.halo.app.theme.dialect.expression.Annotations,"get/2[run.halo.app.theme.finders.vo.ExtensionVoOperator,java.lang.String]",key,1
C:\halo-main\application\src\main\java\run\halo\app\theme\dialect\expression\Annotations.java,run.halo.app.theme.dialect.expression.Annotations,"contains/2[run.halo.app.theme.finders.vo.ExtensionVoOperator,java.lang.String]",extension,1
C:\halo-main\application\src\main\java\run\halo\app\theme\dialect\expression\Annotations.java,run.halo.app.theme.dialect.expression.Annotations,"contains/2[run.halo.app.theme.finders.vo.ExtensionVoOperator,java.lang.String]",annotations,2
C:\halo-main\application\src\main\java\run\halo\app\theme\dialect\expression\Annotations.java,run.halo.app.theme.dialect.expression.Annotations,"contains/2[run.halo.app.theme.finders.vo.ExtensionVoOperator,java.lang.String]",key,1
C:\halo-main\application\src\main\java\run\halo\app\theme\dialect\expression\Annotations.java,run.halo.app.theme.dialect.expression.Annotations,"getOrDefault/3[run.halo.app.theme.finders.vo.ExtensionVoOperator,java.lang.String,java.lang.String]",extension,1
C:\halo-main\application\src\main\java\run\halo\app\theme\dialect\expression\Annotations.java,run.halo.app.theme.dialect.expression.Annotations,"getOrDefault/3[run.halo.app.theme.finders.vo.ExtensionVoOperator,java.lang.String,java.lang.String]",defaultValue,2
C:\halo-main\application\src\main\java\run\halo\app\theme\dialect\expression\Annotations.java,run.halo.app.theme.dialect.expression.Annotations,"getOrDefault/3[run.halo.app.theme.finders.vo.ExtensionVoOperator,java.lang.String,java.lang.String]",annotations,2
C:\halo-main\application\src\main\java\run\halo\app\theme\dialect\expression\Annotations.java,run.halo.app.theme.dialect.expression.Annotations,"getOrDefault/3[run.halo.app.theme.finders.vo.ExtensionVoOperator,java.lang.String,java.lang.String]",key,1
C:\halo-main\application\src\test\java\run\halo\app\theme\router\factories\PostRouteFactoryTest.java,run.halo.app.theme.router.factories.PostRouteFactoryTest$Anonymous1,"render/3[java.util.Map<java.lang.String,?>,run.halo.app.theme.router.factories.MediaType,run.halo.app.theme.router.factories.ServerWebExchange]",model,7
C:\halo-main\application\src\test\java\run\halo\app\theme\router\factories\PostRouteFactoryTest.java,run.halo.app.theme.router.factories.PostRouteFactoryTest$Anonymous1,"render/3[java.util.Map<java.lang.String,?>,run.halo.app.theme.router.factories.MediaType,run.halo.app.theme.router.factories.ServerWebExchange]",exchange,1
C:\halo-main\application\src\test\java\run\halo\app\theme\router\factories\PostRouteFactoryTest.java,run.halo.app.theme.router.factories.PostRouteFactoryTest$Anonymous1,"render/3[java.util.Map<java.lang.String,?>,run.halo.app.theme.router.factories.MediaType,run.halo.app.theme.router.factories.ServerWebExchange]",contentType,1
C:\halo-main\application\src\main\java\run\halo\app\security\authentication\login\CryptoService.java,run.halo.app.security.authentication.login.CryptoService,decrypt/1[byte[]],encryptedMessage,0
C:\halo-main\application\src\main\java\run\halo\app\metrics\ReplyEventReconciler.java,run.halo.app.metrics.ReplyEventReconciler$ReplyEventListener,onReplyEvent/1[run.halo.app.event.post.ReplyEvent],replyEvent,1
C:\halo-main\application\src\test\java\run\halo\app\plugin\resources\BundleResourceUtilsTest.java,run.halo.app.plugin.resources.BundleResourceUtilsTest,getJsBundleResource/0,jsBundleResource,6
C:\halo-main\application\src\test\java\run\halo\app\plugin\resources\BundleResourceUtilsTest.java,run.halo.app.plugin.resources.BundleResourceUtilsTest,setUp/0,pluginWrapper,2
C:\halo-main\application\src\test\java\run\halo\app\plugin\resources\BundleResourceUtilsTest.java,run.halo.app.plugin.resources.BundleResourceUtilsTest,setUp/0,pluginClassLoader,3
C:\halo-main\application\src\test\java\run\halo\app\plugin\resources\BundleResourceUtilsTest.java,run.halo.app.plugin.resources.BundleResourceUtilsTest,getJsBundlePath/0,jsBundlePath,3
C:\halo-main\application\src\test\java\run\halo\app\plugin\resources\BundleResourceUtilsTest.java,run.halo.app.plugin.resources.BundleResourceUtilsTest,getCssBundlePath/0,cssBundlePath,3
C:\halo-main\application\src\test\java\run\halo\app\infra\utils\YamlUnstructuredLoaderTest.java,run.halo.app.infra.utils.YamlUnstructuredLoaderTest,loadIgnore/0,yamlUnstructuredLoader,1
C:\halo-main\application\src\test\java\run\halo\app\infra\utils\YamlUnstructuredLoaderTest.java,run.halo.app.infra.utils.YamlUnstructuredLoaderTest,loadIgnore/0,unstructuredList,1
C:\halo-main\application\src\test\java\run\halo\app\infra\utils\YamlUnstructuredLoaderTest.java,run.halo.app.infra.utils.YamlUnstructuredLoaderTest,loadIgnore/0,resource,1
C:\halo-main\application\src\test\java\run\halo\app\infra\utils\YamlUnstructuredLoaderTest.java,run.halo.app.infra.utils.YamlUnstructuredLoaderTest,setUp/0,viewCategoriesRoleYaml,1
C:\halo-main\application\src\test\java\run\halo\app\infra\utils\YamlUnstructuredLoaderTest.java,run.halo.app.infra.utils.YamlUnstructuredLoaderTest,setUp/0,multipleRoleYaml,1
C:\halo-main\application\src\test\java\run\halo\app\infra\utils\YamlUnstructuredLoaderTest.java,run.halo.app.infra.utils.YamlUnstructuredLoaderTest,loadTest/0,yamlUnstructuredLoader,1
C:\halo-main\application\src\test\java\run\halo\app\infra\utils\YamlUnstructuredLoaderTest.java,run.halo.app.infra.utils.YamlUnstructuredLoaderTest,loadTest/0,unstructuredList,3
C:\halo-main\application\src\test\java\run\halo\app\infra\utils\YamlUnstructuredLoaderTest.java,run.halo.app.infra.utils.YamlUnstructuredLoaderTest,loadTest/0,resources,1
C:\halo-main\application\src\test\java\run\halo\app\extension\ComparatorsTest.java,run.halo.app.extension.ComparatorsTest$CompareName,createFake/1[java.lang.String],metadata,2
C:\halo-main\application\src\test\java\run\halo\app\extension\ComparatorsTest.java,run.halo.app.extension.ComparatorsTest$CompareName,createFake/1[java.lang.String],name,1
C:\halo-main\application\src\test\java\run\halo\app\extension\ComparatorsTest.java,run.halo.app.extension.ComparatorsTest$CompareName,createFake/1[java.lang.String],fake,2
C:\halo-main\application\src\test\java\run\halo\app\extension\ComparatorsTest.java,run.halo.app.extension.ComparatorsTest$CompareName,asc/0,fake02,2
C:\halo-main\application\src\test\java\run\halo\app\extension\ComparatorsTest.java,run.halo.app.extension.ComparatorsTest$CompareName,asc/0,comparator,1
C:\halo-main\application\src\test\java\run\halo\app\extension\ComparatorsTest.java,run.halo.app.extension.ComparatorsTest$CompareName,asc/0,fake01,2
C:\halo-main\application\src\test\java\run\halo\app\extension\ComparatorsTest.java,run.halo.app.extension.ComparatorsTest$CompareName,asc/0,sortedFakes,2
C:\halo-main\application\src\test\java\run\halo\app\extension\ComparatorsTest.java,run.halo.app.extension.ComparatorsTest$CompareName,asc/0,fake03,2
C:\halo-main\application\src\test\java\run\halo\app\extension\ComparatorsTest.java,run.halo.app.extension.ComparatorsTest$CompareName,desc/0,fake02,2
C:\halo-main\application\src\test\java\run\halo\app\extension\ComparatorsTest.java,run.halo.app.extension.ComparatorsTest$CompareName,desc/0,comparator,1
C:\halo-main\application\src\test\java\run\halo\app\extension\ComparatorsTest.java,run.halo.app.extension.ComparatorsTest$CompareName,desc/0,fake01,2
C:\halo-main\application\src\test\java\run\halo\app\extension\ComparatorsTest.java,run.halo.app.extension.ComparatorsTest$CompareName,desc/0,sortedFakes,2
C:\halo-main\application\src\test\java\run\halo\app\extension\ComparatorsTest.java,run.halo.app.extension.ComparatorsTest$CompareName,desc/0,fake03,2
C:\halo-main\application\src\main\java\run\halo\app\plugin\PluginAutoConfiguration.java,run.halo.app.plugin.PluginAutoConfiguration,"PluginAutoConfiguration/3[run.halo.app.plugin.PluginProperties,run.halo.app.plugin.SystemVersionSupplier,run.halo.app.plugin.RequestedContentTypeResolver]",pluginProperties,2
C:\halo-main\application\src\main\java\run\halo\app\plugin\PluginAutoConfiguration.java,run.halo.app.plugin.PluginAutoConfiguration,"PluginAutoConfiguration/3[run.halo.app.plugin.PluginProperties,run.halo.app.plugin.SystemVersionSupplier,run.halo.app.plugin.RequestedContentTypeResolver]",requestedContentTypeResolver,2
C:\halo-main\application\src\main\java\run\halo\app\plugin\PluginAutoConfiguration.java,run.halo.app.plugin.PluginAutoConfiguration,"PluginAutoConfiguration/3[run.halo.app.plugin.PluginProperties,run.halo.app.plugin.SystemVersionSupplier,run.halo.app.plugin.RequestedContentTypeResolver]",systemVersionSupplier,2
C:\halo-main\application\src\main\java\run\halo\app\plugin\PluginAutoConfiguration.java,run.halo.app.plugin.PluginAutoConfiguration,"pluginJsBundleRoute/2[run.halo.app.plugin.HaloPluginManager,run.halo.app.plugin.WebProperties]",cacheProperties,2
C:\halo-main\application\src\main\java\run\halo\app\plugin\PluginAutoConfiguration.java,run.halo.app.plugin.PluginAutoConfiguration,"pluginJsBundleRoute/2[run.halo.app.plugin.HaloPluginManager,run.halo.app.plugin.WebProperties]",request,3
C:\halo-main\application\src\main\java\run\halo\app\plugin\PluginAutoConfiguration.java,run.halo.app.plugin.PluginAutoConfiguration,"pluginJsBundleRoute/2[run.halo.app.plugin.HaloPluginManager,run.halo.app.plugin.WebProperties]",haloPluginManager,1
C:\halo-main\application\src\main\java\run\halo\app\plugin\PluginAutoConfiguration.java,run.halo.app.plugin.PluginAutoConfiguration,"pluginJsBundleRoute/2[run.halo.app.plugin.HaloPluginManager,run.halo.app.plugin.WebProperties]",fileName,1
C:\halo-main\application\src\main\java\run\halo\app\plugin\PluginAutoConfiguration.java,run.halo.app.plugin.PluginAutoConfiguration,"pluginJsBundleRoute/2[run.halo.app.plugin.HaloPluginManager,run.halo.app.plugin.WebProperties]",bodyBuilder,2
C:\halo-main\application\src\main\java\run\halo\app\plugin\PluginAutoConfiguration.java,run.halo.app.plugin.PluginAutoConfiguration,"pluginJsBundleRoute/2[run.halo.app.plugin.HaloPluginManager,run.halo.app.plugin.WebProperties]",pluginName,1
C:\halo-main\application\src\main\java\run\halo\app\plugin\PluginAutoConfiguration.java,run.halo.app.plugin.PluginAutoConfiguration,"pluginJsBundleRoute/2[run.halo.app.plugin.HaloPluginManager,run.halo.app.plugin.WebProperties]",e,1
C:\halo-main\application\src\main\java\run\halo\app\plugin\PluginAutoConfiguration.java,run.halo.app.plugin.PluginAutoConfiguration,"pluginJsBundleRoute/2[run.halo.app.plugin.HaloPluginManager,run.halo.app.plugin.WebProperties]",jsBundle,5
C:\halo-main\application\src\main\java\run\halo\app\plugin\PluginAutoConfiguration.java,run.halo.app.plugin.PluginAutoConfiguration,"pluginJsBundleRoute/2[run.halo.app.plugin.HaloPluginManager,run.halo.app.plugin.WebProperties]",lastModified,4
C:\halo-main\application\src\main\java\run\halo\app\plugin\PluginAutoConfiguration.java,run.halo.app.plugin.PluginAutoConfiguration,"pluginJsBundleRoute/2[run.halo.app.plugin.HaloPluginManager,run.halo.app.plugin.WebProperties]",useLastModified,1
C:\halo-main\application\src\main\java\run\halo\app\plugin\PluginAutoConfiguration.java,run.halo.app.plugin.PluginAutoConfiguration,"pluginJsBundleRoute/2[run.halo.app.plugin.HaloPluginManager,run.halo.app.plugin.WebProperties]",webProperties,1
C:\halo-main\application\src\main\java\run\halo\app\plugin\PluginAutoConfiguration.java,run.halo.app.plugin.PluginAutoConfiguration,pluginManager/0,pluginManager,4
C:\halo-main\application\src\main\java\run\halo\app\plugin\PluginAutoConfiguration.java,run.halo.app.plugin.PluginAutoConfiguration,pluginManager/0,appHome,2
C:\halo-main\application\src\main\java\run\halo\app\plugin\PluginAutoConfiguration.java,run.halo.app.plugin.PluginAutoConfiguration,pluginManager/0,pluginsRoot,3
C:\halo-main\application\src\main\java\run\halo\app\plugin\PluginAutoConfiguration.java,run.halo.app.plugin.PluginAutoConfiguration,pluginRequestMappingHandlerMapping/0,mapping,3
C:\halo-main\application\src\main\java\run\halo\app\security\authorization\AuthorizingVisitor.java,run.halo.app.security.authorization.AuthorizingVisitor,"visit/3[java.lang.String,Role.PolicyRule,java.lang.Throwable]",rule,2
C:\halo-main\application\src\main\java\run\halo\app\security\authorization\AuthorizingVisitor.java,run.halo.app.security.authorization.AuthorizingVisitor,"visit/3[java.lang.String,Role.PolicyRule,java.lang.Throwable]",source,1
C:\halo-main\application\src\main\java\run\halo\app\security\authorization\AuthorizingVisitor.java,run.halo.app.security.authorization.AuthorizingVisitor,"visit/3[java.lang.String,Role.PolicyRule,java.lang.Throwable]",error,2
C:\halo-main\application\src\main\java\run\halo\app\security\authorization\AuthorizingVisitor.java,run.halo.app.security.authorization.AuthorizingVisitor,AuthorizingVisitor/1[run.halo.app.security.authorization.Attributes],requestAttributes,2
C:\halo-main\application\src\test\java\run\halo\app\extension\JsonExtensionConverterTest.java,run.halo.app.extension.JsonExtensionConverterTest,convertFrom/0,fake,2
C:\halo-main\application\src\test\java\run\halo\app\extension\JsonExtensionConverterTest.java,run.halo.app.extension.JsonExtensionConverterTest,convertFrom/0,store,4
C:\halo-main\application\src\test\java\run\halo\app\extension\JsonExtensionConverterTest.java,run.halo.app.extension.JsonExtensionConverterTest,convertFrom/0,gotFake,1
C:\halo-main\application\src\test\java\run\halo\app\extension\JsonExtensionConverterTest.java,run.halo.app.extension.JsonExtensionConverterTest,shouldThrowSchemaViolationExceptionWhenNameNotSet/0,result,2
C:\halo-main\application\src\test\java\run\halo\app\extension\JsonExtensionConverterTest.java,run.halo.app.extension.JsonExtensionConverterTest,shouldThrowSchemaViolationExceptionWhenNameNotSet/0,metadata,1
C:\halo-main\application\src\test\java\run\halo\app\extension\JsonExtensionConverterTest.java,run.halo.app.extension.JsonExtensionConverterTest,shouldThrowSchemaViolationExceptionWhenNameNotSet/0,fake,4
C:\halo-main\application\src\test\java\run\halo\app\extension\JsonExtensionConverterTest.java,run.halo.app.extension.JsonExtensionConverterTest,shouldThrowSchemaViolationExceptionWhenNameNotSet/0,error,2
C:\halo-main\application\src\test\java\run\halo\app\extension\JsonExtensionConverterTest.java,run.halo.app.extension.JsonExtensionConverterTest,convertTo/0,fake,2
C:\halo-main\application\src\test\java\run\halo\app\extension\JsonExtensionConverterTest.java,run.halo.app.extension.JsonExtensionConverterTest,convertTo/0,extensionStore,3
C:\halo-main\application\src\test\java\run\halo\app\extension\JsonExtensionConverterTest.java,run.halo.app.extension.JsonExtensionConverterTest,shouldThrowConvertExceptionWhenDataIsInvalid/0,store,4
C:\halo-main\application\src\test\java\run\halo\app\extension\JsonExtensionConverterTest.java,run.halo.app.extension.JsonExtensionConverterTest,"createFakeExtension/2[java.lang.String,java.lang.Long]",metadata,3
C:\halo-main\application\src\test\java\run\halo\app\extension\JsonExtensionConverterTest.java,run.halo.app.extension.JsonExtensionConverterTest,"createFakeExtension/2[java.lang.String,java.lang.Long]",name,1
C:\halo-main\application\src\test\java\run\halo\app\extension\JsonExtensionConverterTest.java,run.halo.app.extension.JsonExtensionConverterTest,"createFakeExtension/2[java.lang.String,java.lang.Long]",fake,3
C:\halo-main\application\src\test\java\run\halo\app\extension\JsonExtensionConverterTest.java,run.halo.app.extension.JsonExtensionConverterTest,"createFakeExtension/2[java.lang.String,java.lang.Long]",version,1
C:\halo-main\application\src\test\java\run\halo\app\extension\JsonExtensionConverterTest.java,run.halo.app.extension.JsonExtensionConverterTest,setUp/0,schemeManager,2
C:\halo-main\application\src\main\java\run\halo\app\extension\JSONExtensionConverter.java,run.halo.app.extension.JSONExtensionConverter$ExtraValidationValidator,"ExtraValidationValidator/4[run.halo.app.extension.ValidationContext<run.halo.app.extension.OAI3>,run.halo.app.extension.JsonNode,run.halo.app.extension.JsonNode,run.halo.app.extension.SchemaValidator]",withNode,4
C:\halo-main\application\src\main\java\run\halo\app\extension\JSONExtensionConverter.java,run.halo.app.extension.JSONExtensionConverter$ExtraValidationValidator,"ExtraValidationValidator/4[run.halo.app.extension.ValidationContext<run.halo.app.extension.OAI3>,run.halo.app.extension.JsonNode,run.halo.app.extension.JsonNode,run.halo.app.extension.SchemaValidator]",schemaNode,2
C:\halo-main\application\src\main\java\run\halo\app\extension\JSONExtensionConverter.java,run.halo.app.extension.JSONExtensionConverter$ExtraValidationValidator,"ExtraValidationValidator/4[run.halo.app.extension.ValidationContext<run.halo.app.extension.OAI3>,run.halo.app.extension.JsonNode,run.halo.app.extension.JsonNode,run.halo.app.extension.SchemaValidator]",parentSchema,1
C:\halo-main\application\src\main\java\run\halo\app\extension\JSONExtensionConverter.java,run.halo.app.extension.JSONExtensionConverter$ExtraValidationValidator,"ExtraValidationValidator/4[run.halo.app.extension.ValidationContext<run.halo.app.extension.OAI3>,run.halo.app.extension.JsonNode,run.halo.app.extension.JsonNode,run.halo.app.extension.SchemaValidator]",context,1
C:\halo-main\application\src\main\java\run\halo\app\extension\JSONExtensionConverter.java,run.halo.app.extension.JSONExtensionConverter$ExtraValidationValidator,"ExtraValidationValidator/4[run.halo.app.extension.ValidationContext<run.halo.app.extension.OAI3>,run.halo.app.extension.JsonNode,run.halo.app.extension.JsonNode,run.halo.app.extension.SchemaValidator]",schemaParentNode,1
C:\halo-main\application\src\main\java\run\halo\app\extension\JSONExtensionConverter.java,run.halo.app.extension.JSONExtensionConverter$ExtraValidationValidator,"validate/2[run.halo.app.extension.JsonNode,run.halo.app.extension.ValidationData<?>]",fieldName,1
C:\halo-main\application\src\main\java\run\halo\app\extension\JSONExtensionConverter.java,run.halo.app.extension.JSONExtensionConverter$ExtraValidationValidator,"validate/2[run.halo.app.extension.JsonNode,run.halo.app.extension.ValidationData<?>]",valueNode,1
C:\halo-main\application\src\main\java\run\halo\app\extension\JSONExtensionConverter.java,run.halo.app.extension.JSONExtensionConverter$ExtraValidationValidator,"validate/2[run.halo.app.extension.JsonNode,run.halo.app.extension.ValidationData<?>]",value,3
C:\halo-main\application\src\main\java\run\halo\app\extension\JSONExtensionConverter.java,run.halo.app.extension.JSONExtensionConverter$ExtraValidationValidator,"validate/2[run.halo.app.extension.JsonNode,run.halo.app.extension.ValidationData<?>]",validation,1
C:\halo-main\application\src\main\java\run\halo\app\infra\exception\ThemeUpgradeException.java,run.halo.app.infra.exception.ThemeUpgradeException,"ThemeUpgradeException/3[java.lang.String,java.lang.String,java.lang.Object[]]",reason,1
C:\halo-main\application\src\main\java\run\halo\app\infra\exception\ThemeUpgradeException.java,run.halo.app.infra.exception.ThemeUpgradeException,"ThemeUpgradeException/3[java.lang.String,java.lang.String,java.lang.Object[]]",detailArgs,1
C:\halo-main\application\src\main\java\run\halo\app\infra\exception\ThemeUpgradeException.java,run.halo.app.infra.exception.ThemeUpgradeException,"ThemeUpgradeException/3[java.lang.String,java.lang.String,java.lang.Object[]]",detailCode,1
C:\halo-main\application\src\test\java\run\halo\app\core\extension\service\DefaultRoleServiceTest.java,run.halo.app.core.extension.service.DefaultRoleServiceTest,listDependencies/0,manageAnnotations,2
C:\halo-main\application\src\test\java\run\halo\app\core\extension\service\DefaultRoleServiceTest.java,run.halo.app.core.extension.service.DefaultRoleServiceTest,listDependencies/0,roleView,3
C:\halo-main\application\src\test\java\run\halo\app\core\extension\service\DefaultRoleServiceTest.java,run.halo.app.core.extension.service.DefaultRoleServiceTest,listDependencies/0,roles,2
C:\halo-main\application\src\test\java\run\halo\app\core\extension\service\DefaultRoleServiceTest.java,run.halo.app.core.extension.service.DefaultRoleServiceTest,listDependencies/0,viewAnnotations,2
C:\halo-main\application\src\test\java\run\halo\app\core\extension\service\DefaultRoleServiceTest.java,run.halo.app.core.extension.service.DefaultRoleServiceTest,listDependencies/0,rolesFromCycle,1
C:\halo-main\application\src\test\java\run\halo\app\core\extension\service\DefaultRoleServiceTest.java,run.halo.app.core.extension.service.DefaultRoleServiceTest,listDependencies/0,anotherAnnotations,2
C:\halo-main\application\src\test\java\run\halo\app\core\extension\service\DefaultRoleServiceTest.java,run.halo.app.core.extension.service.DefaultRoleServiceTest,listDependencies/0,roleManage,3
C:\halo-main\application\src\test\java\run\halo\app\core\extension\service\DefaultRoleServiceTest.java,run.halo.app.core.extension.service.DefaultRoleServiceTest,listDependencies/0,roleOther,4
C:\halo-main\application\src\main\java\run\halo\app\security\authorization\RbacRequestEvaluation.java,run.halo.app.security.authorization.RbacRequestEvaluation,"nonResourceURLMatches/2[Role.PolicyRule,java.lang.String]",rule,1
C:\halo-main\application\src\main\java\run\halo\app\security\authorization\RbacRequestEvaluation.java,run.halo.app.security.authorization.RbacRequestEvaluation,"nonResourceURLMatches/2[Role.PolicyRule,java.lang.String]",requestedURL,2
C:\halo-main\application\src\main\java\run\halo\app\security\authorization\RbacRequestEvaluation.java,run.halo.app.security.authorization.RbacRequestEvaluation,"nonResourceURLMatches/2[Role.PolicyRule,java.lang.String]",ruleURL,4
C:\halo-main\application\src\main\java\run\halo\app\security\authorization\RbacRequestEvaluation.java,run.halo.app.security.authorization.RbacRequestEvaluation,"ruleAllows/2[run.halo.app.security.authorization.Attributes,Role.PolicyRule]",requestAttributes,12
C:\halo-main\application\src\main\java\run\halo\app\security\authorization\RbacRequestEvaluation.java,run.halo.app.security.authorization.RbacRequestEvaluation,"ruleAllows/2[run.halo.app.security.authorization.Attributes,Role.PolicyRule]",rule,6
C:\halo-main\application\src\main\java\run\halo\app\security\authorization\RbacRequestEvaluation.java,run.halo.app.security.authorization.RbacRequestEvaluation,"ruleAllows/2[run.halo.app.security.authorization.Attributes,Role.PolicyRule]",combinedResource,2
C:\halo-main\application\src\main\java\run\halo\app\security\authorization\RbacRequestEvaluation.java,run.halo.app.security.authorization.RbacRequestEvaluation,"verbMatches/2[Role.PolicyRule,java.lang.String]",requestedVerb,1
C:\halo-main\application\src\main\java\run\halo\app\security\authorization\RbacRequestEvaluation.java,run.halo.app.security.authorization.RbacRequestEvaluation,"verbMatches/2[Role.PolicyRule,java.lang.String]",rule,1
C:\halo-main\application\src\main\java\run\halo\app\security\authorization\RbacRequestEvaluation.java,run.halo.app.security.authorization.RbacRequestEvaluation,"verbMatches/2[Role.PolicyRule,java.lang.String]",ruleVerb,2
C:\halo-main\application\src\main\java\run\halo\app\security\authorization\RbacRequestEvaluation.java,run.halo.app.security.authorization.RbacRequestEvaluation,"matchPart/2[java.lang.String,java.lang.String]",textPart,3
C:\halo-main\application\src\main\java\run\halo\app\security\authorization\RbacRequestEvaluation.java,run.halo.app.security.authorization.RbacRequestEvaluation,"matchPart/2[java.lang.String,java.lang.String]",patternPart,7
C:\halo-main\application\src\main\java\run\halo\app\security\authorization\RbacRequestEvaluation.java,run.halo.app.security.authorization.RbacRequestEvaluation,"apiGroupMatches/2[Role.PolicyRule,java.lang.String]",ruleGroup,2
C:\halo-main\application\src\main\java\run\halo\app\security\authorization\RbacRequestEvaluation.java,run.halo.app.security.authorization.RbacRequestEvaluation,"apiGroupMatches/2[Role.PolicyRule,java.lang.String]",rule,1
C:\halo-main\application\src\main\java\run\halo\app\security\authorization\RbacRequestEvaluation.java,run.halo.app.security.authorization.RbacRequestEvaluation,"apiGroupMatches/2[Role.PolicyRule,java.lang.String]",requestedGroup,1
C:\halo-main\application\src\main\java\run\halo\app\security\authorization\RbacRequestEvaluation.java,run.halo.app.security.authorization.RbacRequestEvaluation,"resourceMatches/3[Role.PolicyRule,java.lang.String,java.lang.String]",rule,1
C:\halo-main\application\src\main\java\run\halo\app\security\authorization\RbacRequestEvaluation.java,run.halo.app.security.authorization.RbacRequestEvaluation,"resourceMatches/3[Role.PolicyRule,java.lang.String,java.lang.String]",requestedSubresource,3
C:\halo-main\application\src\main\java\run\halo\app\security\authorization\RbacRequestEvaluation.java,run.halo.app.security.authorization.RbacRequestEvaluation,"resourceMatches/3[Role.PolicyRule,java.lang.String,java.lang.String]",ruleResource,5
C:\halo-main\application\src\main\java\run\halo\app\security\authorization\RbacRequestEvaluation.java,run.halo.app.security.authorization.RbacRequestEvaluation,"resourceMatches/3[Role.PolicyRule,java.lang.String,java.lang.String]",combinedRequestedResource,1
C:\halo-main\application\src\main\java\run\halo\app\security\authorization\RbacRequestEvaluation.java,run.halo.app.security.authorization.RbacRequestEvaluation,"resourceNameMatches/2[Role.PolicyRule,java.lang.String]",patternParts,2
C:\halo-main\application\src\main\java\run\halo\app\security\authorization\RbacRequestEvaluation.java,run.halo.app.security.authorization.RbacRequestEvaluation,"resourceNameMatches/2[Role.PolicyRule,java.lang.String]",requestedName,1
C:\halo-main\application\src\main\java\run\halo\app\security\authorization\RbacRequestEvaluation.java,run.halo.app.security.authorization.RbacRequestEvaluation,"resourceNameMatches/2[Role.PolicyRule,java.lang.String]",rule,2
C:\halo-main\application\src\main\java\run\halo\app\security\authorization\RbacRequestEvaluation.java,run.halo.app.security.authorization.RbacRequestEvaluation,"resourceNameMatches/2[Role.PolicyRule,java.lang.String]",ruleName,1
C:\halo-main\application\src\main\java\run\halo\app\security\authorization\RbacRequestEvaluation.java,run.halo.app.security.authorization.RbacRequestEvaluation,"resourceNameMatches/2[Role.PolicyRule,java.lang.String]",i,5
C:\halo-main\application\src\main\java\run\halo\app\security\authorization\RbacRequestEvaluation.java,run.halo.app.security.authorization.RbacRequestEvaluation,"resourceNameMatches/2[Role.PolicyRule,java.lang.String]",requestedNameParts,2
C:\halo-main\application\src\main\java\run\halo\app\security\authorization\RbacRequestEvaluation.java,run.halo.app.security.authorization.RbacRequestEvaluation,"resourceNameMatches/2[Role.PolicyRule,java.lang.String]",textPart,2
C:\halo-main\application\src\main\java\run\halo\app\security\authorization\RbacRequestEvaluation.java,run.halo.app.security.authorization.RbacRequestEvaluation,"resourceNameMatches/2[Role.PolicyRule,java.lang.String]",patternPart,1
C:\halo-main\application\src\main\java\run\halo\app\security\authorization\RbacRequestEvaluation.java,run.halo.app.security.authorization.RbacRequestEvaluation,"rulesAllow/2[run.halo.app.security.authorization.Attributes,java.util.List<Role.PolicyRule>]",requestAttributes,1
C:\halo-main\application\src\main\java\run\halo\app\security\authorization\RbacRequestEvaluation.java,run.halo.app.security.authorization.RbacRequestEvaluation,"rulesAllow/2[run.halo.app.security.authorization.Attributes,java.util.List<Role.PolicyRule>]",rule,1
C:\halo-main\application\src\main\java\run\halo\app\security\authorization\RbacRequestEvaluation.java,run.halo.app.security.authorization.RbacRequestEvaluation,"rulesAllow/2[run.halo.app.security.authorization.Attributes,java.util.List<Role.PolicyRule>]",rules,1
C:\halo-main\application\src\main\java\run\halo\app\security\authorization\RbacRequestEvaluation.java,run.halo.app.security.authorization.RbacRequestEvaluation,"combineResourceName/2[java.lang.String,java.lang.String]",subName,3
C:\halo-main\application\src\main\java\run\halo\app\security\authorization\RbacRequestEvaluation.java,run.halo.app.security.authorization.RbacRequestEvaluation,"combineResourceName/2[java.lang.String,java.lang.String]",name,3
C:\halo-main\application\src\main\java\run\halo\app\config\WebFluxConfig.java,run.halo.app.config.WebFluxConfig,serveConsoleIndex/1[run.halo.app.config.ServerRequest],request,0
C:\halo-main\application\src\main\java\run\halo\app\config\WebFluxConfig.java,run.halo.app.config.WebFluxConfig,serveConsoleIndex/1[run.halo.app.config.ServerRequest],e,1
C:\halo-main\application\src\main\java\run\halo\app\config\WebFluxConfig.java,run.halo.app.config.WebFluxConfig,serveConsoleIndex/1[run.halo.app.config.ServerRequest],indexLocation,1
C:\halo-main\application\src\main\java\run\halo\app\config\WebFluxConfig.java,run.halo.app.config.WebFluxConfig,serveConsoleIndex/1[run.halo.app.config.ServerRequest],indexResource,1
C:\halo-main\application\src\main\java\run\halo\app\config\WebFluxConfig.java,run.halo.app.config.WebFluxConfig,"WebFluxConfig/4[run.halo.app.config.ObjectMapper,run.halo.app.infra.properties.HaloProperties,run.halo.app.config.WebProperties,run.halo.app.config.ApplicationContext]",objectMapper,2
C:\halo-main\application\src\main\java\run\halo\app\config\WebFluxConfig.java,run.halo.app.config.WebFluxConfig,"WebFluxConfig/4[run.halo.app.config.ObjectMapper,run.halo.app.infra.properties.HaloProperties,run.halo.app.config.WebProperties,run.halo.app.config.ApplicationContext]",applicationContext,2
C:\halo-main\application\src\main\java\run\halo\app\config\WebFluxConfig.java,run.halo.app.config.WebFluxConfig,"WebFluxConfig/4[run.halo.app.config.ObjectMapper,run.halo.app.infra.properties.HaloProperties,run.halo.app.config.WebProperties,run.halo.app.config.ApplicationContext]",haloProp,2
C:\halo-main\application\src\main\java\run\halo\app\config\WebFluxConfig.java,run.halo.app.config.WebFluxConfig,"WebFluxConfig/4[run.halo.app.config.ObjectMapper,run.halo.app.infra.properties.HaloProperties,run.halo.app.config.WebProperties,run.halo.app.config.ApplicationContext]",webProperties,1
C:\halo-main\application\src\main\java\run\halo\app\config\WebFluxConfig.java,run.halo.app.config.WebFluxConfig,configureHttpMessageCodecs/1[run.halo.app.config.ServerCodecConfigurer],configurer,2
C:\halo-main\application\src\main\java\run\halo\app\config\WebFluxConfig.java,run.halo.app.config.WebFluxConfig,redirectConsole/1[run.halo.app.config.ServerRequest],request,0
C:\halo-main\application\src\main\java\run\halo\app\config\WebFluxConfig.java,run.halo.app.config.WebFluxConfig,customEndpoints/1[run.halo.app.config.ApplicationContext],context,1
C:\halo-main\application\src\main\java\run\halo\app\config\WebFluxConfig.java,run.halo.app.config.WebFluxConfig,customEndpoints/1[run.halo.app.config.ApplicationContext],builder,2
C:\halo-main\application\src\main\java\run\halo\app\config\WebFluxConfig.java,run.halo.app.config.WebFluxConfig,addResourceHandlers/1[run.halo.app.config.ResourceHandlerRegistry],staticResources,1
C:\halo-main\application\src\main\java\run\halo\app\config\WebFluxConfig.java,run.halo.app.config.WebFluxConfig,addResourceHandlers/1[run.halo.app.config.ResourceHandlerRegistry],registry,3
C:\halo-main\application\src\main\java\run\halo\app\config\WebFluxConfig.java,run.halo.app.config.WebFluxConfig,addResourceHandlers/1[run.halo.app.config.ResourceHandlerRegistry],staticResource,3
C:\halo-main\application\src\main\java\run\halo\app\config\WebFluxConfig.java,run.halo.app.config.WebFluxConfig,addResourceHandlers/1[run.halo.app.config.ResourceHandlerRegistry],path,2
C:\halo-main\application\src\main\java\run\halo\app\config\WebFluxConfig.java,run.halo.app.config.WebFluxConfig,addResourceHandlers/1[run.halo.app.config.ResourceHandlerRegistry],registration,3
C:\halo-main\application\src\main\java\run\halo\app\config\WebFluxConfig.java,run.halo.app.config.WebFluxConfig,addResourceHandlers/1[run.halo.app.config.ResourceHandlerRegistry],location,1
C:\halo-main\application\src\main\java\run\halo\app\config\WebFluxConfig.java,run.halo.app.config.WebFluxConfig,addResourceHandlers/1[run.halo.app.config.ResourceHandlerRegistry],uploadRegistration,1
C:\halo-main\application\src\main\java\run\halo\app\config\WebFluxConfig.java,run.halo.app.config.WebFluxConfig,addResourceHandlers/1[run.halo.app.config.ResourceHandlerRegistry],useLastModified,3
C:\halo-main\application\src\main\java\run\halo\app\config\WebFluxConfig.java,run.halo.app.config.WebFluxConfig,addResourceHandlers/1[run.halo.app.config.ResourceHandlerRegistry],cacheControl,3
C:\halo-main\application\src\main\java\run\halo\app\config\WebFluxConfig.java,run.halo.app.config.WebFluxConfig,addResourceHandlers/1[run.halo.app.config.ResourceHandlerRegistry],attachmentsRoot,3
C:\halo-main\application\src\main\java\run\halo\app\config\WebFluxConfig.java,run.halo.app.config.WebFluxConfig,"context/2[run.halo.app.config.CodecConfigurer,run.halo.app.config.ViewResolutionResultHandler]",codec,0
C:\halo-main\application\src\main\java\run\halo\app\config\WebFluxConfig.java,run.halo.app.config.WebFluxConfig,"context/2[run.halo.app.config.CodecConfigurer,run.halo.app.config.ViewResolutionResultHandler]",resultHandler,0
C:\halo-main\application\src\test\java\run\halo\app\theme\finders\impl\TagFinderImplTest.java,run.halo.app.theme.finders.impl.TagFinderImplTest,tag/1[int],metadata,4
C:\halo-main\application\src\test\java\run\halo\app\theme\finders\impl\TagFinderImplTest.java,run.halo.app.theme.finders.impl.TagFinderImplTest,tag/1[int],tagStatus,4
C:\halo-main\application\src\test\java\run\halo\app\theme\finders\impl\TagFinderImplTest.java,run.halo.app.theme.finders.impl.TagFinderImplTest,tag/1[int],i,6
C:\halo-main\application\src\test\java\run\halo\app\theme\finders\impl\TagFinderImplTest.java,run.halo.app.theme.finders.impl.TagFinderImplTest,tag/1[int],tag,4
C:\halo-main\application\src\test\java\run\halo\app\theme\finders\impl\TagFinderImplTest.java,run.halo.app.theme.finders.impl.TagFinderImplTest,tag/1[int],tagSpec,5
C:\halo-main\application\src\test\java\run\halo\app\theme\finders\impl\TagFinderImplTest.java,run.halo.app.theme.finders.impl.TagFinderImplTest,listAll/0,tag,1
C:\halo-main\application\src\test\java\run\halo\app\theme\finders\impl\TagFinderImplTest.java,run.halo.app.theme.finders.impl.TagFinderImplTest,listAll/0,tags,2
C:\halo-main\application\src\test\java\run\halo\app\theme\finders\impl\TagFinderImplTest.java,run.halo.app.theme.finders.impl.TagFinderImplTest,tags/0,tag1,1
C:\halo-main\application\src\test\java\run\halo\app\theme\finders\impl\TagFinderImplTest.java,run.halo.app.theme.finders.impl.TagFinderImplTest,tags/0,tag2,2
C:\halo-main\application\src\test\java\run\halo\app\theme\finders\impl\TagFinderImplTest.java,run.halo.app.theme.finders.impl.TagFinderImplTest,tags/0,tag3,2
C:\halo-main\application\src\test\java\run\halo\app\theme\finders\impl\TagFinderImplTest.java,run.halo.app.theme.finders.impl.TagFinderImplTest,getByName/0,tagVo,2
C:\halo-main\application\src\test\java\run\halo\app\theme\dialect\HaloProcessorDialectTest.java,run.halo.app.theme.dialect.HaloProcessorDialectTest$TestTemplateResolver,"computeTemplateResource/4[run.halo.app.theme.dialect.IEngineConfiguration,java.lang.String,java.lang.String,java.util.Map<java.lang.String,java.lang.Object>]",template,6
C:\halo-main\application\src\test\java\run\halo\app\theme\dialect\HaloProcessorDialectTest.java,run.halo.app.theme.dialect.HaloProcessorDialectTest$TestTemplateResolver,"computeTemplateResource/4[run.halo.app.theme.dialect.IEngineConfiguration,java.lang.String,java.lang.String,java.util.Map<java.lang.String,java.lang.Object>]",configuration,0
C:\halo-main\application\src\test\java\run\halo\app\theme\dialect\HaloProcessorDialectTest.java,run.halo.app.theme.dialect.HaloProcessorDialectTest$TestTemplateResolver,"computeTemplateResource/4[run.halo.app.theme.dialect.IEngineConfiguration,java.lang.String,java.lang.String,java.util.Map<java.lang.String,java.lang.Object>]",templateResolutionAttributes,0
C:\halo-main\application\src\test\java\run\halo\app\theme\dialect\HaloProcessorDialectTest.java,run.halo.app.theme.dialect.HaloProcessorDialectTest$TestTemplateResolver,"computeTemplateResource/4[run.halo.app.theme.dialect.IEngineConfiguration,java.lang.String,java.lang.String,java.util.Map<java.lang.String,java.lang.Object>]",ownerTemplate,0
C:\halo-main\application\src\main\java\run\halo\app\extension\JSONExtensionConverter.java,run.halo.app.extension.JSONExtensionConverter,getValidator/1[run.halo.app.extension.Scheme],scheme,2
C:\halo-main\application\src\main\java\run\halo\app\extension\JSONExtensionConverter.java,run.halo.app.extension.JSONExtensionConverter,getValidator/1[run.halo.app.extension.Scheme],context,2
C:\halo-main\application\src\main\java\run\halo\app\extension\JSONExtensionConverter.java,run.halo.app.extension.JSONExtensionConverter,JSONExtensionConverter/1[run.halo.app.extension.SchemeManager],schemeManager,2
C:\halo-main\application\src\main\java\run\halo\app\extension\JSONExtensionConverter.java,run.halo.app.extension.JSONExtensionConverter,convertTo/1[E],extensionJsonNode,2
C:\halo-main\application\src\main\java\run\halo\app\extension\JSONExtensionConverter.java,run.halo.app.extension.JSONExtensionConverter,convertTo/1[E],extension,7
C:\halo-main\application\src\main\java\run\halo\app\extension\JSONExtensionConverter.java,run.halo.app.extension.JSONExtensionConverter,convertTo/1[E],scheme,2
C:\halo-main\application\src\main\java\run\halo\app\extension\JSONExtensionConverter.java,run.halo.app.extension.JSONExtensionConverter,convertTo/1[E],data,1
C:\halo-main\application\src\main\java\run\halo\app\extension\JSONExtensionConverter.java,run.halo.app.extension.JSONExtensionConverter,convertTo/1[E],e,3
C:\halo-main\application\src\main\java\run\halo\app\extension\JSONExtensionConverter.java,run.halo.app.extension.JSONExtensionConverter,convertTo/1[E],validator,1
C:\halo-main\application\src\main\java\run\halo\app\extension\JSONExtensionConverter.java,run.halo.app.extension.JSONExtensionConverter,convertTo/1[E],storeName,1
C:\halo-main\application\src\main\java\run\halo\app\extension\JSONExtensionConverter.java,run.halo.app.extension.JSONExtensionConverter,convertTo/1[E],gvk,1
C:\halo-main\application\src\main\java\run\halo\app\extension\JSONExtensionConverter.java,run.halo.app.extension.JSONExtensionConverter,convertTo/1[E],version,1
C:\halo-main\application\src\main\java\run\halo\app\extension\JSONExtensionConverter.java,run.halo.app.extension.JSONExtensionConverter,convertTo/1[E],validation,4
C:\halo-main\application\src\main\java\run\halo\app\extension\JSONExtensionConverter.java,run.halo.app.extension.JSONExtensionConverter,"convertFrom/2[java.lang.Class<E>,run.halo.app.extension.store.ExtensionStore]",extension,2
C:\halo-main\application\src\main\java\run\halo\app\extension\JSONExtensionConverter.java,run.halo.app.extension.JSONExtensionConverter,"convertFrom/2[java.lang.Class<E>,run.halo.app.extension.store.ExtensionStore]",e,1
C:\halo-main\application\src\main\java\run\halo\app\extension\JSONExtensionConverter.java,run.halo.app.extension.JSONExtensionConverter,"convertFrom/2[java.lang.Class<E>,run.halo.app.extension.store.ExtensionStore]",type,2
C:\halo-main\application\src\main\java\run\halo\app\extension\JSONExtensionConverter.java,run.halo.app.extension.JSONExtensionConverter,"convertFrom/2[java.lang.Class<E>,run.halo.app.extension.store.ExtensionStore]",extensionStore,2
C:\halo-main\application\src\main\java\run\halo\app\theme\dialect\DefaultLinkExpressionFactory.java,run.halo.app.theme.dialect.DefaultLinkExpressionFactory,"buildObject/2[run.halo.app.theme.dialect.IExpressionContext,java.lang.String]",context,1
C:\halo-main\application\src\main\java\run\halo\app\theme\dialect\DefaultLinkExpressionFactory.java,run.halo.app.theme.dialect.DefaultLinkExpressionFactory,"buildObject/2[run.halo.app.theme.dialect.IExpressionContext,java.lang.String]",expressionObjectName,1
C:\halo-main\application\src\main\java\run\halo\app\theme\dialect\DefaultLinkExpressionFactory.java,run.halo.app.theme.dialect.DefaultLinkExpressionFactory,isCacheable/1[java.lang.String],expressionObjectName,1
C:\halo-main\application\src\test\java\run\halo\app\security\DefaultUserDetailServiceTest.java,run.halo.app.security.DefaultUserDetailServiceTest,shouldFindUserDetailsByExistingUsernameButWithoutAnyRoles/0,gotUser,3
C:\halo-main\application\src\test\java\run\halo\app\security\DefaultUserDetailServiceTest.java,run.halo.app.security.DefaultUserDetailServiceTest,shouldFindUserDetailsByExistingUsernameButWithoutAnyRoles/0,foundUser,4
C:\halo-main\application\src\test\java\run\halo\app\security\DefaultUserDetailServiceTest.java,run.halo.app.security.DefaultUserDetailServiceTest,shouldFindUserDetailsByExistingUsernameButWithoutAnyRoles/0,subject,1
C:\halo-main\application\src\test\java\run\halo\app\security\DefaultUserDetailServiceTest.java,run.halo.app.security.DefaultUserDetailServiceTest,shouldFindUserDetailsByExistingUsernameButWithoutAnyRoles/0,userGvk,2
C:\halo-main\application\src\test\java\run\halo\app\security\DefaultUserDetailServiceTest.java,run.halo.app.security.DefaultUserDetailServiceTest,shouldFindUserDetailsByExistingUsernameButWithoutAnyRoles/0,userDetailsMono,1
C:\halo-main\application\src\test\java\run\halo\app\security\DefaultUserDetailServiceTest.java,run.halo.app.security.DefaultUserDetailServiceTest,shouldNotFindUserDetailsByNonExistingUsername/0,userDetailsMono,1
C:\halo-main\application\src\test\java\run\halo\app\security\DefaultUserDetailServiceTest.java,run.halo.app.security.DefaultUserDetailServiceTest,shouldReturnErrorWhenFailedToUpdatePassword/0,exception,2
C:\halo-main\application\src\test\java\run\halo\app\security\DefaultUserDetailServiceTest.java,run.halo.app.security.DefaultUserDetailServiceTest,shouldReturnErrorWhenFailedToUpdatePassword/0,fakeUser,1
C:\halo-main\application\src\test\java\run\halo\app\security\DefaultUserDetailServiceTest.java,run.halo.app.security.DefaultUserDetailServiceTest,shouldReturnErrorWhenFailedToUpdatePassword/0,throwable,1
C:\halo-main\application\src\test\java\run\halo\app\security\DefaultUserDetailServiceTest.java,run.halo.app.security.DefaultUserDetailServiceTest,shouldReturnErrorWhenFailedToUpdatePassword/0,userDetailsMono,1
C:\halo-main\application\src\test\java\run\halo\app\security\DefaultUserDetailServiceTest.java,run.halo.app.security.DefaultUserDetailServiceTest,createFakeUser/0,metadata,2
C:\halo-main\application\src\test\java\run\halo\app\security\DefaultUserDetailServiceTest.java,run.halo.app.security.DefaultUserDetailServiceTest,createFakeUser/0,userSpec,2
C:\halo-main\application\src\test\java\run\halo\app\security\DefaultUserDetailServiceTest.java,run.halo.app.security.DefaultUserDetailServiceTest,createFakeUser/0,user,3
C:\halo-main\application\src\test\java\run\halo\app\security\DefaultUserDetailServiceTest.java,run.halo.app.security.DefaultUserDetailServiceTest,shouldUpdatePasswordSuccessfully/0,fakeUser,1
C:\halo-main\application\src\test\java\run\halo\app\security\DefaultUserDetailServiceTest.java,run.halo.app.security.DefaultUserDetailServiceTest,shouldUpdatePasswordSuccessfully/0,userDetailsMono,1
C:\halo-main\application\src\test\java\run\halo\app\security\DefaultUserDetailServiceTest.java,run.halo.app.security.DefaultUserDetailServiceTest,shouldUpdatePasswordSuccessfully/0,user,1
C:\halo-main\application\src\test\java\run\halo\app\security\DefaultUserDetailServiceTest.java,run.halo.app.security.DefaultUserDetailServiceTest,shouldUpdatePasswordSuccessfully/0,userDetails,1
C:\halo-main\application\src\test\java\run\halo\app\security\DefaultUserDetailServiceTest.java,run.halo.app.security.DefaultUserDetailServiceTest,shouldFindUserDetailsByExistingUsernameButKindOfRoleRefIsNotRole/0,gotUser,3
C:\halo-main\application\src\test\java\run\halo\app\security\DefaultUserDetailServiceTest.java,run.halo.app.security.DefaultUserDetailServiceTest,shouldFindUserDetailsByExistingUsernameButKindOfRoleRefIsNotRole/0,foundUser,4
C:\halo-main\application\src\test\java\run\halo\app\security\DefaultUserDetailServiceTest.java,run.halo.app.security.DefaultUserDetailServiceTest,shouldFindUserDetailsByExistingUsernameButKindOfRoleRefIsNotRole/0,subject,1
C:\halo-main\application\src\test\java\run\halo\app\security\DefaultUserDetailServiceTest.java,run.halo.app.security.DefaultUserDetailServiceTest,shouldFindUserDetailsByExistingUsernameButKindOfRoleRefIsNotRole/0,roleGvk,0
C:\halo-main\application\src\test\java\run\halo\app\security\DefaultUserDetailServiceTest.java,run.halo.app.security.DefaultUserDetailServiceTest,shouldFindUserDetailsByExistingUsernameButKindOfRoleRefIsNotRole/0,userGvk,2
C:\halo-main\application\src\test\java\run\halo\app\security\DefaultUserDetailServiceTest.java,run.halo.app.security.DefaultUserDetailServiceTest,shouldFindUserDetailsByExistingUsernameButKindOfRoleRefIsNotRole/0,roleRef,4
C:\halo-main\application\src\test\java\run\halo\app\security\DefaultUserDetailServiceTest.java,run.halo.app.security.DefaultUserDetailServiceTest,shouldFindUserDetailsByExistingUsernameButKindOfRoleRefIsNotRole/0,userDetailsMono,1
C:\halo-main\application\src\test\java\run\halo\app\security\DefaultUserDetailServiceTest.java,run.halo.app.security.DefaultUserDetailServiceTest,shouldFindUserDetailsByExistingUsername/0,gotUser,3
C:\halo-main\application\src\test\java\run\halo\app\security\DefaultUserDetailServiceTest.java,run.halo.app.security.DefaultUserDetailServiceTest,shouldFindUserDetailsByExistingUsername/0,foundUser,4
C:\halo-main\application\src\test\java\run\halo\app\security\DefaultUserDetailServiceTest.java,run.halo.app.security.DefaultUserDetailServiceTest,shouldFindUserDetailsByExistingUsername/0,subject,1
C:\halo-main\application\src\test\java\run\halo\app\security\DefaultUserDetailServiceTest.java,run.halo.app.security.DefaultUserDetailServiceTest,shouldFindUserDetailsByExistingUsername/0,roleGvk,2
C:\halo-main\application\src\test\java\run\halo\app\security\DefaultUserDetailServiceTest.java,run.halo.app.security.DefaultUserDetailServiceTest,shouldFindUserDetailsByExistingUsername/0,userGvk,2
C:\halo-main\application\src\test\java\run\halo\app\security\DefaultUserDetailServiceTest.java,run.halo.app.security.DefaultUserDetailServiceTest,shouldFindUserDetailsByExistingUsername/0,roleRef,4
C:\halo-main\application\src\test\java\run\halo\app\security\DefaultUserDetailServiceTest.java,run.halo.app.security.DefaultUserDetailServiceTest,shouldFindUserDetailsByExistingUsername/0,userDetailsMono,1
C:\halo-main\application\src\test\java\run\halo\app\theme\ThemeLocaleContextResolverTest.java,run.halo.app.theme.ThemeLocaleContextResolverTest,resolveInvalidAcceptLanguageHeader/0,request,1
C:\halo-main\application\src\test\java\run\halo\app\theme\ThemeLocaleContextResolverTest.java,run.halo.app.theme.ThemeLocaleContextResolverTest,resolveInvalidAcceptLanguageHeader/0,exchange,1
C:\halo-main\application\src\test\java\run\halo\app\theme\ThemeLocaleContextResolverTest.java,run.halo.app.theme.ThemeLocaleContextResolverTest,resolveMissingAcceptLanguageHeader/0,request,1
C:\halo-main\application\src\test\java\run\halo\app\theme\ThemeLocaleContextResolverTest.java,run.halo.app.theme.ThemeLocaleContextResolverTest,resolveMissingAcceptLanguageHeader/0,exchange,1
C:\halo-main\application\src\test\java\run\halo\app\theme\ThemeLocaleContextResolverTest.java,run.halo.app.theme.ThemeLocaleContextResolverTest,resolveInvalidAcceptLanguageHeaderWithDefault/0,request,1
C:\halo-main\application\src\test\java\run\halo\app\theme\ThemeLocaleContextResolverTest.java,run.halo.app.theme.ThemeLocaleContextResolverTest,resolveInvalidAcceptLanguageHeaderWithDefault/0,exchange,1
C:\halo-main\application\src\test\java\run\halo\app\theme\ThemeLocaleContextResolverTest.java,run.halo.app.theme.ThemeLocaleContextResolverTest,resolveMissingAcceptLanguageHeaderWithDefault/0,request,1
C:\halo-main\application\src\test\java\run\halo\app\theme\ThemeLocaleContextResolverTest.java,run.halo.app.theme.ThemeLocaleContextResolverTest,resolveMissingAcceptLanguageHeaderWithDefault/0,exchange,1
C:\halo-main\application\src\test\java\run\halo\app\theme\ThemeLocaleContextResolverTest.java,run.halo.app.theme.ThemeLocaleContextResolverTest,resolveEmptyAcceptLanguageHeader/0,request,1
C:\halo-main\application\src\test\java\run\halo\app\theme\ThemeLocaleContextResolverTest.java,run.halo.app.theme.ThemeLocaleContextResolverTest,resolveEmptyAcceptLanguageHeader/0,exchange,1
C:\halo-main\application\src\test\java\run\halo\app\theme\ThemeLocaleContextResolverTest.java,run.halo.app.theme.ThemeLocaleContextResolverTest,resolveTimeZone/0,localeContext,4
C:\halo-main\application\src\test\java\run\halo\app\theme\ThemeLocaleContextResolverTest.java,run.halo.app.theme.ThemeLocaleContextResolverTest,defaultLocale/0,request,3
C:\halo-main\application\src\test\java\run\halo\app\theme\ThemeLocaleContextResolverTest.java,run.halo.app.theme.ThemeLocaleContextResolverTest,defaultLocale/0,exchange,3
C:\halo-main\application\src\test\java\run\halo\app\theme\ThemeLocaleContextResolverTest.java,run.halo.app.theme.ThemeLocaleContextResolverTest,exchangeForParam/1[java.lang.String],language,1
C:\halo-main\application\src\test\java\run\halo\app\theme\ThemeLocaleContextResolverTest.java,run.halo.app.theme.ThemeLocaleContextResolverTest,exchange/1[java.util.Locale[]],locales,1
C:\halo-main\application\src\test\java\run\halo\app\theme\ThemeLocaleContextResolverTest.java,run.halo.app.theme.ThemeLocaleContextResolverTest,resolveEmptyAcceptLanguageHeaderWithDefault/0,request,1
C:\halo-main\application\src\test\java\run\halo\app\theme\ThemeLocaleContextResolverTest.java,run.halo.app.theme.ThemeLocaleContextResolverTest,resolveEmptyAcceptLanguageHeaderWithDefault/0,exchange,1
C:\halo-main\application\src\test\java\run\halo\app\theme\ThemeLocaleContextResolverTest.java,run.halo.app.theme.ThemeLocaleContextResolverTest,exchangeTimeZone/1[java.util.Locale[]],locales,1
C:\halo-main\application\src\main\java\run\halo\app\extension\Comparators.java,run.halo.app.extension.Comparators,compareCreationTimestamp/1[boolean],asc,1
C:\halo-main\application\src\main\java\run\halo\app\extension\Comparators.java,run.halo.app.extension.Comparators,compareCreationTimestamp/1[boolean],comparator,2
C:\halo-main\application\src\main\java\run\halo\app\extension\Comparators.java,run.halo.app.extension.Comparators,compareCreationTimestamp/1[boolean],e,1
C:\halo-main\application\src\main\java\run\halo\app\extension\Comparators.java,run.halo.app.extension.Comparators,compareName/1[boolean],asc,1
C:\halo-main\application\src\main\java\run\halo\app\extension\Comparators.java,run.halo.app.extension.Comparators,compareName/1[boolean],comparator,2
C:\halo-main\application\src\main\java\run\halo\app\extension\Comparators.java,run.halo.app.extension.Comparators,compareName/1[boolean],e,1
C:\halo-main\application\src\main\java\run\halo\app\content\Indexer.java,run.halo.app.content.Indexer$IndexFunc,apply/1[T],obj,0
C:\halo-main\application\src\main\java\run\halo\app\theme\finders\vo\MenuItemVo.java,run.halo.app.theme.finders.vo.MenuItemVo,from/1[run.halo.app.theme.finders.vo.MenuItem],menuItem,3
C:\halo-main\application\src\main\java\run\halo\app\theme\finders\vo\MenuItemVo.java,run.halo.app.theme.finders.vo.MenuItemVo,from/1[run.halo.app.theme.finders.vo.MenuItem],status,2
C:\halo-main\application\src\main\java\run\halo\app\theme\dialect\TemplateFooterElementTagProcessor.java,run.halo.app.theme.dialect.TemplateFooterElementTagProcessor,getGlobalFooterText/1[run.halo.app.theme.dialect.ApplicationContext],fetcher,1
C:\halo-main\application\src\main\java\run\halo\app\theme\dialect\TemplateFooterElementTagProcessor.java,run.halo.app.theme.dialect.TemplateFooterElementTagProcessor,getGlobalFooterText/1[run.halo.app.theme.dialect.ApplicationContext],appCtx,1
C:\halo-main\application\src\main\java\run\halo\app\theme\dialect\TemplateFooterElementTagProcessor.java,run.halo.app.theme.dialect.TemplateFooterElementTagProcessor,TemplateFooterElementTagProcessor/1[java.lang.String],dialectPrefix,1
C:\halo-main\application\src\main\java\run\halo\app\theme\dialect\TemplateFooterElementTagProcessor.java,run.halo.app.theme.dialect.TemplateFooterElementTagProcessor,"doProcess/3[run.halo.app.theme.dialect.ITemplateContext,run.halo.app.theme.dialect.IProcessableElementTag,run.halo.app.theme.dialect.IElementTagStructureHandler]",appCtx,1
C:\halo-main\application\src\main\java\run\halo\app\theme\dialect\TemplateFooterElementTagProcessor.java,run.halo.app.theme.dialect.TemplateFooterElementTagProcessor,"doProcess/3[run.halo.app.theme.dialect.ITemplateContext,run.halo.app.theme.dialect.IProcessableElementTag,run.halo.app.theme.dialect.IElementTagStructureHandler]",structureHandler,1
C:\halo-main\application\src\main\java\run\halo\app\theme\dialect\TemplateFooterElementTagProcessor.java,run.halo.app.theme.dialect.TemplateFooterElementTagProcessor,"doProcess/3[run.halo.app.theme.dialect.ITemplateContext,run.halo.app.theme.dialect.IProcessableElementTag,run.halo.app.theme.dialect.IElementTagStructureHandler]",globalFooterText,1
C:\halo-main\application\src\main\java\run\halo\app\theme\dialect\TemplateFooterElementTagProcessor.java,run.halo.app.theme.dialect.TemplateFooterElementTagProcessor,"doProcess/3[run.halo.app.theme.dialect.ITemplateContext,run.halo.app.theme.dialect.IProcessableElementTag,run.halo.app.theme.dialect.IElementTagStructureHandler]",context,1
C:\halo-main\application\src\main\java\run\halo\app\theme\dialect\TemplateFooterElementTagProcessor.java,run.halo.app.theme.dialect.TemplateFooterElementTagProcessor,"doProcess/3[run.halo.app.theme.dialect.ITemplateContext,run.halo.app.theme.dialect.IProcessableElementTag,run.halo.app.theme.dialect.IElementTagStructureHandler]",tag,0
C:\halo-main\application\src\test\java\run\halo\app\extension\GroupVersionKindTest.java,run.halo.app.extension.GroupVersionKindTest,fromExtension/0,groupVersionKind,3
C:\halo-main\application\src\main\java\run\halo\app\theme\endpoint\CommentFinderEndpoint.java,run.halo.app.theme.endpoint.CommentFinderEndpoint,createComment/1[run.halo.app.theme.endpoint.ServerRequest],request,3
C:\halo-main\application\src\main\java\run\halo\app\theme\endpoint\CommentFinderEndpoint.java,run.halo.app.theme.endpoint.CommentFinderEndpoint,createComment/1[run.halo.app.theme.endpoint.ServerRequest],commentRequest,1
C:\halo-main\application\src\main\java\run\halo\app\theme\endpoint\CommentFinderEndpoint.java,run.halo.app.theme.endpoint.CommentFinderEndpoint,createComment/1[run.halo.app.theme.endpoint.ServerRequest],comment,5
C:\halo-main\application\src\main\java\run\halo\app\theme\endpoint\CommentFinderEndpoint.java,run.halo.app.theme.endpoint.CommentFinderEndpoint,createReply/1[run.halo.app.theme.endpoint.ServerRequest],request,4
C:\halo-main\application\src\main\java\run\halo\app\theme\endpoint\CommentFinderEndpoint.java,run.halo.app.theme.endpoint.CommentFinderEndpoint,createReply/1[run.halo.app.theme.endpoint.ServerRequest],commentName,1
C:\halo-main\application\src\main\java\run\halo\app\theme\endpoint\CommentFinderEndpoint.java,run.halo.app.theme.endpoint.CommentFinderEndpoint,createReply/1[run.halo.app.theme.endpoint.ServerRequest],commentSetting,3
C:\halo-main\application\src\main\java\run\halo\app\theme\endpoint\CommentFinderEndpoint.java,run.halo.app.theme.endpoint.CommentFinderEndpoint,createReply/1[run.halo.app.theme.endpoint.ServerRequest],replyRequest,1
C:\halo-main\application\src\main\java\run\halo\app\theme\endpoint\CommentFinderEndpoint.java,run.halo.app.theme.endpoint.CommentFinderEndpoint,createReply/1[run.halo.app.theme.endpoint.ServerRequest],comment,1
C:\halo-main\application\src\main\java\run\halo\app\theme\endpoint\CommentFinderEndpoint.java,run.halo.app.theme.endpoint.CommentFinderEndpoint,createReply/1[run.halo.app.theme.endpoint.ServerRequest],reply,9
C:\halo-main\application\src\main\java\run\halo\app\theme\endpoint\CommentFinderEndpoint.java,run.halo.app.theme.endpoint.CommentFinderEndpoint,listCommentReplies/1[run.halo.app.theme.endpoint.ServerRequest],request,2
C:\halo-main\application\src\main\java\run\halo\app\theme\endpoint\CommentFinderEndpoint.java,run.halo.app.theme.endpoint.CommentFinderEndpoint,listCommentReplies/1[run.halo.app.theme.endpoint.ServerRequest],commentName,1
C:\halo-main\application\src\main\java\run\halo\app\theme\endpoint\CommentFinderEndpoint.java,run.halo.app.theme.endpoint.CommentFinderEndpoint,listCommentReplies/1[run.halo.app.theme.endpoint.ServerRequest],queryParams,3
C:\halo-main\application\src\main\java\run\halo\app\theme\endpoint\CommentFinderEndpoint.java,run.halo.app.theme.endpoint.CommentFinderEndpoint,listCommentReplies/1[run.halo.app.theme.endpoint.ServerRequest],list,1
C:\halo-main\application\src\main\java\run\halo\app\theme\endpoint\CommentFinderEndpoint.java,run.halo.app.theme.endpoint.CommentFinderEndpoint,"checkReplyOwner/2[run.halo.app.theme.endpoint.Reply,java.lang.Boolean]",owner,2
C:\halo-main\application\src\main\java\run\halo\app\theme\endpoint\CommentFinderEndpoint.java,run.halo.app.theme.endpoint.CommentFinderEndpoint,"checkReplyOwner/2[run.halo.app.theme.endpoint.Reply,java.lang.Boolean]",onlySystemUser,1
C:\halo-main\application\src\main\java\run\halo\app\theme\endpoint\CommentFinderEndpoint.java,run.halo.app.theme.endpoint.CommentFinderEndpoint,"checkReplyOwner/2[run.halo.app.theme.endpoint.Reply,java.lang.Boolean]",reply,1
C:\halo-main\application\src\main\java\run\halo\app\theme\endpoint\CommentFinderEndpoint.java,run.halo.app.theme.endpoint.CommentFinderEndpoint,listComments/1[run.halo.app.theme.endpoint.ServerRequest],request,1
C:\halo-main\application\src\main\java\run\halo\app\theme\endpoint\CommentFinderEndpoint.java,run.halo.app.theme.endpoint.CommentFinderEndpoint,listComments/1[run.halo.app.theme.endpoint.ServerRequest],list,1
C:\halo-main\application\src\main\java\run\halo\app\theme\endpoint\CommentFinderEndpoint.java,run.halo.app.theme.endpoint.CommentFinderEndpoint,listComments/1[run.halo.app.theme.endpoint.ServerRequest],commentQuery,3
C:\halo-main\application\src\main\java\run\halo\app\theme\endpoint\CommentFinderEndpoint.java,run.halo.app.theme.endpoint.CommentFinderEndpoint,endpoint/0,builder,11
C:\halo-main\application\src\main\java\run\halo\app\theme\endpoint\CommentFinderEndpoint.java,run.halo.app.theme.endpoint.CommentFinderEndpoint,endpoint/0,tag,10
C:\halo-main\application\src\main\java\run\halo\app\theme\endpoint\CommentFinderEndpoint.java,run.halo.app.theme.endpoint.CommentFinderEndpoint,getComment/1[run.halo.app.theme.endpoint.ServerRequest],request,1
C:\halo-main\application\src\main\java\run\halo\app\theme\endpoint\CommentFinderEndpoint.java,run.halo.app.theme.endpoint.CommentFinderEndpoint,getComment/1[run.halo.app.theme.endpoint.ServerRequest],name,1
C:\halo-main\application\src\main\java\run\halo\app\theme\endpoint\CommentFinderEndpoint.java,run.halo.app.theme.endpoint.CommentFinderEndpoint,getComment/1[run.halo.app.theme.endpoint.ServerRequest],comment,1
C:\halo-main\application\src\test\java\run\halo\app\core\extension\service\UserServiceImplTest.java,run.halo.app.core.extension.service.UserServiceImplTest,shouldListRolesIfUserFoundInExtension/0,roleA,3
C:\halo-main\application\src\test\java\run\halo\app\core\extension\service\UserServiceImplTest.java,run.halo.app.core.extension.service.UserServiceImplTest,shouldListRolesIfUserFoundInExtension/0,fakeUser,2
C:\halo-main\application\src\test\java\run\halo\app\core\extension\service\UserServiceImplTest.java,run.halo.app.core.extension.service.UserServiceImplTest,shouldListRolesIfUserFoundInExtension/0,metadata,2
C:\halo-main\application\src\test\java\run\halo\app\core\extension\service\UserServiceImplTest.java,run.halo.app.core.extension.service.UserServiceImplTest,shouldListRolesIfUserFoundInExtension/0,metadataB,2
C:\halo-main\application\src\test\java\run\halo\app\core\extension\service\UserServiceImplTest.java,run.halo.app.core.extension.service.UserServiceImplTest,shouldListRolesIfUserFoundInExtension/0,metadataA,2
C:\halo-main\application\src\test\java\run\halo\app\core\extension\service\UserServiceImplTest.java,run.halo.app.core.extension.service.UserServiceImplTest,shouldListRolesIfUserFoundInExtension/0,metadataC,2
C:\halo-main\application\src\test\java\run\halo\app\core\extension\service\UserServiceImplTest.java,run.halo.app.core.extension.service.UserServiceImplTest,shouldListRolesIfUserFoundInExtension/0,roleB,3
C:\halo-main\application\src\test\java\run\halo\app\core\extension\service\UserServiceImplTest.java,run.halo.app.core.extension.service.UserServiceImplTest,shouldListRolesIfUserFoundInExtension/0,roleC,2
C:\halo-main\application\src\test\java\run\halo\app\core\extension\service\UserServiceImplTest.java,run.halo.app.core.extension.service.UserServiceImplTest,shouldGetUserIfUserFoundInExtension/0,fakeUser,2
C:\halo-main\application\src\test\java\run\halo\app\core\extension\service\UserServiceImplTest.java,run.halo.app.core.extension.service.UserServiceImplTest,shouldGetUserIfUserFoundInExtension/0,user,1
C:\halo-main\application\src\test\java\run\halo\app\core\extension\service\UserServiceImplTest.java,run.halo.app.core.extension.service.UserServiceImplTest,getRoleBindings/0,bindC,1
C:\halo-main\application\src\test\java\run\halo\app\core\extension\service\UserServiceImplTest.java,run.halo.app.core.extension.service.UserServiceImplTest,getRoleBindings/0,bindA,1
C:\halo-main\application\src\test\java\run\halo\app\core\extension\service\UserServiceImplTest.java,run.halo.app.core.extension.service.UserServiceImplTest,getRoleBindings/0,bindB,1
C:\halo-main\application\src\test\java\run\halo\app\core\extension\service\UserServiceImplTest.java,run.halo.app.core.extension.service.UserServiceImplTest,createUser/1[java.lang.String],password,1
C:\halo-main\application\src\test\java\run\halo\app\core\extension\service\UserServiceImplTest.java,run.halo.app.core.extension.service.UserServiceImplTest,createUser/1[java.lang.String],user,3
C:\halo-main\application\src\test\java\run\halo\app\core\extension\service\UserServiceImplTest.java,run.halo.app.core.extension.service.UserServiceImplTest,shouldUpdatePasswordIfUserFoundInExtension/0,fakeUser,5
C:\halo-main\application\src\test\java\run\halo\app\core\extension\service\UserServiceImplTest.java,run.halo.app.core.extension.service.UserServiceImplTest,shouldUpdatePasswordIfUserFoundInExtension/0,extension,1
C:\halo-main\application\src\test\java\run\halo\app\core\extension\service\UserServiceImplTest.java,run.halo.app.core.extension.service.UserServiceImplTest,shouldUpdatePasswordIfUserFoundInExtension/0,user,1
C:\halo-main\application\src\main\java\run\halo\app\event\post\PostRecycledEvent.java,run.halo.app.event.post.PostRecycledEvent,"PostRecycledEvent/2[java.lang.Object,java.lang.String]",postName,2
C:\halo-main\application\src\main\java\run\halo\app\event\post\PostRecycledEvent.java,run.halo.app.event.post.PostRecycledEvent,"PostRecycledEvent/2[java.lang.Object,java.lang.String]",source,1
C:\halo-main\application\src\test\java\run\halo\app\core\extension\reconciler\TagReconcilerTest.java,run.halo.app.core.extension.reconciler.TagReconcilerTest,reconcile/0,arg,0
C:\halo-main\application\src\test\java\run\halo\app\core\extension\reconciler\TagReconcilerTest.java,run.halo.app.core.extension.reconciler.TagReconcilerTest,reconcile/0,capture,3
C:\halo-main\application\src\test\java\run\halo\app\core\extension\reconciler\TagReconcilerTest.java,run.halo.app.core.extension.reconciler.TagReconcilerTest,reconcile/0,tag,4
C:\halo-main\application\src\test\java\run\halo\app\core\extension\reconciler\TagReconcilerTest.java,run.halo.app.core.extension.reconciler.TagReconcilerTest,reconcile/0,captor,3
C:\halo-main\application\src\test\java\run\halo\app\core\extension\reconciler\TagReconcilerTest.java,run.halo.app.core.extension.reconciler.TagReconcilerTest,reconcileStatusPosts/0,tag,2
C:\halo-main\application\src\test\java\run\halo\app\core\extension\reconciler\TagReconcilerTest.java,run.halo.app.core.extension.reconciler.TagReconcilerTest,reconcileStatusPosts/0,allValues,2
C:\halo-main\application\src\test\java\run\halo\app\core\extension\reconciler\TagReconcilerTest.java,run.halo.app.core.extension.reconciler.TagReconcilerTest,reconcileStatusPosts/0,captor,2
C:\halo-main\application\src\test\java\run\halo\app\core\extension\reconciler\TagReconcilerTest.java,run.halo.app.core.extension.reconciler.TagReconcilerTest,tag/0,tag,6
C:\halo-main\application\src\test\java\run\halo\app\core\extension\reconciler\TagReconcilerTest.java,run.halo.app.core.extension.reconciler.TagReconcilerTest,reconcileDelete/0,tag,3
C:\halo-main\application\src\test\java\run\halo\app\core\extension\reconciler\TagReconcilerTest.java,run.halo.app.core.extension.reconciler.TagReconcilerTest,reconcileDelete/0,captor,1
C:\halo-main\application\src\main\java\run\halo\app\infra\exception\ThemeInstallationException.java,run.halo.app.infra.exception.ThemeInstallationException,"ThemeInstallationException/3[java.lang.String,java.lang.String,java.lang.Object[]]",reason,1
C:\halo-main\application\src\main\java\run\halo\app\infra\exception\ThemeInstallationException.java,run.halo.app.infra.exception.ThemeInstallationException,"ThemeInstallationException/3[java.lang.String,java.lang.String,java.lang.Object[]]",detailArgs,1
C:\halo-main\application\src\main\java\run\halo\app\infra\exception\ThemeInstallationException.java,run.halo.app.infra.exception.ThemeInstallationException,"ThemeInstallationException/3[java.lang.String,java.lang.String,java.lang.Object[]]",detailCode,1
C:\halo-main\application\src\main\java\run\halo\app\theme\endpoint\PublicUserEndpoint.java,run.halo.app.theme.endpoint.PublicUserEndpoint,"authenticate/2[java.lang.String,run.halo.app.theme.endpoint.ServerWebExchange]",exchange,1
C:\halo-main\application\src\main\java\run\halo\app\theme\endpoint\PublicUserEndpoint.java,run.halo.app.theme.endpoint.PublicUserEndpoint,"authenticate/2[java.lang.String,run.halo.app.theme.endpoint.ServerWebExchange]",securityContext,2
C:\halo-main\application\src\main\java\run\halo\app\theme\endpoint\PublicUserEndpoint.java,run.halo.app.theme.endpoint.PublicUserEndpoint,"authenticate/2[java.lang.String,run.halo.app.theme.endpoint.ServerWebExchange]",userDetails,3
C:\halo-main\application\src\main\java\run\halo\app\theme\endpoint\PublicUserEndpoint.java,run.halo.app.theme.endpoint.PublicUserEndpoint,"authenticate/2[java.lang.String,run.halo.app.theme.endpoint.ServerWebExchange]",username,1
C:\halo-main\application\src\main\java\run\halo\app\theme\endpoint\PublicUserEndpoint.java,run.halo.app.theme.endpoint.PublicUserEndpoint,"authenticate/2[java.lang.String,run.halo.app.theme.endpoint.ServerWebExchange]",authentication,1
C:\halo-main\application\src\main\java\run\halo\app\theme\endpoint\PublicUserEndpoint.java,run.halo.app.theme.endpoint.PublicUserEndpoint,"SignUpRequest/2[run.halo.app.theme.endpoint.User,java.lang.String]",password,0
C:\halo-main\application\src\main\java\run\halo\app\theme\endpoint\PublicUserEndpoint.java,run.halo.app.theme.endpoint.PublicUserEndpoint,"SignUpRequest/2[run.halo.app.theme.endpoint.User,java.lang.String]",user,0
C:\halo-main\application\src\main\java\run\halo\app\theme\endpoint\PublicUserEndpoint.java,run.halo.app.theme.endpoint.PublicUserEndpoint,signUp/1[run.halo.app.theme.endpoint.ServerRequest],request,2
C:\halo-main\application\src\main\java\run\halo\app\theme\endpoint\PublicUserEndpoint.java,run.halo.app.theme.endpoint.PublicUserEndpoint,signUp/1[run.halo.app.theme.endpoint.ServerRequest],signUpRequest,2
C:\halo-main\application\src\main\java\run\halo\app\theme\endpoint\PublicUserEndpoint.java,run.halo.app.theme.endpoint.PublicUserEndpoint,signUp/1[run.halo.app.theme.endpoint.ServerRequest],user,4
C:\halo-main\application\src\main\java\run\halo\app\theme\endpoint\PublicUserEndpoint.java,run.halo.app.theme.endpoint.PublicUserEndpoint,endpoint/0,builder,1
C:\halo-main\application\src\main\java\run\halo\app\theme\endpoint\PublicUserEndpoint.java,run.halo.app.theme.endpoint.PublicUserEndpoint,endpoint/0,tag,2
C:\halo-main\application\src\main\java\run\halo\app\theme\finders\impl\CommentFinderImpl.java,run.halo.app.theme.finders.impl.CommentFinderImpl,pageNullSafe/1[java.lang.Integer],page,1
C:\halo-main\application\src\main\java\run\halo\app\theme\finders\impl\CommentFinderImpl.java,run.halo.app.theme.finders.impl.CommentFinderImpl,"listReply/3[java.lang.String,java.lang.Integer,java.lang.Integer]",commentName,1
C:\halo-main\application\src\main\java\run\halo\app\theme\finders\impl\CommentFinderImpl.java,run.halo.app.theme.finders.impl.CommentFinderImpl,"listReply/3[java.lang.String,java.lang.Integer,java.lang.Integer]",size,2
C:\halo-main\application\src\main\java\run\halo\app\theme\finders\impl\CommentFinderImpl.java,run.halo.app.theme.finders.impl.CommentFinderImpl,"listReply/3[java.lang.String,java.lang.Integer,java.lang.Integer]",replyVos,1
C:\halo-main\application\src\main\java\run\halo\app\theme\finders\impl\CommentFinderImpl.java,run.halo.app.theme.finders.impl.CommentFinderImpl,"listReply/3[java.lang.String,java.lang.Integer,java.lang.Integer]",fixedPredicate,1
C:\halo-main\application\src\main\java\run\halo\app\theme\finders\impl\CommentFinderImpl.java,run.halo.app.theme.finders.impl.CommentFinderImpl,"listReply/3[java.lang.String,java.lang.Integer,java.lang.Integer]",page,2
C:\halo-main\application\src\main\java\run\halo\app\theme\finders\impl\CommentFinderImpl.java,run.halo.app.theme.finders.impl.CommentFinderImpl,"listReply/3[java.lang.String,java.lang.Integer,java.lang.Integer]",list,4
C:\halo-main\application\src\main\java\run\halo\app\theme\finders\impl\CommentFinderImpl.java,run.halo.app.theme.finders.impl.CommentFinderImpl,toReplyVo/1[run.halo.app.theme.finders.impl.Reply],reply,2
C:\halo-main\application\src\main\java\run\halo\app\theme\finders\impl\CommentFinderImpl.java,run.halo.app.theme.finders.impl.CommentFinderImpl,toReplyVo/1[run.halo.app.theme.finders.impl.Reply],replyVo,6
C:\halo-main\application\src\main\java\run\halo\app\theme\finders\impl\CommentFinderImpl.java,run.halo.app.theme.finders.impl.CommentFinderImpl,sizeNullSafe/1[java.lang.Integer],size,1
C:\halo-main\application\src\main\java\run\halo\app\theme\finders\impl\CommentFinderImpl.java,run.halo.app.theme.finders.impl.CommentFinderImpl,fixedCommentPredicate/1[run.halo.app.theme.finders.impl.Ref],owner,2
C:\halo-main\application\src\main\java\run\halo\app\theme\finders\impl\CommentFinderImpl.java,run.halo.app.theme.finders.impl.CommentFinderImpl,fixedCommentPredicate/1[run.halo.app.theme.finders.impl.Ref],ref,2
C:\halo-main\application\src\main\java\run\halo\app\theme\finders\impl\CommentFinderImpl.java,run.halo.app.theme.finders.impl.CommentFinderImpl,fixedCommentPredicate/1[run.halo.app.theme.finders.impl.Ref],isOwner,1
C:\halo-main\application\src\main\java\run\halo\app\theme\finders\impl\CommentFinderImpl.java,run.halo.app.theme.finders.impl.CommentFinderImpl,fixedCommentPredicate/1[run.halo.app.theme.finders.impl.Ref],refPredicate,1
C:\halo-main\application\src\main\java\run\halo\app\theme\finders\impl\CommentFinderImpl.java,run.halo.app.theme.finders.impl.CommentFinderImpl,fixedCommentPredicate/1[run.halo.app.theme.finders.impl.Ref],approvedPredicate,2
C:\halo-main\application\src\main\java\run\halo\app\theme\finders\impl\CommentFinderImpl.java,run.halo.app.theme.finders.impl.CommentFinderImpl,fixedCommentPredicate/1[run.halo.app.theme.finders.impl.Ref],comment,7
C:\halo-main\application\src\main\java\run\halo\app\theme\finders\impl\CommentFinderImpl.java,run.halo.app.theme.finders.impl.CommentFinderImpl,fixedCommentPredicate/1[run.halo.app.theme.finders.impl.Ref],username,1
C:\halo-main\application\src\main\java\run\halo\app\theme\finders\impl\CommentFinderImpl.java,run.halo.app.theme.finders.impl.CommentFinderImpl,"list/3[run.halo.app.theme.finders.impl.Ref,java.lang.Integer,java.lang.Integer]",ref,1
C:\halo-main\application\src\main\java\run\halo\app\theme\finders\impl\CommentFinderImpl.java,run.halo.app.theme.finders.impl.CommentFinderImpl,"list/3[run.halo.app.theme.finders.impl.Ref,java.lang.Integer,java.lang.Integer]",size,2
C:\halo-main\application\src\main\java\run\halo\app\theme\finders\impl\CommentFinderImpl.java,run.halo.app.theme.finders.impl.CommentFinderImpl,"list/3[run.halo.app.theme.finders.impl.Ref,java.lang.Integer,java.lang.Integer]",fixedPredicate,1
C:\halo-main\application\src\main\java\run\halo\app\theme\finders\impl\CommentFinderImpl.java,run.halo.app.theme.finders.impl.CommentFinderImpl,"list/3[run.halo.app.theme.finders.impl.Ref,java.lang.Integer,java.lang.Integer]",page,2
C:\halo-main\application\src\main\java\run\halo\app\theme\finders\impl\CommentFinderImpl.java,run.halo.app.theme.finders.impl.CommentFinderImpl,"list/3[run.halo.app.theme.finders.impl.Ref,java.lang.Integer,java.lang.Integer]",list,4
C:\halo-main\application\src\main\java\run\halo\app\theme\finders\impl\CommentFinderImpl.java,run.halo.app.theme.finders.impl.CommentFinderImpl,"list/3[run.halo.app.theme.finders.impl.Ref,java.lang.Integer,java.lang.Integer]",commentVos,1
C:\halo-main\application\src\main\java\run\halo\app\theme\finders\impl\CommentFinderImpl.java,run.halo.app.theme.finders.impl.CommentFinderImpl,getByName/1[java.lang.String],name,1
C:\halo-main\application\src\main\java\run\halo\app\theme\finders\impl\CommentFinderImpl.java,run.halo.app.theme.finders.impl.CommentFinderImpl,getCurrentUserWithoutAnonymous/0,username,1
C:\halo-main\application\src\main\java\run\halo\app\theme\finders\impl\CommentFinderImpl.java,run.halo.app.theme.finders.impl.CommentFinderImpl,"populateStats/2[java.lang.Class<E>,T]",vo,1
C:\halo-main\application\src\main\java\run\halo\app\theme\finders\impl\CommentFinderImpl.java,run.halo.app.theme.finders.impl.CommentFinderImpl,"populateStats/2[java.lang.Class<E>,T]",counter,1
C:\halo-main\application\src\main\java\run\halo\app\theme\finders\impl\CommentFinderImpl.java,run.halo.app.theme.finders.impl.CommentFinderImpl,"populateStats/2[java.lang.Class<E>,T]",clazz,1
C:\halo-main\application\src\main\java\run\halo\app\theme\finders\impl\CommentFinderImpl.java,run.halo.app.theme.finders.impl.CommentFinderImpl,getOwnerInfo/1[Comment.CommentOwner],owner,3
C:\halo-main\application\src\main\java\run\halo\app\theme\finders\impl\CommentFinderImpl.java,run.halo.app.theme.finders.impl.CommentFinderImpl,fixedReplyPredicate/1[java.lang.String],owner,2
C:\halo-main\application\src\main\java\run\halo\app\theme\finders\impl\CommentFinderImpl.java,run.halo.app.theme.finders.impl.CommentFinderImpl,fixedReplyPredicate/1[java.lang.String],commentName,2
C:\halo-main\application\src\main\java\run\halo\app\theme\finders\impl\CommentFinderImpl.java,run.halo.app.theme.finders.impl.CommentFinderImpl,fixedReplyPredicate/1[java.lang.String],commentNamePredicate,1
C:\halo-main\application\src\main\java\run\halo\app\theme\finders\impl\CommentFinderImpl.java,run.halo.app.theme.finders.impl.CommentFinderImpl,fixedReplyPredicate/1[java.lang.String],isOwner,1
C:\halo-main\application\src\main\java\run\halo\app\theme\finders\impl\CommentFinderImpl.java,run.halo.app.theme.finders.impl.CommentFinderImpl,fixedReplyPredicate/1[java.lang.String],approvedPredicate,2
C:\halo-main\application\src\main\java\run\halo\app\theme\finders\impl\CommentFinderImpl.java,run.halo.app.theme.finders.impl.CommentFinderImpl,fixedReplyPredicate/1[java.lang.String],reply,7
C:\halo-main\application\src\main\java\run\halo\app\theme\finders\impl\CommentFinderImpl.java,run.halo.app.theme.finders.impl.CommentFinderImpl,fixedReplyPredicate/1[java.lang.String],username,1
C:\halo-main\application\src\main\java\run\halo\app\theme\finders\impl\CommentFinderImpl.java,run.halo.app.theme.finders.impl.CommentFinderImpl,toCommentVo/1[run.halo.app.theme.finders.impl.Comment],owner,1
C:\halo-main\application\src\main\java\run\halo\app\theme\finders\impl\CommentFinderImpl.java,run.halo.app.theme.finders.impl.CommentFinderImpl,toCommentVo/1[run.halo.app.theme.finders.impl.Comment],comment,2
C:\halo-main\application\src\main\java\run\halo\app\theme\finders\impl\CommentFinderImpl.java,run.halo.app.theme.finders.impl.CommentFinderImpl,toCommentVo/1[run.halo.app.theme.finders.impl.Comment],commentVo,6
C:\halo-main\application\src\test\java\run\halo\app\theme\dialect\HaloProcessorDialectTest.java,run.halo.app.theme.dialect.HaloProcessorDialectTest$AnnotationExpressionObjectFactoryTest,containsWhenAnnotationsIsNotNull/0,result,1
C:\halo-main\application\src\test\java\run\halo\app\theme\dialect\HaloProcessorDialectTest.java,run.halo.app.theme.dialect.HaloProcessorDialectTest$AnnotationExpressionObjectFactoryTest,containsWhenAnnotationsIsNotNull/0,context,2
C:\halo-main\application\src\test\java\run\halo\app\theme\dialect\HaloProcessorDialectTest.java,run.halo.app.theme.dialect.HaloProcessorDialectTest$AnnotationExpressionObjectFactoryTest,containsWhenAnnotationsIsNotNull/0,user,2
C:\halo-main\application\src\test\java\run\halo\app\theme\dialect\HaloProcessorDialectTest.java,run.halo.app.theme.dialect.HaloProcessorDialectTest$AnnotationExpressionObjectFactoryTest,createUser/0,user,4
C:\halo-main\application\src\test\java\run\halo\app\theme\dialect\HaloProcessorDialectTest.java,run.halo.app.theme.dialect.HaloProcessorDialectTest$AnnotationExpressionObjectFactoryTest,getOrDefaultWhenAnnotationsIsNull/0,result,1
C:\halo-main\application\src\test\java\run\halo\app\theme\dialect\HaloProcessorDialectTest.java,run.halo.app.theme.dialect.HaloProcessorDialectTest$AnnotationExpressionObjectFactoryTest,getOrDefaultWhenAnnotationsIsNull/0,context,2
C:\halo-main\application\src\test\java\run\halo\app\theme\dialect\HaloProcessorDialectTest.java,run.halo.app.theme.dialect.HaloProcessorDialectTest$AnnotationExpressionObjectFactoryTest,getOrDefaultWhenAnnotationsIsNull/0,user,2
C:\halo-main\application\src\test\java\run\halo\app\theme\dialect\HaloProcessorDialectTest.java,run.halo.app.theme.dialect.HaloProcessorDialectTest$AnnotationExpressionObjectFactoryTest,getWhenAnnotationsExists/0,result,1
C:\halo-main\application\src\test\java\run\halo\app\theme\dialect\HaloProcessorDialectTest.java,run.halo.app.theme.dialect.HaloProcessorDialectTest$AnnotationExpressionObjectFactoryTest,getWhenAnnotationsExists/0,context,2
C:\halo-main\application\src\test\java\run\halo\app\theme\dialect\HaloProcessorDialectTest.java,run.halo.app.theme.dialect.HaloProcessorDialectTest$AnnotationExpressionObjectFactoryTest,getWhenAnnotationsExists/0,user,2
C:\halo-main\application\src\test\java\run\halo\app\theme\dialect\HaloProcessorDialectTest.java,run.halo.app.theme.dialect.HaloProcessorDialectTest$AnnotationExpressionObjectFactoryTest,containsWhenAnnotationsIsNull/0,result,1
C:\halo-main\application\src\test\java\run\halo\app\theme\dialect\HaloProcessorDialectTest.java,run.halo.app.theme.dialect.HaloProcessorDialectTest$AnnotationExpressionObjectFactoryTest,containsWhenAnnotationsIsNull/0,context,2
C:\halo-main\application\src\test\java\run\halo\app\theme\dialect\HaloProcessorDialectTest.java,run.halo.app.theme.dialect.HaloProcessorDialectTest$AnnotationExpressionObjectFactoryTest,getOrDefaultWhenAnnotationsExists/0,result,1
C:\halo-main\application\src\test\java\run\halo\app\theme\dialect\HaloProcessorDialectTest.java,run.halo.app.theme.dialect.HaloProcessorDialectTest$AnnotationExpressionObjectFactoryTest,getOrDefaultWhenAnnotationsExists/0,context,2
C:\halo-main\application\src\test\java\run\halo\app\theme\dialect\HaloProcessorDialectTest.java,run.halo.app.theme.dialect.HaloProcessorDialectTest$AnnotationExpressionObjectFactoryTest,getWhenAnnotationsIsNull/0,result,1
C:\halo-main\application\src\test\java\run\halo\app\theme\dialect\HaloProcessorDialectTest.java,run.halo.app.theme.dialect.HaloProcessorDialectTest$AnnotationExpressionObjectFactoryTest,getWhenAnnotationsIsNull/0,context,2
C:\halo-main\application\src\main\java\run\halo\app\infra\DefaultSystemVersionSupplier.java,run.halo.app.infra.DefaultSystemVersionSupplier,get/0,projectVersion,1
C:\halo-main\application\src\main\java\run\halo\app\infra\DefaultSystemVersionSupplier.java,run.halo.app.infra.DefaultSystemVersionSupplier,setBuildProperties/1[run.halo.app.infra.BuildProperties],buildProperties,2
C:\halo-main\application\src\main\java\run\halo\app\core\extension\attachment\endpoint\LocalAttachmentUploadHandler.java,run.halo.app.core.extension.attachment.endpoint.LocalAttachmentUploadHandler,LocalAttachmentUploadHandler/1[run.halo.app.infra.properties.HaloProperties],haloProp,2
C:\halo-main\application\src\main\java\run\halo\app\core\extension\attachment\endpoint\LocalAttachmentUploadHandler.java,run.halo.app.core.extension.attachment.endpoint.LocalAttachmentUploadHandler,"writeContent/3[run.halo.app.core.extension.attachment.endpoint.Flux<run.halo.app.core.extension.attachment.endpoint.DataBuffer>,java.nio.file.Path,boolean]",fileName,1
C:\halo-main\application\src\main\java\run\halo\app\core\extension\attachment\endpoint\LocalAttachmentUploadHandler.java,run.halo.app.core.extension.attachment.endpoint.LocalAttachmentUploadHandler,"writeContent/3[run.halo.app.core.extension.attachment.endpoint.Flux<run.halo.app.core.extension.attachment.endpoint.DataBuffer>,java.nio.file.Path,boolean]",renameIfExists,1
C:\halo-main\application\src\main\java\run\halo\app\core\extension\attachment\endpoint\LocalAttachmentUploadHandler.java,run.halo.app.core.extension.attachment.endpoint.LocalAttachmentUploadHandler,"writeContent/3[run.halo.app.core.extension.attachment.endpoint.Flux<run.halo.app.core.extension.attachment.endpoint.DataBuffer>,java.nio.file.Path,boolean]",t,1
C:\halo-main\application\src\main\java\run\halo\app\core\extension\attachment\endpoint\LocalAttachmentUploadHandler.java,run.halo.app.core.extension.attachment.endpoint.LocalAttachmentUploadHandler,"writeContent/3[run.halo.app.core.extension.attachment.endpoint.Flux<run.halo.app.core.extension.attachment.endpoint.DataBuffer>,java.nio.file.Path,boolean]",targetPath,1
C:\halo-main\application\src\main\java\run\halo\app\core\extension\attachment\endpoint\LocalAttachmentUploadHandler.java,run.halo.app.core.extension.attachment.endpoint.LocalAttachmentUploadHandler,"writeContent/3[run.halo.app.core.extension.attachment.endpoint.Flux<run.halo.app.core.extension.attachment.endpoint.DataBuffer>,java.nio.file.Path,boolean]",oldPath,2
C:\halo-main\application\src\main\java\run\halo\app\core\extension\attachment\endpoint\LocalAttachmentUploadHandler.java,run.halo.app.core.extension.attachment.endpoint.LocalAttachmentUploadHandler,"writeContent/3[run.halo.app.core.extension.attachment.endpoint.Flux<run.halo.app.core.extension.attachment.endpoint.DataBuffer>,java.nio.file.Path,boolean]",pathRef,4
C:\halo-main\application\src\main\java\run\halo\app\core\extension\attachment\endpoint\LocalAttachmentUploadHandler.java,run.halo.app.core.extension.attachment.endpoint.LocalAttachmentUploadHandler,"writeContent/3[run.halo.app.core.extension.attachment.endpoint.Flux<run.halo.app.core.extension.attachment.endpoint.DataBuffer>,java.nio.file.Path,boolean]",signal,0
C:\halo-main\application\src\main\java\run\halo\app\core\extension\attachment\endpoint\LocalAttachmentUploadHandler.java,run.halo.app.core.extension.attachment.endpoint.LocalAttachmentUploadHandler,"writeContent/3[run.halo.app.core.extension.attachment.endpoint.Flux<run.halo.app.core.extension.attachment.endpoint.DataBuffer>,java.nio.file.Path,boolean]",content,1
C:\halo-main\application\src\main\java\run\halo\app\core\extension\attachment\endpoint\LocalAttachmentUploadHandler.java,run.halo.app.core.extension.attachment.endpoint.LocalAttachmentUploadHandler,upload/1[run.halo.app.core.extension.attachment.endpoint.UploadContext],uploadOption,1
C:\halo-main\application\src\main\java\run\halo\app\core\extension\attachment\endpoint\LocalAttachmentUploadHandler.java,run.halo.app.core.extension.attachment.endpoint.LocalAttachmentUploadHandler,upload/1[run.halo.app.core.extension.attachment.endpoint.UploadContext],uploadRoot,4
C:\halo-main\application\src\main\java\run\halo\app\core\extension\attachment\endpoint\LocalAttachmentUploadHandler.java,run.halo.app.core.extension.attachment.endpoint.LocalAttachmentUploadHandler,upload/1[run.halo.app.core.extension.attachment.endpoint.UploadContext],metadata,3
C:\halo-main\application\src\main\java\run\halo\app\core\extension\attachment\endpoint\LocalAttachmentUploadHandler.java,run.halo.app.core.extension.attachment.endpoint.LocalAttachmentUploadHandler,upload/1[run.halo.app.core.extension.attachment.endpoint.UploadContext],e,3
C:\halo-main\application\src\main\java\run\halo\app\core\extension\attachment\endpoint\LocalAttachmentUploadHandler.java,run.halo.app.core.extension.attachment.endpoint.LocalAttachmentUploadHandler,upload/1[run.halo.app.core.extension.attachment.endpoint.UploadContext],settingJson,1
C:\halo-main\application\src\main\java\run\halo\app\core\extension\attachment\endpoint\LocalAttachmentUploadHandler.java,run.halo.app.core.extension.attachment.endpoint.LocalAttachmentUploadHandler,upload/1[run.halo.app.core.extension.attachment.endpoint.UploadContext],uri,1
C:\halo-main\application\src\main\java\run\halo\app\core\extension\attachment\endpoint\LocalAttachmentUploadHandler.java,run.halo.app.core.extension.attachment.endpoint.LocalAttachmentUploadHandler,upload/1[run.halo.app.core.extension.attachment.endpoint.UploadContext],spec,4
C:\halo-main\application\src\main\java\run\halo\app\core\extension\attachment\endpoint\LocalAttachmentUploadHandler.java,run.halo.app.core.extension.attachment.endpoint.LocalAttachmentUploadHandler,upload/1[run.halo.app.core.extension.attachment.endpoint.UploadContext],setting,2
C:\halo-main\application\src\main\java\run\halo\app\core\extension\attachment\endpoint\LocalAttachmentUploadHandler.java,run.halo.app.core.extension.attachment.endpoint.LocalAttachmentUploadHandler,upload/1[run.halo.app.core.extension.attachment.endpoint.UploadContext],p,1
C:\halo-main\application\src\main\java\run\halo\app\core\extension\attachment\endpoint\LocalAttachmentUploadHandler.java,run.halo.app.core.extension.attachment.endpoint.LocalAttachmentUploadHandler,upload/1[run.halo.app.core.extension.attachment.endpoint.UploadContext],path,5
C:\halo-main\application\src\main\java\run\halo\app\core\extension\attachment\endpoint\LocalAttachmentUploadHandler.java,run.halo.app.core.extension.attachment.endpoint.LocalAttachmentUploadHandler,upload/1[run.halo.app.core.extension.attachment.endpoint.UploadContext],file,6
C:\halo-main\application\src\main\java\run\halo\app\core\extension\attachment\endpoint\LocalAttachmentUploadHandler.java,run.halo.app.core.extension.attachment.endpoint.LocalAttachmentUploadHandler,upload/1[run.halo.app.core.extension.attachment.endpoint.UploadContext],attachment,3
C:\halo-main\application\src\main\java\run\halo\app\core\extension\attachment\endpoint\LocalAttachmentUploadHandler.java,run.halo.app.core.extension.attachment.endpoint.LocalAttachmentUploadHandler,upload/1[run.halo.app.core.extension.attachment.endpoint.UploadContext],configMap,2
C:\halo-main\application\src\main\java\run\halo\app\core\extension\attachment\endpoint\LocalAttachmentUploadHandler.java,run.halo.app.core.extension.attachment.endpoint.LocalAttachmentUploadHandler,upload/1[run.halo.app.core.extension.attachment.endpoint.UploadContext],relativePath,1
C:\halo-main\application\src\main\java\run\halo\app\core\extension\attachment\endpoint\LocalAttachmentUploadHandler.java,run.halo.app.core.extension.attachment.endpoint.LocalAttachmentUploadHandler,upload/1[run.halo.app.core.extension.attachment.endpoint.UploadContext],pathSegments,3
C:\halo-main\application\src\main\java\run\halo\app\core\extension\attachment\endpoint\LocalAttachmentUploadHandler.java,run.halo.app.core.extension.attachment.endpoint.LocalAttachmentUploadHandler,upload/1[run.halo.app.core.extension.attachment.endpoint.UploadContext],attachmentPath,5
C:\halo-main\application\src\main\java\run\halo\app\core\extension\attachment\endpoint\LocalAttachmentUploadHandler.java,run.halo.app.core.extension.attachment.endpoint.LocalAttachmentUploadHandler,upload/1[run.halo.app.core.extension.attachment.endpoint.UploadContext],option,4
C:\halo-main\application\src\main\java\run\halo\app\core\extension\attachment\endpoint\LocalAttachmentUploadHandler.java,run.halo.app.core.extension.attachment.endpoint.LocalAttachmentUploadHandler,upload/1[run.halo.app.core.extension.attachment.endpoint.UploadContext],attachmentsRoot,2
C:\halo-main\application\src\main\java\run\halo\app\core\extension\attachment\endpoint\LocalAttachmentUploadHandler.java,run.halo.app.core.extension.attachment.endpoint.LocalAttachmentUploadHandler,delete/1[run.halo.app.core.extension.attachment.endpoint.DeleteContext],deleted,1
C:\halo-main\application\src\main\java\run\halo\app\core\extension\attachment\endpoint\LocalAttachmentUploadHandler.java,run.halo.app.core.extension.attachment.endpoint.LocalAttachmentUploadHandler,delete/1[run.halo.app.core.extension.attachment.endpoint.DeleteContext],attachment,6
C:\halo-main\application\src\main\java\run\halo\app\core\extension\attachment\endpoint\LocalAttachmentUploadHandler.java,run.halo.app.core.extension.attachment.endpoint.LocalAttachmentUploadHandler,delete/1[run.halo.app.core.extension.attachment.endpoint.DeleteContext],e,1
C:\halo-main\application\src\main\java\run\halo\app\core\extension\attachment\endpoint\LocalAttachmentUploadHandler.java,run.halo.app.core.extension.attachment.endpoint.LocalAttachmentUploadHandler,delete/1[run.halo.app.core.extension.attachment.endpoint.DeleteContext],deleteContext,1
C:\halo-main\application\src\main\java\run\halo\app\core\extension\attachment\endpoint\LocalAttachmentUploadHandler.java,run.halo.app.core.extension.attachment.endpoint.LocalAttachmentUploadHandler,delete/1[run.halo.app.core.extension.attachment.endpoint.DeleteContext],context,3
C:\halo-main\application\src\main\java\run\halo\app\core\extension\attachment\endpoint\LocalAttachmentUploadHandler.java,run.halo.app.core.extension.attachment.endpoint.LocalAttachmentUploadHandler,delete/1[run.halo.app.core.extension.attachment.endpoint.DeleteContext],annotations,2
C:\halo-main\application\src\main\java\run\halo\app\core\extension\attachment\endpoint\LocalAttachmentUploadHandler.java,run.halo.app.core.extension.attachment.endpoint.LocalAttachmentUploadHandler,delete/1[run.halo.app.core.extension.attachment.endpoint.DeleteContext],localRelativePath,2
C:\halo-main\application\src\main\java\run\halo\app\core\extension\attachment\endpoint\LocalAttachmentUploadHandler.java,run.halo.app.core.extension.attachment.endpoint.LocalAttachmentUploadHandler,delete/1[run.halo.app.core.extension.attachment.endpoint.DeleteContext],attachmentPath,3
C:\halo-main\application\src\main\java\run\halo\app\core\extension\attachment\endpoint\LocalAttachmentUploadHandler.java,run.halo.app.core.extension.attachment.endpoint.LocalAttachmentUploadHandler,delete/1[run.halo.app.core.extension.attachment.endpoint.DeleteContext],attachmentsRoot,2
C:\halo-main\application\src\main\java\run\halo\app\core\extension\attachment\endpoint\LocalAttachmentUploadHandler.java,run.halo.app.core.extension.attachment.endpoint.LocalAttachmentUploadHandler,shouldHandle/1[run.halo.app.core.extension.attachment.endpoint.Policy],policy,4
C:\halo-main\application\src\main\java\run\halo\app\extension\router\ExtensionRouterFunctionFactory.java,run.halo.app.extension.router.ExtensionRouterFunctionFactory,"ExtensionRouterFunctionFactory/2[run.halo.app.extension.router.Scheme,run.halo.app.extension.router.ReactiveExtensionClient]",scheme,2
C:\halo-main\application\src\main\java\run\halo\app\extension\router\ExtensionRouterFunctionFactory.java,run.halo.app.extension.router.ExtensionRouterFunctionFactory,"ExtensionRouterFunctionFactory/2[run.halo.app.extension.router.Scheme,run.halo.app.extension.router.ReactiveExtensionClient]",client,2
C:\halo-main\application\src\main\java\run\halo\app\extension\router\ExtensionRouterFunctionFactory.java,run.halo.app.extension.router.ExtensionRouterFunctionFactory,create/0,updateHandler,2
C:\halo-main\application\src\main\java\run\halo\app\extension\router\ExtensionRouterFunctionFactory.java,run.halo.app.extension.router.ExtensionRouterFunctionFactory,create/0,listHandler,2
C:\halo-main\application\src\main\java\run\halo\app\extension\router\ExtensionRouterFunctionFactory.java,run.halo.app.extension.router.ExtensionRouterFunctionFactory,create/0,builder,10
C:\halo-main\application\src\main\java\run\halo\app\extension\router\ExtensionRouterFunctionFactory.java,run.halo.app.extension.router.ExtensionRouterFunctionFactory,create/0,deleteHandler,2
C:\halo-main\application\src\main\java\run\halo\app\extension\router\ExtensionRouterFunctionFactory.java,run.halo.app.extension.router.ExtensionRouterFunctionFactory,create/0,getHandler,2
C:\halo-main\application\src\main\java\run\halo\app\extension\router\ExtensionRouterFunctionFactory.java,run.halo.app.extension.router.ExtensionRouterFunctionFactory,create/0,createHandler,2
C:\halo-main\application\src\main\java\run\halo\app\extension\router\ExtensionRouterFunctionFactory.java,run.halo.app.extension.router.ExtensionRouterFunctionFactory,create/0,tagName,5
C:\halo-main\application\src\main\java\run\halo\app\extension\router\ExtensionRouterFunctionFactory.java,run.halo.app.extension.router.ExtensionRouterFunctionFactory,create/0,gvk,11
C:\halo-main\application\src\main\java\run\halo\app\theme\endpoint\CommentFinderEndpoint.java,run.halo.app.theme.endpoint.CommentFinderEndpoint$PageableRequest,"PageableRequest/1[run.halo.app.theme.endpoint.MultiValueMap<java.lang.String,java.lang.String>]",queryParams,1
C:\halo-main\application\src\test\java\run\halo\app\theme\dialect\CommentElementTagProcessorTest.java,run.halo.app.theme.dialect.CommentElementTagProcessorTest,setUp/0,haloProcessorDialect,1
C:\halo-main\application\src\test\java\run\halo\app\theme\dialect\CommentElementTagProcessorTest.java,run.halo.app.theme.dialect.CommentElementTagProcessorTest,getContext/0,context,2
C:\halo-main\application\src\test\java\run\halo\app\theme\dialect\CommentElementTagProcessorTest.java,run.halo.app.theme.dialect.CommentElementTagProcessorTest,doProcess/0,result,3
C:\halo-main\application\src\test\java\run\halo\app\theme\dialect\CommentElementTagProcessorTest.java,run.halo.app.theme.dialect.CommentElementTagProcessorTest,doProcess/0,context,2
C:\halo-main\application\src\main\java\run\halo\app\core\extension\service\UserServiceImpl.java,run.halo.app.core.extension.service.UserServiceImpl,"createNewUser/2[run.halo.app.core.extension.service.User,java.lang.String]",defaultRole,1
C:\halo-main\application\src\main\java\run\halo\app\core\extension\service\UserServiceImpl.java,run.halo.app.core.extension.service.UserServiceImpl,"createNewUser/2[run.halo.app.core.extension.service.User,java.lang.String]",newUser,0
C:\halo-main\application\src\main\java\run\halo\app\core\extension\service\UserServiceImpl.java,run.halo.app.core.extension.service.UserServiceImpl,"createNewUser/2[run.halo.app.core.extension.service.User,java.lang.String]",user,5
C:\halo-main\application\src\main\java\run\halo\app\core\extension\service\UserServiceImpl.java,run.halo.app.core.extension.service.UserServiceImpl,"createNewUser/2[run.halo.app.core.extension.service.User,java.lang.String]",hasUser,1
C:\halo-main\application\src\main\java\run\halo\app\core\extension\service\UserServiceImpl.java,run.halo.app.core.extension.service.UserServiceImpl,"grantRoles/2[java.lang.String,java.util.Set<java.lang.String>]",mutableRoles,2
C:\halo-main\application\src\main\java\run\halo\app\core\extension\service\UserServiceImpl.java,run.halo.app.core.extension.service.UserServiceImpl,"grantRoles/2[java.lang.String,java.util.Set<java.lang.String>]",roles,2
C:\halo-main\application\src\main\java\run\halo\app\core\extension\service\UserServiceImpl.java,run.halo.app.core.extension.service.UserServiceImpl,"grantRoles/2[java.lang.String,java.util.Set<java.lang.String>]",roleName,4
C:\halo-main\application\src\main\java\run\halo\app\core\extension\service\UserServiceImpl.java,run.halo.app.core.extension.service.UserServiceImpl,"grantRoles/2[java.lang.String,java.util.Set<java.lang.String>]",binding,5
C:\halo-main\application\src\main\java\run\halo\app\core\extension\service\UserServiceImpl.java,run.halo.app.core.extension.service.UserServiceImpl,"grantRoles/2[java.lang.String,java.util.Set<java.lang.String>]",bindingsToUpdate,2
C:\halo-main\application\src\main\java\run\halo\app\core\extension\service\UserServiceImpl.java,run.halo.app.core.extension.service.UserServiceImpl,"grantRoles/2[java.lang.String,java.util.Set<java.lang.String>]",bindingsToDelete,2
C:\halo-main\application\src\main\java\run\halo\app\core\extension\service\UserServiceImpl.java,run.halo.app.core.extension.service.UserServiceImpl,"grantRoles/2[java.lang.String,java.util.Set<java.lang.String>]",existingRoles,2
C:\halo-main\application\src\main\java\run\halo\app\core\extension\service\UserServiceImpl.java,run.halo.app.core.extension.service.UserServiceImpl,"grantRoles/2[java.lang.String,java.util.Set<java.lang.String>]",user,1
C:\halo-main\application\src\main\java\run\halo\app\core\extension\service\UserServiceImpl.java,run.halo.app.core.extension.service.UserServiceImpl,"grantRoles/2[java.lang.String,java.util.Set<java.lang.String>]",username,4
C:\halo-main\application\src\main\java\run\halo\app\core\extension\service\UserServiceImpl.java,run.halo.app.core.extension.service.UserServiceImpl,"updateWithRawPassword/2[java.lang.String,java.lang.String]",rawPassword,2
C:\halo-main\application\src\main\java\run\halo\app\core\extension\service\UserServiceImpl.java,run.halo.app.core.extension.service.UserServiceImpl,"updateWithRawPassword/2[java.lang.String,java.lang.String]",user,5
C:\halo-main\application\src\main\java\run\halo\app\core\extension\service\UserServiceImpl.java,run.halo.app.core.extension.service.UserServiceImpl,"updateWithRawPassword/2[java.lang.String,java.lang.String]",username,1
C:\halo-main\application\src\main\java\run\halo\app\core\extension\service\UserServiceImpl.java,run.halo.app.core.extension.service.UserServiceImpl,listRoles/1[java.lang.String],roleBinding,3
C:\halo-main\application\src\main\java\run\halo\app\core\extension\service\UserServiceImpl.java,run.halo.app.core.extension.service.UserServiceImpl,listRoles/1[java.lang.String],name,1
C:\halo-main\application\src\main\java\run\halo\app\core\extension\service\UserServiceImpl.java,run.halo.app.core.extension.service.UserServiceImpl,listRoles/1[java.lang.String],roleName,1
C:\halo-main\application\src\main\java\run\halo\app\core\extension\service\UserServiceImpl.java,run.halo.app.core.extension.service.UserServiceImpl,getUserOrGhost/1[java.lang.String],username,1
C:\halo-main\application\src\main\java\run\halo\app\core\extension\service\UserServiceImpl.java,run.halo.app.core.extension.service.UserServiceImpl,"updatePassword/2[java.lang.String,java.lang.String]",newPassword,2
C:\halo-main\application\src\main\java\run\halo\app\core\extension\service\UserServiceImpl.java,run.halo.app.core.extension.service.UserServiceImpl,"updatePassword/2[java.lang.String,java.lang.String]",user,4
C:\halo-main\application\src\main\java\run\halo\app\core\extension\service\UserServiceImpl.java,run.halo.app.core.extension.service.UserServiceImpl,"updatePassword/2[java.lang.String,java.lang.String]",username,1
C:\halo-main\application\src\main\java\run\halo\app\core\extension\service\UserServiceImpl.java,run.halo.app.core.extension.service.UserServiceImpl,"signUp/2[run.halo.app.core.extension.service.User,java.lang.String]",password,2
C:\halo-main\application\src\main\java\run\halo\app\core\extension\service\UserServiceImpl.java,run.halo.app.core.extension.service.UserServiceImpl,"signUp/2[run.halo.app.core.extension.service.User,java.lang.String]",defaultRole,2
C:\halo-main\application\src\main\java\run\halo\app\core\extension\service\UserServiceImpl.java,run.halo.app.core.extension.service.UserServiceImpl,"signUp/2[run.halo.app.core.extension.service.User,java.lang.String]",userSetting,2
C:\halo-main\application\src\main\java\run\halo\app\core\extension\service\UserServiceImpl.java,run.halo.app.core.extension.service.UserServiceImpl,"signUp/2[run.halo.app.core.extension.service.User,java.lang.String]",encodedPassword,1
C:\halo-main\application\src\main\java\run\halo\app\core\extension\service\UserServiceImpl.java,run.halo.app.core.extension.service.UserServiceImpl,"signUp/2[run.halo.app.core.extension.service.User,java.lang.String]",allowRegistration,1
C:\halo-main\application\src\main\java\run\halo\app\core\extension\service\UserServiceImpl.java,run.halo.app.core.extension.service.UserServiceImpl,"signUp/2[run.halo.app.core.extension.service.User,java.lang.String]",user,2
C:\halo-main\application\src\main\java\run\halo\app\core\extension\service\UserServiceImpl.java,run.halo.app.core.extension.service.UserServiceImpl,getUser/1[java.lang.String],e,0
C:\halo-main\application\src\main\java\run\halo\app\core\extension\service\UserServiceImpl.java,run.halo.app.core.extension.service.UserServiceImpl,getUser/1[java.lang.String],username,2
C:\halo-main\application\src\test\java\run\halo\app\content\permalinks\TagPermalinkPolicyTest.java,run.halo.app.content.permalinks.TagPermalinkPolicyTest,permalink/0,metadata,2
C:\halo-main\application\src\test\java\run\halo\app\content\permalinks\TagPermalinkPolicyTest.java,run.halo.app.content.permalinks.TagPermalinkPolicyTest,permalink/0,tag,6
C:\halo-main\application\src\test\java\run\halo\app\content\permalinks\TagPermalinkPolicyTest.java,run.halo.app.content.permalinks.TagPermalinkPolicyTest,permalink/0,permalink,8
C:\halo-main\application\src\test\java\run\halo\app\content\permalinks\TagPermalinkPolicyTest.java,run.halo.app.content.permalinks.TagPermalinkPolicyTest,permalink/0,tagSpec,2
C:\halo-main\application\src\main\java\run\halo\app\theme\finders\vo\ThemeVo.java,run.halo.app.theme.finders.vo.ThemeVo,from/1[run.halo.app.theme.finders.vo.Theme],theme,2
C:\halo-main\application\src\main\java\run\halo\app\theme\router\factories\CategoryPostRouteFactory.java,run.halo.app.theme.router.factories.CategoryPostRouteFactory,handlerFunction/0,categoryVo,3
C:\halo-main\application\src\main\java\run\halo\app\theme\router\factories\CategoryPostRouteFactory.java,run.halo.app.theme.router.factories.CategoryPostRouteFactory,handlerFunction/0,template,1
C:\halo-main\application\src\main\java\run\halo\app\theme\router\factories\CategoryPostRouteFactory.java,run.halo.app.theme.router.factories.CategoryPostRouteFactory,handlerFunction/0,request,3
C:\halo-main\application\src\main\java\run\halo\app\theme\router\factories\CategoryPostRouteFactory.java,run.halo.app.theme.router.factories.CategoryPostRouteFactory,handlerFunction/0,viewName,1
C:\halo-main\application\src\main\java\run\halo\app\theme\router\factories\CategoryPostRouteFactory.java,run.halo.app.theme.router.factories.CategoryPostRouteFactory,handlerFunction/0,model,4
C:\halo-main\application\src\main\java\run\halo\app\theme\router\factories\CategoryPostRouteFactory.java,run.halo.app.theme.router.factories.CategoryPostRouteFactory,handlerFunction/0,slug,2
C:\halo-main\application\src\main\java\run\halo\app\theme\router\factories\CategoryPostRouteFactory.java,run.halo.app.theme.router.factories.CategoryPostRouteFactory,"postListByCategoryName/2[java.lang.String,run.halo.app.theme.router.factories.ServerRequest]",request,2
C:\halo-main\application\src\main\java\run\halo\app\theme\router\factories\CategoryPostRouteFactory.java,run.halo.app.theme.router.factories.CategoryPostRouteFactory,"postListByCategoryName/2[java.lang.String,run.halo.app.theme.router.factories.ServerRequest]",path,3
C:\halo-main\application\src\main\java\run\halo\app\theme\router\factories\CategoryPostRouteFactory.java,run.halo.app.theme.router.factories.CategoryPostRouteFactory,"postListByCategoryName/2[java.lang.String,run.halo.app.theme.router.factories.ServerRequest]",name,1
C:\halo-main\application\src\main\java\run\halo\app\theme\router\factories\CategoryPostRouteFactory.java,run.halo.app.theme.router.factories.CategoryPostRouteFactory,"postListByCategoryName/2[java.lang.String,run.halo.app.theme.router.factories.ServerRequest]",pageSize,1
C:\halo-main\application\src\main\java\run\halo\app\theme\router\factories\CategoryPostRouteFactory.java,run.halo.app.theme.router.factories.CategoryPostRouteFactory,"postListByCategoryName/2[java.lang.String,run.halo.app.theme.router.factories.ServerRequest]",list,2
C:\halo-main\application\src\main\java\run\halo\app\theme\router\factories\CategoryPostRouteFactory.java,run.halo.app.theme.router.factories.CategoryPostRouteFactory,"postListByCategoryName/2[java.lang.String,run.halo.app.theme.router.factories.ServerRequest]",pageNum,1
C:\halo-main\application\src\main\java\run\halo\app\theme\router\factories\CategoryPostRouteFactory.java,run.halo.app.theme.router.factories.CategoryPostRouteFactory,fetchBySlug/1[java.lang.String],category,2
C:\halo-main\application\src\main\java\run\halo\app\theme\router\factories\CategoryPostRouteFactory.java,run.halo.app.theme.router.factories.CategoryPostRouteFactory,fetchBySlug/1[java.lang.String],slug,1
C:\halo-main\application\src\main\java\run\halo\app\theme\router\factories\CategoryPostRouteFactory.java,run.halo.app.theme.router.factories.CategoryPostRouteFactory,create/1[java.lang.String],prefix,2
C:\halo-main\application\src\test\java\run\halo\app\core\extension\endpoint\PluginEndpointTest.java,run.halo.app.core.extension.endpoint.PluginEndpointTest$PluginUpgradeTest,setUp/0,plugin002Uri,1
C:\halo-main\application\src\test\java\run\halo\app\core\extension\endpoint\PluginEndpointTest.java,run.halo.app.core.extension.endpoint.PluginEndpointTest$PluginUpgradeTest,shouldResponseBadRequestIfNoPluginInstalledBefore/0,bodyBuilder,2
C:\halo-main\application\src\main\java\run\halo\app\infra\exception\handlers\HaloErrorConfiguration.java,run.halo.app.infra.exception.handlers.HaloErrorConfiguration,errorAttributes/1[run.halo.app.infra.exception.handlers.MessageSource],messageSource,1
C:\halo-main\application\src\main\java\run\halo\app\infra\exception\handlers\HaloErrorConfiguration.java,run.halo.app.infra.exception.handlers.HaloErrorConfiguration,"errorWebExceptionHandler/6[run.halo.app.infra.exception.handlers.ErrorAttributes,run.halo.app.infra.exception.handlers.WebProperties,run.halo.app.infra.exception.handlers.ObjectProvider<run.halo.app.infra.exception.handlers.ViewResolver>,run.halo.app.infra.exception.handlers.ServerCodecConfigurer,run.halo.app.infra.exception.handlers.ApplicationContext,run.halo.app.infra.exception.handlers.ServerProperties]",errorAttributes,1
C:\halo-main\application\src\main\java\run\halo\app\infra\exception\handlers\HaloErrorConfiguration.java,run.halo.app.infra.exception.handlers.HaloErrorConfiguration,"errorWebExceptionHandler/6[run.halo.app.infra.exception.handlers.ErrorAttributes,run.halo.app.infra.exception.handlers.WebProperties,run.halo.app.infra.exception.handlers.ObjectProvider<run.halo.app.infra.exception.handlers.ViewResolver>,run.halo.app.infra.exception.handlers.ServerCodecConfigurer,run.halo.app.infra.exception.handlers.ApplicationContext,run.halo.app.infra.exception.handlers.ServerProperties]",applicationContext,1
C:\halo-main\application\src\main\java\run\halo\app\infra\exception\handlers\HaloErrorConfiguration.java,run.halo.app.infra.exception.handlers.HaloErrorConfiguration,"errorWebExceptionHandler/6[run.halo.app.infra.exception.handlers.ErrorAttributes,run.halo.app.infra.exception.handlers.WebProperties,run.halo.app.infra.exception.handlers.ObjectProvider<run.halo.app.infra.exception.handlers.ViewResolver>,run.halo.app.infra.exception.handlers.ServerCodecConfigurer,run.halo.app.infra.exception.handlers.ApplicationContext,run.halo.app.infra.exception.handlers.ServerProperties]",viewResolvers,1
C:\halo-main\application\src\main\java\run\halo\app\infra\exception\handlers\HaloErrorConfiguration.java,run.halo.app.infra.exception.handlers.HaloErrorConfiguration,"errorWebExceptionHandler/6[run.halo.app.infra.exception.handlers.ErrorAttributes,run.halo.app.infra.exception.handlers.WebProperties,run.halo.app.infra.exception.handlers.ObjectProvider<run.halo.app.infra.exception.handlers.ViewResolver>,run.halo.app.infra.exception.handlers.ServerCodecConfigurer,run.halo.app.infra.exception.handlers.ApplicationContext,run.halo.app.infra.exception.handlers.ServerProperties]",serverCodecConfigurer,2
C:\halo-main\application\src\main\java\run\halo\app\infra\exception\handlers\HaloErrorConfiguration.java,run.halo.app.infra.exception.handlers.HaloErrorConfiguration,"errorWebExceptionHandler/6[run.halo.app.infra.exception.handlers.ErrorAttributes,run.halo.app.infra.exception.handlers.WebProperties,run.halo.app.infra.exception.handlers.ObjectProvider<run.halo.app.infra.exception.handlers.ViewResolver>,run.halo.app.infra.exception.handlers.ServerCodecConfigurer,run.halo.app.infra.exception.handlers.ApplicationContext,run.halo.app.infra.exception.handlers.ServerProperties]",serverProperties,1
C:\halo-main\application\src\main\java\run\halo\app\infra\exception\handlers\HaloErrorConfiguration.java,run.halo.app.infra.exception.handlers.HaloErrorConfiguration,"errorWebExceptionHandler/6[run.halo.app.infra.exception.handlers.ErrorAttributes,run.halo.app.infra.exception.handlers.WebProperties,run.halo.app.infra.exception.handlers.ObjectProvider<run.halo.app.infra.exception.handlers.ViewResolver>,run.halo.app.infra.exception.handlers.ServerCodecConfigurer,run.halo.app.infra.exception.handlers.ApplicationContext,run.halo.app.infra.exception.handlers.ServerProperties]",webProperties,1
C:\halo-main\application\src\main\java\run\halo\app\infra\exception\handlers\HaloErrorConfiguration.java,run.halo.app.infra.exception.handlers.HaloErrorConfiguration,"errorWebExceptionHandler/6[run.halo.app.infra.exception.handlers.ErrorAttributes,run.halo.app.infra.exception.handlers.WebProperties,run.halo.app.infra.exception.handlers.ObjectProvider<run.halo.app.infra.exception.handlers.ViewResolver>,run.halo.app.infra.exception.handlers.ServerCodecConfigurer,run.halo.app.infra.exception.handlers.ApplicationContext,run.halo.app.infra.exception.handlers.ServerProperties]",exceptionHandler,4
C:\halo-main\application\src\main\java\run\halo\app\plugin\event\PluginCreatedEvent.java,run.halo.app.plugin.event.PluginCreatedEvent,"PluginCreatedEvent/2[java.lang.Object,java.lang.String]",pluginName,2
C:\halo-main\application\src\main\java\run\halo\app\plugin\event\PluginCreatedEvent.java,run.halo.app.plugin.event.PluginCreatedEvent,"PluginCreatedEvent/2[java.lang.Object,java.lang.String]",source,1
C:\halo-main\application\src\main\java\run\halo\app\plugin\PluginApplicationEventBridgeDispatcher.java,run.halo.app.plugin.PluginApplicationEventBridgeDispatcher,isSharedEventAnnotationPresent/1[java.lang.reflect.AnnotatedElement],annotatedElement,1
C:\halo-main\application\src\main\java\run\halo\app\plugin\PluginApplicationEventBridgeDispatcher.java,run.halo.app.plugin.PluginApplicationEventBridgeDispatcher,onApplicationEvent/1[run.halo.app.plugin.ApplicationEvent],pluginApplicationContexts,1
C:\halo-main\application\src\main\java\run\halo\app\plugin\PluginApplicationEventBridgeDispatcher.java,run.halo.app.plugin.PluginApplicationEventBridgeDispatcher,onApplicationEvent/1[run.halo.app.plugin.ApplicationEvent],pluginApplicationContext,2
C:\halo-main\application\src\main\java\run\halo\app\plugin\PluginApplicationEventBridgeDispatcher.java,run.halo.app.plugin.PluginApplicationEventBridgeDispatcher,onApplicationEvent/1[run.halo.app.plugin.ApplicationEvent],event,3
C:\halo-main\application\src\main\java\run\halo\app\extension\store\ReactiveExtensionStoreClient.java,run.halo.app.extension.store.ReactiveExtensionStoreClient,listByNamePrefix/1[java.lang.String],prefix,0
C:\halo-main\application\src\main\java\run\halo\app\extension\store\ReactiveExtensionStoreClient.java,run.halo.app.extension.store.ReactiveExtensionStoreClient,fetchByName/1[java.lang.String],name,0
C:\halo-main\application\src\main\java\run\halo\app\extension\store\ReactiveExtensionStoreClient.java,run.halo.app.extension.store.ReactiveExtensionStoreClient,"create/2[java.lang.String,byte[]]",data,0
C:\halo-main\application\src\main\java\run\halo\app\extension\store\ReactiveExtensionStoreClient.java,run.halo.app.extension.store.ReactiveExtensionStoreClient,"create/2[java.lang.String,byte[]]",name,0
C:\halo-main\application\src\main\java\run\halo\app\extension\store\ReactiveExtensionStoreClient.java,run.halo.app.extension.store.ReactiveExtensionStoreClient,"update/3[java.lang.String,java.lang.Long,byte[]]",data,0
C:\halo-main\application\src\main\java\run\halo\app\extension\store\ReactiveExtensionStoreClient.java,run.halo.app.extension.store.ReactiveExtensionStoreClient,"update/3[java.lang.String,java.lang.Long,byte[]]",name,0
C:\halo-main\application\src\main\java\run\halo\app\extension\store\ReactiveExtensionStoreClient.java,run.halo.app.extension.store.ReactiveExtensionStoreClient,"update/3[java.lang.String,java.lang.Long,byte[]]",version,0
C:\halo-main\application\src\main\java\run\halo\app\extension\store\ReactiveExtensionStoreClient.java,run.halo.app.extension.store.ReactiveExtensionStoreClient,"delete/2[java.lang.String,java.lang.Long]",name,0
C:\halo-main\application\src\main\java\run\halo\app\extension\store\ReactiveExtensionStoreClient.java,run.halo.app.extension.store.ReactiveExtensionStoreClient,"delete/2[java.lang.String,java.lang.Long]",version,0
C:\halo-main\application\src\main\java\run\halo\app\plugin\PluginRequestMappingManager.java,run.halo.app.plugin.PluginRequestMappingManager,registerHandlerMappings/1[run.halo.app.plugin.PluginWrapper],handler,1
C:\halo-main\application\src\main\java\run\halo\app\plugin\PluginRequestMappingManager.java,run.halo.app.plugin.PluginRequestMappingManager,registerHandlerMappings/1[run.halo.app.plugin.PluginWrapper],pluginId,2
C:\halo-main\application\src\main\java\run\halo\app\plugin\PluginRequestMappingManager.java,run.halo.app.plugin.PluginRequestMappingManager,registerHandlerMappings/1[run.halo.app.plugin.PluginWrapper],pluginWrapper,1
C:\halo-main\application\src\main\java\run\halo\app\plugin\PluginRequestMappingManager.java,run.halo.app.plugin.PluginRequestMappingManager,removeHandlerMappings/1[java.lang.String],pluginId,1
C:\halo-main\application\src\main\java\run\halo\app\plugin\PluginRequestMappingManager.java,run.halo.app.plugin.PluginRequestMappingManager,getControllerBeans/1[java.lang.String],pluginContext,1
C:\halo-main\application\src\main\java\run\halo\app\plugin\PluginRequestMappingManager.java,run.halo.app.plugin.PluginRequestMappingManager,getControllerBeans/1[java.lang.String],pluginId,1
C:\halo-main\application\src\main\java\run\halo\app\plugin\PluginRequestMappingManager.java,run.halo.app.plugin.PluginRequestMappingManager,PluginRequestMappingManager/1[run.halo.app.plugin.PluginRequestMappingHandlerMapping],pluginRequestMappingHandlerMapping,1
C:\halo-main\application\src\test\java\run\halo\app\security\authorization\AuthorizationTest.java,run.halo.app.security.authorization.AuthorizationTest,anonymousUserAccessAuthenticationFreeApi/0,role,5
C:\halo-main\application\src\test\java\run\halo\app\security\authorization\AuthorizationTest.java,run.halo.app.security.authorization.AuthorizationTest,anonymousUserAccessAuthenticationFreeApi/0,policyRule,1
C:\halo-main\application\src\test\java\run\halo\app\security\authorization\AuthorizationTest.java,run.halo.app.security.authorization.AuthorizationTest,accessProtectedApiWithSufficientRole/0,role,2
C:\halo-main\application\src\test\java\run\halo\app\security\authorization\AuthorizationTest.java,run.halo.app.security.authorization.AuthorizationTest,accessProtectedApiWithSufficientRole/0,token,2
C:\halo-main\application\src\test\java\run\halo\app\security\authorization\AuthorizationTest.java,run.halo.app.security.authorization.AuthorizationTest,authenticatedUserAccessAuthenticationFreeApi/0,role,5
C:\halo-main\application\src\test\java\run\halo\app\security\authorization\AuthorizationTest.java,run.halo.app.security.authorization.AuthorizationTest,authenticatedUserAccessAuthenticationFreeApi/0,policyRule,1
C:\halo-main\application\src\test\java\run\halo\app\security\authorization\AuthorizationTest.java,run.halo.app.security.authorization.AuthorizationTest,accessProtectedApiWithoutSufficientRole/0,token,1
C:\halo-main\application\src\main\java\run\halo\app\security\authentication\jwt\LoginAuthenticationSuccessHandler.java,run.halo.app.security.authentication.jwt.LoginAuthenticationSuccessHandler,"LoginAuthenticationSuccessHandler/3[run.halo.app.security.authentication.jwt.JwtEncoder,run.halo.app.infra.properties.JwtProperties,ServerResponse.Context]",jwtProp,2
C:\halo-main\application\src\main\java\run\halo\app\security\authentication\jwt\LoginAuthenticationSuccessHandler.java,run.halo.app.security.authentication.jwt.LoginAuthenticationSuccessHandler,"LoginAuthenticationSuccessHandler/3[run.halo.app.security.authentication.jwt.JwtEncoder,run.halo.app.infra.properties.JwtProperties,ServerResponse.Context]",context,2
C:\halo-main\application\src\main\java\run\halo\app\security\authentication\jwt\LoginAuthenticationSuccessHandler.java,run.halo.app.security.authentication.jwt.LoginAuthenticationSuccessHandler,"LoginAuthenticationSuccessHandler/3[run.halo.app.security.authentication.jwt.JwtEncoder,run.halo.app.infra.properties.JwtProperties,ServerResponse.Context]",jwtEncoder,2
C:\halo-main\application\src\main\java\run\halo\app\security\authentication\jwt\LoginAuthenticationSuccessHandler.java,run.halo.app.security.authentication.jwt.LoginAuthenticationSuccessHandler,"onAuthenticationSuccess/2[run.halo.app.security.authentication.jwt.WebFilterExchange,run.halo.app.security.authentication.jwt.Authentication]",headers,1
C:\halo-main\application\src\main\java\run\halo\app\security\authentication\jwt\LoginAuthenticationSuccessHandler.java,run.halo.app.security.authentication.jwt.LoginAuthenticationSuccessHandler,"onAuthenticationSuccess/2[run.halo.app.security.authentication.jwt.WebFilterExchange,run.halo.app.security.authentication.jwt.Authentication]",webFilterExchange,1
C:\halo-main\application\src\main\java\run\halo\app\security\authentication\jwt\LoginAuthenticationSuccessHandler.java,run.halo.app.security.authentication.jwt.LoginAuthenticationSuccessHandler,"onAuthenticationSuccess/2[run.halo.app.security.authentication.jwt.WebFilterExchange,run.halo.app.security.authentication.jwt.Authentication]",jwt,1
C:\halo-main\application\src\main\java\run\halo\app\security\authentication\jwt\LoginAuthenticationSuccessHandler.java,run.halo.app.security.authentication.jwt.LoginAuthenticationSuccessHandler,"onAuthenticationSuccess/2[run.halo.app.security.authentication.jwt.WebFilterExchange,run.halo.app.security.authentication.jwt.Authentication]",claims,1
C:\halo-main\application\src\main\java\run\halo\app\security\authentication\jwt\LoginAuthenticationSuccessHandler.java,run.halo.app.security.authentication.jwt.LoginAuthenticationSuccessHandler,"onAuthenticationSuccess/2[run.halo.app.security.authentication.jwt.WebFilterExchange,run.halo.app.security.authentication.jwt.Authentication]",serverResponse,1
C:\halo-main\application\src\main\java\run\halo\app\security\authentication\jwt\LoginAuthenticationSuccessHandler.java,run.halo.app.security.authentication.jwt.LoginAuthenticationSuccessHandler,"onAuthenticationSuccess/2[run.halo.app.security.authentication.jwt.WebFilterExchange,run.halo.app.security.authentication.jwt.Authentication]",issuedAt,3
C:\halo-main\application\src\main\java\run\halo\app\security\authentication\jwt\LoginAuthenticationSuccessHandler.java,run.halo.app.security.authentication.jwt.LoginAuthenticationSuccessHandler,"onAuthenticationSuccess/2[run.halo.app.security.authentication.jwt.WebFilterExchange,run.halo.app.security.authentication.jwt.Authentication]",expiresAt,2
C:\halo-main\application\src\main\java\run\halo\app\security\authentication\jwt\LoginAuthenticationSuccessHandler.java,run.halo.app.security.authentication.jwt.LoginAuthenticationSuccessHandler,"onAuthenticationSuccess/2[run.halo.app.security.authentication.jwt.WebFilterExchange,run.halo.app.security.authentication.jwt.Authentication]",authentication,2
C:\halo-main\application\src\main\java\run\halo\app\infra\utils\YamlUnstructuredLoader.java,run.halo.app.infra.utils.YamlUnstructuredLoader,load/0,unstructuredList,2
C:\halo-main\application\src\main\java\run\halo\app\infra\utils\YamlUnstructuredLoader.java,run.halo.app.infra.utils.YamlUnstructuredLoader,load/0,unstructured,1
C:\halo-main\application\src\main\java\run\halo\app\infra\utils\YamlUnstructuredLoader.java,run.halo.app.infra.utils.YamlUnstructuredLoader,load/0,map,1
C:\halo-main\application\src\main\java\run\halo\app\infra\utils\YamlUnstructuredLoader.java,run.halo.app.infra.utils.YamlUnstructuredLoader,load/0,properties,0
C:\halo-main\application\src\main\java\run\halo\app\infra\utils\YamlUnstructuredLoader.java,run.halo.app.infra.utils.YamlUnstructuredLoader,YamlUnstructuredLoader/1[run.halo.app.infra.utils.Resource[]],resources,1
C:\halo-main\application\src\main\java\run\halo\app\infra\DefaultThemeRootGetter.java,run.halo.app.infra.DefaultThemeRootGetter,DefaultThemeRootGetter/1[run.halo.app.infra.properties.HaloProperties],haloProps,2
C:\halo-main\application\src\test\java\run\halo\app\theme\dialect\CommentElementTagProcessorTest.java,run.halo.app.theme.dialect.CommentElementTagProcessorTest$DefaultCommentWidget,"render/3[run.halo.app.theme.dialect.ITemplateContext,run.halo.app.theme.dialect.IProcessableElementTag,run.halo.app.theme.dialect.IElementTagStructureHandler]",structureHandler,1
C:\halo-main\application\src\test\java\run\halo\app\theme\dialect\CommentElementTagProcessorTest.java,run.halo.app.theme.dialect.CommentElementTagProcessorTest$DefaultCommentWidget,"render/3[run.halo.app.theme.dialect.ITemplateContext,run.halo.app.theme.dialect.IProcessableElementTag,run.halo.app.theme.dialect.IElementTagStructureHandler]",context,0
C:\halo-main\application\src\test\java\run\halo\app\theme\dialect\CommentElementTagProcessorTest.java,run.halo.app.theme.dialect.CommentElementTagProcessorTest$DefaultCommentWidget,"render/3[run.halo.app.theme.dialect.ITemplateContext,run.halo.app.theme.dialect.IProcessableElementTag,run.halo.app.theme.dialect.IElementTagStructureHandler]",tag,0
C:\halo-main\application\src\main\java\run\halo\app\security\authentication\jwt\JwtAuthenticationConfigurer.java,run.halo.app.security.authentication.jwt.JwtAuthenticationConfigurer,configure/1[run.halo.app.security.authentication.jwt.ServerHttpSecurity],filter,5
C:\halo-main\application\src\main\java\run\halo\app\security\authentication\jwt\JwtAuthenticationConfigurer.java,run.halo.app.security.authentication.jwt.JwtAuthenticationConfigurer,configure/1[run.halo.app.security.authentication.jwt.ServerHttpSecurity],loginManager,1
C:\halo-main\application\src\main\java\run\halo\app\security\authentication\jwt\JwtAuthenticationConfigurer.java,run.halo.app.security.authentication.jwt.JwtAuthenticationConfigurer,configure/1[run.halo.app.security.authentication.jwt.ServerHttpSecurity],loginMatcher,1
C:\halo-main\application\src\main\java\run\halo\app\security\authentication\jwt\JwtAuthenticationConfigurer.java,run.halo.app.security.authentication.jwt.JwtAuthenticationConfigurer,configure/1[run.halo.app.security.authentication.jwt.ServerHttpSecurity],http,1
C:\halo-main\application\src\main\java\run\halo\app\security\authentication\jwt\JwtAuthenticationConfigurer.java,run.halo.app.security.authentication.jwt.JwtAuthenticationConfigurer,"JwtAuthenticationConfigurer/6[run.halo.app.security.authentication.jwt.ReactiveUserDetailsService,run.halo.app.security.authentication.jwt.PasswordEncoder,run.halo.app.security.authentication.jwt.ServerCodecConfigurer,run.halo.app.security.authentication.jwt.JwtEncoder,ServerResponse.Context,run.halo.app.infra.properties.JwtProperties]",passwordEncoder,2
C:\halo-main\application\src\main\java\run\halo\app\security\authentication\jwt\JwtAuthenticationConfigurer.java,run.halo.app.security.authentication.jwt.JwtAuthenticationConfigurer,"JwtAuthenticationConfigurer/6[run.halo.app.security.authentication.jwt.ReactiveUserDetailsService,run.halo.app.security.authentication.jwt.PasswordEncoder,run.halo.app.security.authentication.jwt.ServerCodecConfigurer,run.halo.app.security.authentication.jwt.JwtEncoder,ServerResponse.Context,run.halo.app.infra.properties.JwtProperties]",codec,2
C:\halo-main\application\src\main\java\run\halo\app\security\authentication\jwt\JwtAuthenticationConfigurer.java,run.halo.app.security.authentication.jwt.JwtAuthenticationConfigurer,"JwtAuthenticationConfigurer/6[run.halo.app.security.authentication.jwt.ReactiveUserDetailsService,run.halo.app.security.authentication.jwt.PasswordEncoder,run.halo.app.security.authentication.jwt.ServerCodecConfigurer,run.halo.app.security.authentication.jwt.JwtEncoder,ServerResponse.Context,run.halo.app.infra.properties.JwtProperties]",jwtProp,2
C:\halo-main\application\src\main\java\run\halo\app\security\authentication\jwt\JwtAuthenticationConfigurer.java,run.halo.app.security.authentication.jwt.JwtAuthenticationConfigurer,"JwtAuthenticationConfigurer/6[run.halo.app.security.authentication.jwt.ReactiveUserDetailsService,run.halo.app.security.authentication.jwt.PasswordEncoder,run.halo.app.security.authentication.jwt.ServerCodecConfigurer,run.halo.app.security.authentication.jwt.JwtEncoder,ServerResponse.Context,run.halo.app.infra.properties.JwtProperties]",context,2
C:\halo-main\application\src\main\java\run\halo\app\security\authentication\jwt\JwtAuthenticationConfigurer.java,run.halo.app.security.authentication.jwt.JwtAuthenticationConfigurer,"JwtAuthenticationConfigurer/6[run.halo.app.security.authentication.jwt.ReactiveUserDetailsService,run.halo.app.security.authentication.jwt.PasswordEncoder,run.halo.app.security.authentication.jwt.ServerCodecConfigurer,run.halo.app.security.authentication.jwt.JwtEncoder,ServerResponse.Context,run.halo.app.infra.properties.JwtProperties]",userDetailsService,2
C:\halo-main\application\src\main\java\run\halo\app\security\authentication\jwt\JwtAuthenticationConfigurer.java,run.halo.app.security.authentication.jwt.JwtAuthenticationConfigurer,"JwtAuthenticationConfigurer/6[run.halo.app.security.authentication.jwt.ReactiveUserDetailsService,run.halo.app.security.authentication.jwt.PasswordEncoder,run.halo.app.security.authentication.jwt.ServerCodecConfigurer,run.halo.app.security.authentication.jwt.JwtEncoder,ServerResponse.Context,run.halo.app.infra.properties.JwtProperties]",jwtEncoder,2
C:\halo-main\application\src\test\java\run\halo\app\extension\gc\GcReconcilerTest.java,run.halo.app.extension.gc.GcReconcilerTest,shouldDoNothingIfFinalizersPresent/0,result,1
C:\halo-main\application\src\test\java\run\halo\app\extension\gc\GcReconcilerTest.java,run.halo.app.extension.gc.GcReconcilerTest,shouldDoNothingIfFinalizersPresent/0,fake,5
C:\halo-main\application\src\test\java\run\halo\app\extension\gc\GcReconcilerTest.java,run.halo.app.extension.gc.GcReconcilerTest,createGcRequest/0,fake,2
C:\halo-main\application\src\test\java\run\halo\app\extension\gc\GcReconcilerTest.java,run.halo.app.extension.gc.GcReconcilerTest,convertTo/1[run.halo.app.extension.FakeExtension],fake,1
C:\halo-main\application\src\test\java\run\halo\app\extension\gc\GcReconcilerTest.java,run.halo.app.extension.gc.GcReconcilerTest,shouldDoNothingIfDeletionTimestampIsNull/0,result,1
C:\halo-main\application\src\test\java\run\halo\app\extension\gc\GcReconcilerTest.java,run.halo.app.extension.gc.GcReconcilerTest,shouldDoNothingIfDeletionTimestampIsNull/0,fake,5
C:\halo-main\application\src\test\java\run\halo\app\extension\gc\GcReconcilerTest.java,run.halo.app.extension.gc.GcReconcilerTest,shouldDoNothingIfExtensionNotFound/0,result,1
C:\halo-main\application\src\test\java\run\halo\app\extension\gc\GcReconcilerTest.java,run.halo.app.extension.gc.GcReconcilerTest,shouldDoNothingIfExtensionNotFound/0,fake,2
C:\halo-main\application\src\test\java\run\halo\app\extension\gc\GcReconcilerTest.java,run.halo.app.extension.gc.GcReconcilerTest,shouldDeleteCorrectly/0,result,1
C:\halo-main\application\src\test\java\run\halo\app\extension\gc\GcReconcilerTest.java,run.halo.app.extension.gc.GcReconcilerTest,shouldDeleteCorrectly/0,fake,5
C:\halo-main\application\src\test\java\run\halo\app\extension\gc\GcReconcilerTest.java,run.halo.app.extension.gc.GcReconcilerTest,shouldDeleteCorrectly/0,store,3
C:\halo-main\application\src\test\java\run\halo\app\extension\gc\GcReconcilerTest.java,run.halo.app.extension.gc.GcReconcilerTest,createExtension/0,metadata,2
C:\halo-main\application\src\test\java\run\halo\app\extension\gc\GcReconcilerTest.java,run.halo.app.extension.gc.GcReconcilerTest,createExtension/0,fake,2
C:\halo-main\application\src\main\java\run\halo\app\core\extension\endpoint\TrackerEndpoint.java,run.halo.app.core.extension.endpoint.TrackerEndpoint,upvote/1[run.halo.app.core.extension.endpoint.ServerRequest],request,1
C:\halo-main\application\src\main\java\run\halo\app\core\extension\endpoint\TrackerEndpoint.java,run.halo.app.core.extension.endpoint.TrackerEndpoint,upvote/1[run.halo.app.core.extension.endpoint.ServerRequest],voteRequest,3
C:\halo-main\application\src\main\java\run\halo\app\core\extension\endpoint\TrackerEndpoint.java,run.halo.app.core.extension.endpoint.TrackerEndpoint,downvote/1[run.halo.app.core.extension.endpoint.ServerRequest],request,1
C:\halo-main\application\src\main\java\run\halo\app\core\extension\endpoint\TrackerEndpoint.java,run.halo.app.core.extension.endpoint.TrackerEndpoint,downvote/1[run.halo.app.core.extension.endpoint.ServerRequest],voteRequest,3
C:\halo-main\application\src\main\java\run\halo\app\core\extension\endpoint\TrackerEndpoint.java,run.halo.app.core.extension.endpoint.TrackerEndpoint,"CounterRequest/7[java.lang.String,java.lang.String,java.lang.String,java.lang.String,java.lang.String,java.lang.String,java.lang.String]",referrer,0
C:\halo-main\application\src\main\java\run\halo\app\core\extension\endpoint\TrackerEndpoint.java,run.halo.app.core.extension.endpoint.TrackerEndpoint,"CounterRequest/7[java.lang.String,java.lang.String,java.lang.String,java.lang.String,java.lang.String,java.lang.String,java.lang.String]",hostname,0
C:\halo-main\application\src\main\java\run\halo\app\core\extension\endpoint\TrackerEndpoint.java,run.halo.app.core.extension.endpoint.TrackerEndpoint,"CounterRequest/7[java.lang.String,java.lang.String,java.lang.String,java.lang.String,java.lang.String,java.lang.String,java.lang.String]",plural,0
C:\halo-main\application\src\main\java\run\halo\app\core\extension\endpoint\TrackerEndpoint.java,run.halo.app.core.extension.endpoint.TrackerEndpoint,"CounterRequest/7[java.lang.String,java.lang.String,java.lang.String,java.lang.String,java.lang.String,java.lang.String,java.lang.String]",name,0
C:\halo-main\application\src\main\java\run\halo\app\core\extension\endpoint\TrackerEndpoint.java,run.halo.app.core.extension.endpoint.TrackerEndpoint,"CounterRequest/7[java.lang.String,java.lang.String,java.lang.String,java.lang.String,java.lang.String,java.lang.String,java.lang.String]",screen,0
C:\halo-main\application\src\main\java\run\halo\app\core\extension\endpoint\TrackerEndpoint.java,run.halo.app.core.extension.endpoint.TrackerEndpoint,"CounterRequest/7[java.lang.String,java.lang.String,java.lang.String,java.lang.String,java.lang.String,java.lang.String,java.lang.String]",language,0
C:\halo-main\application\src\main\java\run\halo\app\core\extension\endpoint\TrackerEndpoint.java,run.halo.app.core.extension.endpoint.TrackerEndpoint,"CounterRequest/7[java.lang.String,java.lang.String,java.lang.String,java.lang.String,java.lang.String,java.lang.String,java.lang.String]",group,0
C:\halo-main\application\src\main\java\run\halo\app\core\extension\endpoint\TrackerEndpoint.java,run.halo.app.core.extension.endpoint.TrackerEndpoint,increaseVisit/1[run.halo.app.core.extension.endpoint.ServerRequest],request,1
C:\halo-main\application\src\main\java\run\halo\app\core\extension\endpoint\TrackerEndpoint.java,run.halo.app.core.extension.endpoint.TrackerEndpoint,increaseVisit/1[run.halo.app.core.extension.endpoint.ServerRequest],counterRequest,3
C:\halo-main\application\src\main\java\run\halo\app\core\extension\endpoint\TrackerEndpoint.java,run.halo.app.core.extension.endpoint.TrackerEndpoint,endpoint/0,builder,5
C:\halo-main\application\src\main\java\run\halo\app\core\extension\endpoint\TrackerEndpoint.java,run.halo.app.core.extension.endpoint.TrackerEndpoint,endpoint/0,tag,6
C:\halo-main\application\src\main\java\run\halo\app\core\extension\endpoint\TrackerEndpoint.java,run.halo.app.core.extension.endpoint.TrackerEndpoint,"VoteRequest/3[java.lang.String,java.lang.String,java.lang.String]",plural,0
C:\halo-main\application\src\main\java\run\halo\app\core\extension\endpoint\TrackerEndpoint.java,run.halo.app.core.extension.endpoint.TrackerEndpoint,"VoteRequest/3[java.lang.String,java.lang.String,java.lang.String]",name,0
C:\halo-main\application\src\main\java\run\halo\app\core\extension\endpoint\TrackerEndpoint.java,run.halo.app.core.extension.endpoint.TrackerEndpoint,"VoteRequest/3[java.lang.String,java.lang.String,java.lang.String]",group,0
C:\halo-main\application\src\main\java\run\halo\app\core\extension\service\UserService.java,run.halo.app.core.extension.service.UserService,"updatePassword/2[java.lang.String,java.lang.String]",newPassword,0
C:\halo-main\application\src\main\java\run\halo\app\core\extension\service\UserService.java,run.halo.app.core.extension.service.UserService,"updatePassword/2[java.lang.String,java.lang.String]",username,0
C:\halo-main\application\src\main\java\run\halo\app\core\extension\service\UserService.java,run.halo.app.core.extension.service.UserService,"updateWithRawPassword/2[java.lang.String,java.lang.String]",rawPassword,0
C:\halo-main\application\src\main\java\run\halo\app\core\extension\service\UserService.java,run.halo.app.core.extension.service.UserService,"updateWithRawPassword/2[java.lang.String,java.lang.String]",username,0
C:\halo-main\application\src\main\java\run\halo\app\core\extension\service\UserService.java,run.halo.app.core.extension.service.UserService,getUserOrGhost/1[java.lang.String],username,0
C:\halo-main\application\src\main\java\run\halo\app\core\extension\service\UserService.java,run.halo.app.core.extension.service.UserService,listRoles/1[java.lang.String],username,0
C:\halo-main\application\src\main\java\run\halo\app\core\extension\service\UserService.java,run.halo.app.core.extension.service.UserService,"grantRoles/2[java.lang.String,java.util.Set<java.lang.String>]",roles,0
C:\halo-main\application\src\main\java\run\halo\app\core\extension\service\UserService.java,run.halo.app.core.extension.service.UserService,"grantRoles/2[java.lang.String,java.util.Set<java.lang.String>]",username,0
C:\halo-main\application\src\main\java\run\halo\app\core\extension\service\UserService.java,run.halo.app.core.extension.service.UserService,"signUp/2[run.halo.app.core.extension.service.User,java.lang.String]",password,0
C:\halo-main\application\src\main\java\run\halo\app\core\extension\service\UserService.java,run.halo.app.core.extension.service.UserService,"signUp/2[run.halo.app.core.extension.service.User,java.lang.String]",user,0
C:\halo-main\application\src\main\java\run\halo\app\core\extension\service\UserService.java,run.halo.app.core.extension.service.UserService,getUser/1[java.lang.String],username,0
C:\halo-main\application\src\main\java\run\halo\app\plugin\PluginRequestMappingHandlerMapping.java,run.halo.app.plugin.PluginRequestMappingHandlerMapping,getMappings/1[java.lang.String],pluginId,1
C:\halo-main\application\src\main\java\run\halo\app\plugin\PluginRequestMappingHandlerMapping.java,run.halo.app.plugin.PluginRequestMappingHandlerMapping,getMappings/1[java.lang.String],requestMappingInfos,2
C:\halo-main\application\src\main\java\run\halo\app\plugin\PluginRequestMappingHandlerMapping.java,run.halo.app.plugin.PluginRequestMappingHandlerMapping,"buildPrefix/2[java.lang.String,java.lang.String]",pluginId,1
C:\halo-main\application\src\main\java\run\halo\app\plugin\PluginRequestMappingHandlerMapping.java,run.halo.app.plugin.PluginRequestMappingHandlerMapping,"buildPrefix/2[java.lang.String,java.lang.String]",groupVersion,1
C:\halo-main\application\src\main\java\run\halo\app\plugin\PluginRequestMappingHandlerMapping.java,run.halo.app.plugin.PluginRequestMappingHandlerMapping,"buildPrefix/2[java.lang.String,java.lang.String]",version,2
C:\halo-main\application\src\main\java\run\halo\app\plugin\PluginRequestMappingHandlerMapping.java,run.halo.app.plugin.PluginRequestMappingHandlerMapping,"registerHandlerMethods/2[java.lang.String,java.lang.Object]",handler,3
C:\halo-main\application\src\main\java\run\halo\app\plugin\PluginRequestMappingHandlerMapping.java,run.halo.app.plugin.PluginRequestMappingHandlerMapping,"registerHandlerMethods/2[java.lang.String,java.lang.Object]",mapping,2
C:\halo-main\application\src\main\java\run\halo\app\plugin\PluginRequestMappingHandlerMapping.java,run.halo.app.plugin.PluginRequestMappingHandlerMapping,"registerHandlerMethods/2[java.lang.String,java.lang.Object]",method,3
C:\halo-main\application\src\main\java\run\halo\app\plugin\PluginRequestMappingHandlerMapping.java,run.halo.app.plugin.PluginRequestMappingHandlerMapping,"registerHandlerMethods/2[java.lang.String,java.lang.Object]",pluginId,2
C:\halo-main\application\src\main\java\run\halo\app\plugin\PluginRequestMappingHandlerMapping.java,run.halo.app.plugin.PluginRequestMappingHandlerMapping,"registerHandlerMethods/2[java.lang.String,java.lang.Object]",handlerType,2
C:\halo-main\application\src\main\java\run\halo\app\plugin\PluginRequestMappingHandlerMapping.java,run.halo.app.plugin.PluginRequestMappingHandlerMapping,"registerHandlerMethods/2[java.lang.String,java.lang.Object]",methods,3
C:\halo-main\application\src\main\java\run\halo\app\plugin\PluginRequestMappingHandlerMapping.java,run.halo.app.plugin.PluginRequestMappingHandlerMapping,"registerHandlerMethods/2[java.lang.String,java.lang.Object]",userType,5
C:\halo-main\application\src\main\java\run\halo\app\plugin\PluginRequestMappingHandlerMapping.java,run.halo.app.plugin.PluginRequestMappingHandlerMapping,"registerHandlerMethods/2[java.lang.String,java.lang.Object]",invocableMethod,1
C:\halo-main\application\src\main\java\run\halo\app\plugin\PluginRequestMappingHandlerMapping.java,run.halo.app.plugin.PluginRequestMappingHandlerMapping,unregister/1[java.lang.String],pluginId,3
C:\halo-main\application\src\main\java\run\halo\app\plugin\PluginRequestMappingHandlerMapping.java,run.halo.app.plugin.PluginRequestMappingHandlerMapping,"getPluginMappingForMethod/3[java.lang.String,java.lang.reflect.Method,java.lang.Class<?>]",apiVersion,2
C:\halo-main\application\src\main\java\run\halo\app\plugin\PluginRequestMappingHandlerMapping.java,run.halo.app.plugin.PluginRequestMappingHandlerMapping,"getPluginMappingForMethod/3[java.lang.String,java.lang.reflect.Method,java.lang.Class<?>]",method,1
C:\halo-main\application\src\main\java\run\halo\app\plugin\PluginRequestMappingHandlerMapping.java,run.halo.app.plugin.PluginRequestMappingHandlerMapping,"getPluginMappingForMethod/3[java.lang.String,java.lang.reflect.Method,java.lang.Class<?>]",pluginId,1
C:\halo-main\application\src\main\java\run\halo\app\plugin\PluginRequestMappingHandlerMapping.java,run.halo.app.plugin.PluginRequestMappingHandlerMapping,"getPluginMappingForMethod/3[java.lang.String,java.lang.reflect.Method,java.lang.Class<?>]",handlerType,3
C:\halo-main\application\src\main\java\run\halo\app\plugin\PluginRequestMappingHandlerMapping.java,run.halo.app.plugin.PluginRequestMappingHandlerMapping,"getPluginMappingForMethod/3[java.lang.String,java.lang.reflect.Method,java.lang.Class<?>]",info,4
C:\halo-main\application\src\main\java\run\halo\app\plugin\PluginRequestMappingHandlerMapping.java,run.halo.app.plugin.PluginRequestMappingHandlerMapping,"formatMappings/2[java.lang.Class<?>,java.util.Map<java.lang.reflect.Method,run.halo.app.plugin.RequestMappingInfo>]",methodFormatter,1
C:\halo-main\application\src\main\java\run\halo\app\plugin\PluginRequestMappingHandlerMapping.java,run.halo.app.plugin.PluginRequestMappingHandlerMapping,"formatMappings/2[java.lang.Class<?>,java.util.Map<java.lang.reflect.Method,run.halo.app.plugin.RequestMappingInfo>]",method,4
C:\halo-main\application\src\main\java\run\halo\app\plugin\PluginRequestMappingHandlerMapping.java,run.halo.app.plugin.PluginRequestMappingHandlerMapping,"formatMappings/2[java.lang.Class<?>,java.util.Map<java.lang.reflect.Method,run.halo.app.plugin.RequestMappingInfo>]",formattedType,1
C:\halo-main\application\src\main\java\run\halo\app\plugin\PluginRequestMappingHandlerMapping.java,run.halo.app.plugin.PluginRequestMappingHandlerMapping,"formatMappings/2[java.lang.Class<?>,java.util.Map<java.lang.reflect.Method,run.halo.app.plugin.RequestMappingInfo>]",e,2
C:\halo-main\application\src\main\java\run\halo\app\plugin\PluginRequestMappingHandlerMapping.java,run.halo.app.plugin.PluginRequestMappingHandlerMapping,"formatMappings/2[java.lang.Class<?>,java.util.Map<java.lang.reflect.Method,run.halo.app.plugin.RequestMappingInfo>]",methods,1
C:\halo-main\application\src\main\java\run\halo\app\plugin\PluginRequestMappingHandlerMapping.java,run.halo.app.plugin.PluginRequestMappingHandlerMapping,"formatMappings/2[java.lang.Class<?>,java.util.Map<java.lang.reflect.Method,run.halo.app.plugin.RequestMappingInfo>]",packageSegment,1
C:\halo-main\application\src\main\java\run\halo\app\plugin\PluginRequestMappingHandlerMapping.java,run.halo.app.plugin.PluginRequestMappingHandlerMapping,"formatMappings/2[java.lang.Class<?>,java.util.Map<java.lang.reflect.Method,run.halo.app.plugin.RequestMappingInfo>]",userType,3
C:\halo-main\application\src\main\java\run\halo\app\plugin\PluginRequestMappingHandlerMapping.java,run.halo.app.plugin.PluginRequestMappingHandlerMapping,"formatMappings/2[java.lang.Class<?>,java.util.Map<java.lang.reflect.Method,run.halo.app.plugin.RequestMappingInfo>]",packageName,2
C:\halo-main\application\src\main\java\run\halo\app\plugin\PluginAutoConfiguration.java,run.halo.app.plugin.PluginAutoConfiguration$Anonymous1,createPluginLoader/0,ex,0
C:\halo-main\application\src\main\java\run\halo\app\plugin\PluginAutoConfiguration.java,run.halo.app.plugin.PluginAutoConfiguration$Anonymous1,createPluginLoader/0,constructor,1
C:\halo-main\application\src\main\java\run\halo\app\plugin\PluginAutoConfiguration.java,run.halo.app.plugin.PluginAutoConfiguration$Anonymous1,createPluginLoader/0,clazz,2
C:\halo-main\application\src\main\java\run\halo\app\plugin\PluginAutoConfiguration.java,run.halo.app.plugin.PluginAutoConfiguration$Anonymous1,createPluginRepository/0,developmentPluginRepository,2
C:\halo-main\application\src\main\java\run\halo\app\content\SinglePageSorter.java,run.halo.app.content.SinglePageSorter,from/1[run.halo.app.content.SinglePageSorter],comparatorFunc,3
C:\halo-main\application\src\main\java\run\halo\app\content\SinglePageSorter.java,run.halo.app.content.SinglePageSorter,from/1[run.halo.app.content.SinglePageSorter],sorter,4
C:\halo-main\application\src\main\java\run\halo\app\content\SinglePageSorter.java,run.halo.app.content.SinglePageSorter,from/1[run.halo.app.content.SinglePageSorter],page,3
C:\halo-main\application\src\main\java\run\halo\app\content\SinglePageSorter.java,run.halo.app.content.SinglePageSorter,"from/2[run.halo.app.content.SinglePageSorter,java.lang.Boolean]",sorter,2
C:\halo-main\application\src\main\java\run\halo\app\content\SinglePageSorter.java,run.halo.app.content.SinglePageSorter,"from/2[run.halo.app.content.SinglePageSorter,java.lang.Boolean]",ascending,1
C:\halo-main\application\src\main\java\run\halo\app\content\SinglePageSorter.java,run.halo.app.content.SinglePageSorter,convertFrom/1[java.lang.String],sorter,2
C:\halo-main\application\src\main\java\run\halo\app\content\SinglePageSorter.java,run.halo.app.content.SinglePageSorter,convertFrom/1[java.lang.String],sort,1
C:\halo-main\application\src\main\java\run\halo\app\content\SinglePageSorter.java,run.halo.app.content.SinglePageSorter,defaultComparator/0,createTime,1
C:\halo-main\application\src\main\java\run\halo\app\content\SinglePageSorter.java,run.halo.app.content.SinglePageSorter,defaultComparator/0,page,1
C:\halo-main\application\src\main\java\run\halo\app\plugin\extensionpoint\ExtensionGetter.java,run.halo.app.plugin.extensionpoint.ExtensionGetter,getEnabledExtensions/1[java.lang.Class<T>],extensionPoint,0
C:\halo-main\application\src\main\java\run\halo\app\plugin\extensionpoint\ExtensionGetter.java,run.halo.app.plugin.extensionpoint.ExtensionGetter,getEnabledExtensionByDefinition/1[java.lang.Class<T>],extensionPoint,0
C:\halo-main\application\src\main\java\run\halo\app\plugin\extensionpoint\ExtensionGetter.java,run.halo.app.plugin.extensionpoint.ExtensionGetter,getEnabledExtension/1[java.lang.Class<T>],extensionPoint,0
C:\halo-main\application\src\main\java\run\halo\app\theme\engine\DefaultThemeTemplateAvailabilityProvider.java,run.halo.app.theme.engine.DefaultThemeTemplateAvailabilityProvider,"isTemplateAvailable/2[run.halo.app.theme.ThemeContext,java.lang.String]",path,1
C:\halo-main\application\src\main\java\run\halo\app\theme\engine\DefaultThemeTemplateAvailabilityProvider.java,run.halo.app.theme.engine.DefaultThemeTemplateAvailabilityProvider,"isTemplateAvailable/2[run.halo.app.theme.ThemeContext,java.lang.String]",viewName,1
C:\halo-main\application\src\main\java\run\halo\app\theme\engine\DefaultThemeTemplateAvailabilityProvider.java,run.halo.app.theme.engine.DefaultThemeTemplateAvailabilityProvider,"isTemplateAvailable/2[run.halo.app.theme.ThemeContext,java.lang.String]",themeContext,1
C:\halo-main\application\src\main\java\run\halo\app\theme\engine\DefaultThemeTemplateAvailabilityProvider.java,run.halo.app.theme.engine.DefaultThemeTemplateAvailabilityProvider,"isTemplateAvailable/2[run.halo.app.theme.ThemeContext,java.lang.String]",suffix,1
C:\halo-main\application\src\main\java\run\halo\app\theme\engine\DefaultThemeTemplateAvailabilityProvider.java,run.halo.app.theme.engine.DefaultThemeTemplateAvailabilityProvider,DefaultThemeTemplateAvailabilityProvider/1[run.halo.app.theme.engine.ThymeleafProperties],thymeleafProperties,2
C:\halo-main\application\src\test\java\run\halo\app\extension\MetadataOperatorTest.java,run.halo.app.extension.MetadataOperatorTest,testMetadataDeepEqualsWithSameType/0,left,23
C:\halo-main\application\src\test\java\run\halo\app\extension\MetadataOperatorTest.java,run.halo.app.extension.MetadataOperatorTest,testMetadataDeepEqualsWithSameType/0,right,23
C:\halo-main\application\src\test\java\run\halo\app\extension\MetadataOperatorTest.java,run.halo.app.extension.MetadataOperatorTest,createFullMetadata/0,metadata,8
C:\halo-main\application\src\test\java\run\halo\app\extension\MetadataOperatorTest.java,run.halo.app.extension.MetadataOperatorTest,testMetadataDeepEqualsWithDifferentType/0,metadata,1
C:\halo-main\application\src\test\java\run\halo\app\extension\MetadataOperatorTest.java,run.halo.app.extension.MetadataOperatorTest,testMetadataDeepEqualsWithDifferentType/0,mockMetadata,8
C:\halo-main\application\src\main\java\run\halo\app\core\extension\service\impl\PluginServiceImpl.java,run.halo.app.core.extension.service.impl.PluginServiceImpl,waitForDeleted/1[java.lang.String],plugin,0
C:\halo-main\application\src\main\java\run\halo\app\core\extension\service\impl\PluginServiceImpl.java,run.halo.app.core.extension.service.impl.PluginServiceImpl,waitForDeleted/1[java.lang.String],t,3
C:\halo-main\application\src\main\java\run\halo\app\core\extension\service\impl\PluginServiceImpl.java,run.halo.app.core.extension.service.impl.PluginServiceImpl,waitForDeleted/1[java.lang.String],pluginName,1
C:\halo-main\application\src\main\java\run\halo\app\core\extension\service\impl\PluginServiceImpl.java,run.halo.app.core.extension.service.impl.PluginServiceImpl,install/1[java.nio.file.Path],p,1
C:\halo-main\application\src\main\java\run\halo\app\core\extension\service\impl\PluginServiceImpl.java,run.halo.app.core.extension.service.impl.PluginServiceImpl,install/1[java.nio.file.Path],path,1
C:\halo-main\application\src\main\java\run\halo\app\core\extension\service\impl\PluginServiceImpl.java,run.halo.app.core.extension.service.impl.PluginServiceImpl,install/1[java.nio.file.Path],pluginInPath,3
C:\halo-main\application\src\main\java\run\halo\app\core\extension\service\impl\PluginServiceImpl.java,run.halo.app.core.extension.service.impl.PluginServiceImpl,install/1[java.nio.file.Path],oldPlugin,1
C:\halo-main\application\src\main\java\run\halo\app\core\extension\service\impl\PluginServiceImpl.java,run.halo.app.core.extension.service.impl.PluginServiceImpl,install/1[java.nio.file.Path],pluginFinder,2
C:\halo-main\application\src\main\java\run\halo\app\core\extension\service\impl\PluginServiceImpl.java,run.halo.app.core.extension.service.impl.PluginServiceImpl,copyToPluginHome/1[run.halo.app.core.extension.service.impl.Plugin],path,1
C:\halo-main\application\src\main\java\run\halo\app\core\extension\service\impl\PluginServiceImpl.java,run.halo.app.core.extension.service.impl.PluginServiceImpl,copyToPluginHome/1[run.halo.app.core.extension.service.impl.Plugin],fileName,1
C:\halo-main\application\src\main\java\run\halo\app\core\extension\service\impl\PluginServiceImpl.java,run.halo.app.core.extension.service.impl.PluginServiceImpl,copyToPluginHome/1[run.halo.app.core.extension.service.impl.Plugin],plugin,2
C:\halo-main\application\src\main\java\run\halo\app\core\extension\service\impl\PluginServiceImpl.java,run.halo.app.core.extension.service.impl.PluginServiceImpl,copyToPluginHome/1[run.halo.app.core.extension.service.impl.Plugin],e,1
C:\halo-main\application\src\main\java\run\halo\app\core\extension\service\impl\PluginServiceImpl.java,run.halo.app.core.extension.service.impl.PluginServiceImpl,copyToPluginHome/1[run.halo.app.core.extension.service.impl.Plugin],pluginRoot,3
C:\halo-main\application\src\main\java\run\halo\app\core\extension\service\impl\PluginServiceImpl.java,run.halo.app.core.extension.service.impl.PluginServiceImpl,copyToPluginHome/1[run.halo.app.core.extension.service.impl.Plugin],pluginFilePath,3
C:\halo-main\application\src\main\java\run\halo\app\core\extension\service\impl\PluginServiceImpl.java,run.halo.app.core.extension.service.impl.PluginServiceImpl,toPath/1[run.halo.app.core.extension.service.impl.Resource],resource,1
C:\halo-main\application\src\main\java\run\halo\app\core\extension\service\impl\PluginServiceImpl.java,run.halo.app.core.extension.service.impl.PluginServiceImpl,toPath/1[run.halo.app.core.extension.service.impl.Resource],e,1
C:\halo-main\application\src\main\java\run\halo\app\core\extension\service\impl\PluginServiceImpl.java,run.halo.app.core.extension.service.impl.PluginServiceImpl,deletePluginAndWaitForComplete/1[java.lang.String],plugin,1
C:\halo-main\application\src\main\java\run\halo\app\core\extension\service\impl\PluginServiceImpl.java,run.halo.app.core.extension.service.impl.PluginServiceImpl,deletePluginAndWaitForComplete/1[java.lang.String],pluginName,2
C:\halo-main\application\src\main\java\run\halo\app\core\extension\service\impl\PluginServiceImpl.java,run.halo.app.core.extension.service.impl.PluginServiceImpl,satisfiesRequiresVersion/1[run.halo.app.core.extension.service.impl.Plugin],newPlugin,2
C:\halo-main\application\src\main\java\run\halo\app\core\extension\service\impl\PluginServiceImpl.java,run.halo.app.core.extension.service.impl.PluginServiceImpl,satisfiesRequiresVersion/1[run.halo.app.core.extension.service.impl.Plugin],version,1
C:\halo-main\application\src\main\java\run\halo\app\core\extension\service\impl\PluginServiceImpl.java,run.halo.app.core.extension.service.impl.PluginServiceImpl,satisfiesRequiresVersion/1[run.halo.app.core.extension.service.impl.Plugin],systemVersion,3
C:\halo-main\application\src\main\java\run\halo\app\core\extension\service\impl\PluginServiceImpl.java,run.halo.app.core.extension.service.impl.PluginServiceImpl,satisfiesRequiresVersion/1[run.halo.app.core.extension.service.impl.Plugin],requires,3
C:\halo-main\application\src\main\java\run\halo\app\core\extension\service\impl\PluginServiceImpl.java,run.halo.app.core.extension.service.impl.PluginServiceImpl,"PluginServiceImpl/3[run.halo.app.core.extension.service.impl.ReactiveExtensionClient,run.halo.app.core.extension.service.impl.SystemVersionSupplier,run.halo.app.plugin.PluginProperties]",pluginProperties,2
C:\halo-main\application\src\main\java\run\halo\app\core\extension\service\impl\PluginServiceImpl.java,run.halo.app.core.extension.service.impl.PluginServiceImpl,"PluginServiceImpl/3[run.halo.app.core.extension.service.impl.ReactiveExtensionClient,run.halo.app.core.extension.service.impl.SystemVersionSupplier,run.halo.app.plugin.PluginProperties]",client,2
C:\halo-main\application\src\main\java\run\halo\app\core\extension\service\impl\PluginServiceImpl.java,run.halo.app.core.extension.service.impl.PluginServiceImpl,"PluginServiceImpl/3[run.halo.app.core.extension.service.impl.ReactiveExtensionClient,run.halo.app.core.extension.service.impl.SystemVersionSupplier,run.halo.app.plugin.PluginProperties]",systemVersion,2
C:\halo-main\application\src\main\java\run\halo\app\core\extension\service\impl\PluginServiceImpl.java,run.halo.app.core.extension.service.impl.PluginServiceImpl,getPreset/1[java.lang.String],plugin,1
C:\halo-main\application\src\main\java\run\halo\app\core\extension\service\impl\PluginServiceImpl.java,run.halo.app.core.extension.service.impl.PluginServiceImpl,getPreset/1[java.lang.String],presetName,1
C:\halo-main\application\src\main\java\run\halo\app\core\extension\service\impl\PluginServiceImpl.java,run.halo.app.core.extension.service.impl.PluginServiceImpl,"upgrade/2[java.lang.String,java.nio.file.Path]",path,1
C:\halo-main\application\src\main\java\run\halo\app\core\extension\service\impl\PluginServiceImpl.java,run.halo.app.core.extension.service.impl.PluginServiceImpl,"upgrade/2[java.lang.String,java.nio.file.Path]",pluginToCreate,1
C:\halo-main\application\src\main\java\run\halo\app\core\extension\service\impl\PluginServiceImpl.java,run.halo.app.core.extension.service.impl.PluginServiceImpl,"upgrade/2[java.lang.String,java.nio.file.Path]",pluginInPath,4
C:\halo-main\application\src\main\java\run\halo\app\core\extension\service\impl\PluginServiceImpl.java,run.halo.app.core.extension.service.impl.PluginServiceImpl,"upgrade/2[java.lang.String,java.nio.file.Path]",name,5
C:\halo-main\application\src\main\java\run\halo\app\core\extension\service\impl\PluginServiceImpl.java,run.halo.app.core.extension.service.impl.PluginServiceImpl,"upgrade/2[java.lang.String,java.nio.file.Path]",prevPlugin,1
C:\halo-main\application\src\main\java\run\halo\app\core\extension\service\impl\PluginServiceImpl.java,run.halo.app.core.extension.service.impl.PluginServiceImpl,"upgrade/2[java.lang.String,java.nio.file.Path]",pluginFinder,2
C:\halo-main\application\src\main\java\run\halo\app\core\extension\service\impl\PluginServiceImpl.java,run.halo.app.core.extension.service.impl.PluginServiceImpl,"upgrade/2[java.lang.String,java.nio.file.Path]",enabled,1
C:\halo-main\application\src\main\java\run\halo\app\core\extension\service\impl\PluginServiceImpl.java,run.halo.app.core.extension.service.impl.PluginServiceImpl,getPresets/0,path,1
C:\halo-main\application\src\main\java\run\halo\app\core\extension\service\impl\PluginServiceImpl.java,run.halo.app.core.extension.service.impl.PluginServiceImpl,getPresetJars/0,resolver,1
C:\halo-main\application\src\main\java\run\halo\app\core\extension\service\impl\PluginServiceImpl.java,run.halo.app.core.extension.service.impl.PluginServiceImpl,getPresetJars/0,e,1
C:\halo-main\application\src\main\java\run\halo\app\core\extension\service\impl\PluginServiceImpl.java,run.halo.app.core.extension.service.impl.PluginServiceImpl,getPresetJars/0,resources,1
C:\halo-main\application\src\main\java\run\halo\app\security\authentication\login\DelegatingLogoutPageGeneratingWebFilter.java,run.halo.app.security.authentication.login.DelegatingLogoutPageGeneratingWebFilter,"filter/2[run.halo.app.security.authentication.login.ServerWebExchange,run.halo.app.security.authentication.login.WebFilterChain]",chain,1
C:\halo-main\application\src\main\java\run\halo\app\security\authentication\login\DelegatingLogoutPageGeneratingWebFilter.java,run.halo.app.security.authentication.login.DelegatingLogoutPageGeneratingWebFilter,"filter/2[run.halo.app.security.authentication.login.ServerWebExchange,run.halo.app.security.authentication.login.WebFilterChain]",exchange,1
C:\halo-main\application\src\main\java\run\halo\app\extension\exception\SchemaViolationException.java,run.halo.app.extension.exception.SchemaViolationException,"SchemaViolationException/2[run.halo.app.extension.exception.GroupVersionKind,run.halo.app.extension.exception.ValidationResults]",gvk,2
C:\halo-main\application\src\main\java\run\halo\app\extension\exception\SchemaViolationException.java,run.halo.app.extension.exception.SchemaViolationException,"SchemaViolationException/2[run.halo.app.extension.exception.GroupVersionKind,run.halo.app.extension.exception.ValidationResults]",errors,3
C:\halo-main\application\src\main\java\run\halo\app\console\WebSocketServerWebExchangeMatcher.java,run.halo.app.console.WebSocketServerWebExchangeMatcher,matches/1[run.halo.app.console.ServerWebExchange],headers,2
C:\halo-main\application\src\main\java\run\halo\app\console\WebSocketServerWebExchangeMatcher.java,run.halo.app.console.WebSocketServerWebExchangeMatcher,matches/1[run.halo.app.console.ServerWebExchange],upgrade,1
C:\halo-main\application\src\main\java\run\halo\app\console\WebSocketServerWebExchangeMatcher.java,run.halo.app.console.WebSocketServerWebExchangeMatcher,matches/1[run.halo.app.console.ServerWebExchange],exchange,1
C:\halo-main\application\src\main\java\run\halo\app\extension\SchemeWatcherManager.java,run.halo.app.extension.SchemeWatcherManager$SchemeUnregistered,SchemeUnregistered/1[run.halo.app.extension.Scheme],deletedScheme,2
C:\halo-main\application\src\main\java\run\halo\app\plugin\YamlPluginDescriptorFinder.java,run.halo.app.plugin.YamlPluginDescriptorFinder,isApplicable/1[java.nio.file.Path],pluginPath,3
C:\halo-main\application\src\main\java\run\halo\app\plugin\YamlPluginDescriptorFinder.java,run.halo.app.plugin.YamlPluginDescriptorFinder,convert/1[run.halo.app.plugin.Plugin],plugin,2
C:\halo-main\application\src\main\java\run\halo\app\plugin\YamlPluginDescriptorFinder.java,run.halo.app.plugin.YamlPluginDescriptorFinder,convert/1[run.halo.app.plugin.Plugin],provider,1
C:\halo-main\application\src\main\java\run\halo\app\plugin\YamlPluginDescriptorFinder.java,run.halo.app.plugin.YamlPluginDescriptorFinder,convert/1[run.halo.app.plugin.Plugin],versionRequire,1
C:\halo-main\application\src\main\java\run\halo\app\plugin\YamlPluginDescriptorFinder.java,run.halo.app.plugin.YamlPluginDescriptorFinder,convert/1[run.halo.app.plugin.Plugin],dependency,1
C:\halo-main\application\src\main\java\run\halo\app\plugin\YamlPluginDescriptorFinder.java,run.halo.app.plugin.YamlPluginDescriptorFinder,convert/1[run.halo.app.plugin.Plugin],pluginId,1
C:\halo-main\application\src\main\java\run\halo\app\plugin\YamlPluginDescriptorFinder.java,run.halo.app.plugin.YamlPluginDescriptorFinder,convert/1[run.halo.app.plugin.Plugin],author,2
C:\halo-main\application\src\main\java\run\halo\app\plugin\YamlPluginDescriptorFinder.java,run.halo.app.plugin.YamlPluginDescriptorFinder,convert/1[run.halo.app.plugin.Plugin],pluginDepName,1
C:\halo-main\application\src\main\java\run\halo\app\plugin\YamlPluginDescriptorFinder.java,run.halo.app.plugin.YamlPluginDescriptorFinder,convert/1[run.halo.app.plugin.Plugin],spec,6
C:\halo-main\application\src\main\java\run\halo\app\plugin\YamlPluginDescriptorFinder.java,run.halo.app.plugin.YamlPluginDescriptorFinder,convert/1[run.halo.app.plugin.Plugin],defaultPluginDescriptor,2
C:\halo-main\application\src\main\java\run\halo\app\plugin\YamlPluginDescriptorFinder.java,run.halo.app.plugin.YamlPluginDescriptorFinder,find/1[java.nio.file.Path],pluginPath,1
C:\halo-main\application\src\main\java\run\halo\app\plugin\YamlPluginDescriptorFinder.java,run.halo.app.plugin.YamlPluginDescriptorFinder,find/1[java.nio.file.Path],plugin,1
C:\halo-main\application\src\main\java\run\halo\app\plugin\YamlPluginDescriptorFinder.java,run.halo.app.plugin.YamlPluginDescriptorFinder,joinLicense/1[java.util.List<Plugin.License>],licenses,2
C:\halo-main\application\src\main\java\run\halo\app\plugin\event\HaloPluginStoppedEvent.java,run.halo.app.plugin.event.HaloPluginStoppedEvent,"HaloPluginStoppedEvent/2[java.lang.Object,run.halo.app.plugin.event.PluginWrapper]",plugin,2
C:\halo-main\application\src\main\java\run\halo\app\plugin\event\HaloPluginStoppedEvent.java,run.halo.app.plugin.event.HaloPluginStoppedEvent,"HaloPluginStoppedEvent/2[java.lang.Object,run.halo.app.plugin.event.PluginWrapper]",source,1
C:\halo-main\application\src\main\java\run\halo\app\metrics\ReplyEventReconciler.java,run.halo.app.metrics.ReplyEventReconciler,ReplyEventReconciler/1[run.halo.app.metrics.ExtensionClient],client,2
C:\halo-main\application\src\main\java\run\halo\app\metrics\ReplyEventReconciler.java,run.halo.app.metrics.ReplyEventReconciler,setupWith/1[run.halo.app.metrics.ControllerBuilder],builder,0
C:\halo-main\application\src\main\java\run\halo\app\metrics\ReplyEventReconciler.java,run.halo.app.metrics.ReplyEventReconciler,reconcile/1[run.halo.app.event.post.ReplyEvent],request,1
C:\halo-main\application\src\main\java\run\halo\app\metrics\ReplyEventReconciler.java,run.halo.app.metrics.ReplyEventReconciler,reconcile/1[run.halo.app.event.post.ReplyEvent],visibleReplyCount,1
C:\halo-main\application\src\main\java\run\halo\app\metrics\ReplyEventReconciler.java,run.halo.app.metrics.ReplyEventReconciler,reconcile/1[run.halo.app.event.post.ReplyEvent],lastReplyTime,1
C:\halo-main\application\src\main\java\run\halo\app\metrics\ReplyEventReconciler.java,run.halo.app.metrics.ReplyEventReconciler,reconcile/1[run.halo.app.event.post.ReplyEvent],commentName,2
C:\halo-main\application\src\main\java\run\halo\app\metrics\ReplyEventReconciler.java,run.halo.app.metrics.ReplyEventReconciler,reconcile/1[run.halo.app.event.post.ReplyEvent],replies,4
C:\halo-main\application\src\main\java\run\halo\app\metrics\ReplyEventReconciler.java,run.halo.app.metrics.ReplyEventReconciler,reconcile/1[run.halo.app.event.post.ReplyEvent],record,2
C:\halo-main\application\src\main\java\run\halo\app\metrics\ReplyEventReconciler.java,run.halo.app.metrics.ReplyEventReconciler,reconcile/1[run.halo.app.event.post.ReplyEvent],lastReadTime,1
C:\halo-main\application\src\main\java\run\halo\app\metrics\ReplyEventReconciler.java,run.halo.app.metrics.ReplyEventReconciler,reconcile/1[run.halo.app.event.post.ReplyEvent],comment,5
C:\halo-main\application\src\main\java\run\halo\app\metrics\ReplyEventReconciler.java,run.halo.app.metrics.ReplyEventReconciler,reconcile/1[run.halo.app.event.post.ReplyEvent],requestReply,1
C:\halo-main\application\src\main\java\run\halo\app\metrics\ReplyEventReconciler.java,run.halo.app.metrics.ReplyEventReconciler,reconcile/1[run.halo.app.event.post.ReplyEvent],reply,5
C:\halo-main\application\src\main\java\run\halo\app\metrics\ReplyEventReconciler.java,run.halo.app.metrics.ReplyEventReconciler,reconcile/1[run.halo.app.event.post.ReplyEvent],status,6
C:\halo-main\application\src\test\java\run\halo\app\extension\router\ExtensionListHandlerTest.java,run.halo.app.extension.router.ExtensionListHandlerTest,shouldHandleCorrectly/0,responseMono,1
C:\halo-main\application\src\test\java\run\halo\app\extension\router\ExtensionListHandlerTest.java,run.halo.app.extension.router.ExtensionListHandlerTest,shouldHandleCorrectly/0,scheme,1
C:\halo-main\application\src\test\java\run\halo\app\extension\router\ExtensionListHandlerTest.java,run.halo.app.extension.router.ExtensionListHandlerTest,shouldHandleCorrectly/0,response,4
C:\halo-main\application\src\test\java\run\halo\app\extension\router\ExtensionListHandlerTest.java,run.halo.app.extension.router.ExtensionListHandlerTest,shouldHandleCorrectly/0,listHandler,1
C:\halo-main\application\src\test\java\run\halo\app\extension\router\ExtensionListHandlerTest.java,run.halo.app.extension.router.ExtensionListHandlerTest,shouldHandleCorrectly/0,fake,1
C:\halo-main\application\src\test\java\run\halo\app\extension\router\ExtensionListHandlerTest.java,run.halo.app.extension.router.ExtensionListHandlerTest,shouldHandleCorrectly/0,fakeListResult,2
C:\halo-main\application\src\test\java\run\halo\app\extension\router\ExtensionListHandlerTest.java,run.halo.app.extension.router.ExtensionListHandlerTest,shouldHandleCorrectly/0,serverRequest,1
C:\halo-main\application\src\test\java\run\halo\app\extension\router\ExtensionListHandlerTest.java,run.halo.app.extension.router.ExtensionListHandlerTest,shouldBuildPathPatternCorrectly/0,scheme,1
C:\halo-main\application\src\test\java\run\halo\app\extension\router\ExtensionListHandlerTest.java,run.halo.app.extension.router.ExtensionListHandlerTest,shouldBuildPathPatternCorrectly/0,listHandler,1
C:\halo-main\application\src\test\java\run\halo\app\extension\router\ExtensionListHandlerTest.java,run.halo.app.extension.router.ExtensionListHandlerTest,shouldBuildPathPatternCorrectly/0,pathPattern,2
C:\halo-main\application\src\main\java\run\halo\app\core\extension\service\DefaultRoleBindingService.java,run.halo.app.core.extension.service.DefaultRoleBindingService,listBoundRoleNames/1[java.util.Collection<? extends run.halo.app.core.extension.service.GrantedAuthority>],authority,1
C:\halo-main\application\src\main\java\run\halo\app\core\extension\service\DefaultRoleBindingService.java,run.halo.app.core.extension.service.DefaultRoleBindingService,listBoundRoleNames/1[java.util.Collection<? extends run.halo.app.core.extension.service.GrantedAuthority>],scope,6
C:\halo-main\application\src\main\java\run\halo\app\core\extension\service\DefaultRoleBindingService.java,run.halo.app.core.extension.service.DefaultRoleBindingService,listBoundRoleNames/1[java.util.Collection<? extends run.halo.app.core.extension.service.GrantedAuthority>],authorities,1
C:\halo-main\application\src\main\java\run\halo\app\plugin\YamlPluginFinder.java,run.halo.app.plugin.YamlPluginFinder,readPluginDescriptor/1[java.nio.file.Path],pluginPath,1
C:\halo-main\application\src\main\java\run\halo\app\plugin\YamlPluginFinder.java,run.halo.app.plugin.YamlPluginFinder,readPluginDescriptor/1[java.nio.file.Path],propertyResource,1
C:\halo-main\application\src\main\java\run\halo\app\plugin\YamlPluginFinder.java,run.halo.app.plugin.YamlPluginFinder,readPluginDescriptor/1[java.nio.file.Path],propertiesPath,5
C:\halo-main\application\src\main\java\run\halo\app\plugin\YamlPluginFinder.java,run.halo.app.plugin.YamlPluginFinder,YamlPluginFinder/1[java.lang.String],propertiesFileName,2
C:\halo-main\application\src\main\java\run\halo\app\plugin\YamlPluginFinder.java,run.halo.app.plugin.YamlPluginFinder,find/1[java.nio.file.Path],pluginPath,2
C:\halo-main\application\src\main\java\run\halo\app\plugin\YamlPluginFinder.java,run.halo.app.plugin.YamlPluginFinder,find/1[java.nio.file.Path],plugin,3
C:\halo-main\application\src\main\java\run\halo\app\plugin\YamlPluginFinder.java,run.halo.app.plugin.YamlPluginFinder,find/1[java.nio.file.Path],pluginStatus,3
C:\halo-main\application\src\main\java\run\halo\app\plugin\YamlPluginFinder.java,run.halo.app.plugin.YamlPluginFinder,unstructuredToPlugin/1[run.halo.app.plugin.Resource],yamlUnstructuredLoader,1
C:\halo-main\application\src\main\java\run\halo\app\plugin\YamlPluginFinder.java,run.halo.app.plugin.YamlPluginFinder,unstructuredToPlugin/1[run.halo.app.plugin.Resource],unstructuredList,2
C:\halo-main\application\src\main\java\run\halo\app\plugin\YamlPluginFinder.java,run.halo.app.plugin.YamlPluginFinder,unstructuredToPlugin/1[run.halo.app.plugin.Resource],propertyResource,1
C:\halo-main\application\src\main\java\run\halo\app\plugin\YamlPluginFinder.java,run.halo.app.plugin.YamlPluginFinder,unstructuredToPlugin/1[run.halo.app.plugin.Resource],unstructured,1
C:\halo-main\application\src\main\java\run\halo\app\plugin\YamlPluginFinder.java,run.halo.app.plugin.YamlPluginFinder,"getManifestPath/2[java.nio.file.Path,java.lang.String]",path,2
C:\halo-main\application\src\main\java\run\halo\app\plugin\YamlPluginFinder.java,run.halo.app.plugin.YamlPluginFinder,"getManifestPath/2[java.nio.file.Path,java.lang.String]",pluginPath,3
C:\halo-main\application\src\main\java\run\halo\app\plugin\YamlPluginFinder.java,run.halo.app.plugin.YamlPluginFinder,"getManifestPath/2[java.nio.file.Path,java.lang.String]",propertyResource,1
C:\halo-main\application\src\main\java\run\halo\app\plugin\YamlPluginFinder.java,run.halo.app.plugin.YamlPluginFinder,"getManifestPath/2[java.nio.file.Path,java.lang.String]",e,1
C:\halo-main\application\src\main\java\run\halo\app\plugin\YamlPluginFinder.java,run.halo.app.plugin.YamlPluginFinder,"getManifestPath/2[java.nio.file.Path,java.lang.String]",propertiesFileName,2
C:\halo-main\application\src\main\java\run\halo\app\plugin\YamlPluginFinder.java,run.halo.app.plugin.YamlPluginFinder,"getManifestPath/2[java.nio.file.Path,java.lang.String]",location,1
C:\halo-main\application\src\main\java\run\halo\app\theme\router\factories\TagsRouteFactory.java,run.halo.app.theme.router.factories.TagsRouteFactory,handlerFunction/0,request,0
C:\halo-main\application\src\main\java\run\halo\app\theme\router\factories\TagsRouteFactory.java,run.halo.app.theme.router.factories.TagsRouteFactory,create/1[java.lang.String],prefix,1
C:\halo-main\application\src\main\java\run\halo\app\search\post\PostSearchEndpoint.java,run.halo.app.search.post.PostSearchEndpoint,PostSearchEndpoint/1[run.halo.app.plugin.extensionpoint.ExtensionGetter],extensionGetter,2
C:\halo-main\application\src\main\java\run\halo\app\search\post\PostSearchEndpoint.java,run.halo.app.search.post.PostSearchEndpoint,endpoint/0,builder,2
C:\halo-main\application\src\main\java\run\halo\app\search\post\PostSearchEndpoint.java,run.halo.app.search.post.PostSearchEndpoint,endpoint/0,tag,2
C:\halo-main\application\src\main\java\run\halo\app\search\post\PostSearchEndpoint.java,run.halo.app.search.post.PostSearchEndpoint,search/1[run.halo.app.search.post.ServerRequest],result,1
C:\halo-main\application\src\main\java\run\halo\app\search\post\PostSearchEndpoint.java,run.halo.app.search.post.PostSearchEndpoint,search/1[run.halo.app.search.post.ServerRequest],request,1
C:\halo-main\application\src\main\java\run\halo\app\search\post\PostSearchEndpoint.java,run.halo.app.search.post.PostSearchEndpoint,search/1[run.halo.app.search.post.ServerRequest],param,1
C:\halo-main\application\src\main\java\run\halo\app\search\post\PostSearchEndpoint.java,run.halo.app.search.post.PostSearchEndpoint,search/1[run.halo.app.search.post.ServerRequest],e,1
C:\halo-main\application\src\main\java\run\halo\app\search\post\PostSearchEndpoint.java,run.halo.app.search.post.PostSearchEndpoint,search/1[run.halo.app.search.post.ServerRequest],searchService,1
C:\halo-main\application\src\main\java\run\halo\app\theme\dialect\GlobalSeoProcessor.java,run.halo.app.theme.dialect.GlobalSeoProcessor,"process/3[run.halo.app.theme.dialect.ITemplateContext,run.halo.app.theme.dialect.IModel,run.halo.app.theme.dialect.IElementModelStructureHandler]",keywords,2
C:\halo-main\application\src\main\java\run\halo\app\theme\dialect\GlobalSeoProcessor.java,run.halo.app.theme.dialect.GlobalSeoProcessor,"process/3[run.halo.app.theme.dialect.ITemplateContext,run.halo.app.theme.dialect.IModel,run.halo.app.theme.dialect.IElementModelStructureHandler]",blockSpiders,1
C:\halo-main\application\src\main\java\run\halo\app\theme\dialect\GlobalSeoProcessor.java,run.halo.app.theme.dialect.GlobalSeoProcessor,"process/3[run.halo.app.theme.dialect.ITemplateContext,run.halo.app.theme.dialect.IModel,run.halo.app.theme.dialect.IElementModelStructureHandler]",structureHandler,0
C:\halo-main\application\src\main\java\run\halo\app\theme\dialect\GlobalSeoProcessor.java,run.halo.app.theme.dialect.GlobalSeoProcessor,"process/3[run.halo.app.theme.dialect.ITemplateContext,run.halo.app.theme.dialect.IModel,run.halo.app.theme.dialect.IElementModelStructureHandler]",context,1
C:\halo-main\application\src\main\java\run\halo\app\theme\dialect\GlobalSeoProcessor.java,run.halo.app.theme.dialect.GlobalSeoProcessor,"process/3[run.halo.app.theme.dialect.ITemplateContext,run.halo.app.theme.dialect.IModel,run.halo.app.theme.dialect.IElementModelStructureHandler]",keywordsMeta,1
C:\halo-main\application\src\main\java\run\halo\app\theme\dialect\GlobalSeoProcessor.java,run.halo.app.theme.dialect.GlobalSeoProcessor,"process/3[run.halo.app.theme.dialect.ITemplateContext,run.halo.app.theme.dialect.IModel,run.halo.app.theme.dialect.IElementModelStructureHandler]",model,5
C:\halo-main\application\src\main\java\run\halo\app\theme\dialect\GlobalSeoProcessor.java,run.halo.app.theme.dialect.GlobalSeoProcessor,"process/3[run.halo.app.theme.dialect.ITemplateContext,run.halo.app.theme.dialect.IModel,run.halo.app.theme.dialect.IElementModelStructureHandler]",seo,4
C:\halo-main\application\src\main\java\run\halo\app\theme\dialect\GlobalSeoProcessor.java,run.halo.app.theme.dialect.GlobalSeoProcessor,"process/3[run.halo.app.theme.dialect.ITemplateContext,run.halo.app.theme.dialect.IModel,run.halo.app.theme.dialect.IElementModelStructureHandler]",modelFactory,3
C:\halo-main\application\src\main\java\run\halo\app\theme\dialect\GlobalSeoProcessor.java,run.halo.app.theme.dialect.GlobalSeoProcessor,"process/3[run.halo.app.theme.dialect.ITemplateContext,run.halo.app.theme.dialect.IModel,run.halo.app.theme.dialect.IElementModelStructureHandler]",descriptionMeta,1
C:\halo-main\application\src\main\java\run\halo\app\theme\dialect\GlobalSeoProcessor.java,run.halo.app.theme.dialect.GlobalSeoProcessor,"process/3[run.halo.app.theme.dialect.ITemplateContext,run.halo.app.theme.dialect.IModel,run.halo.app.theme.dialect.IElementModelStructureHandler]",noIndexMeta,1
C:\halo-main\application\src\main\java\run\halo\app\theme\router\factories\ArchiveRouteFactory.java,run.halo.app.theme.router.factories.ArchiveRouteFactory,handlerFunction/0,request,1
C:\halo-main\application\src\main\java\run\halo\app\theme\router\factories\ArchiveRouteFactory.java,run.halo.app.theme.router.factories.ArchiveRouteFactory,handlerFunction/0,templateName,2
C:\halo-main\application\src\main\java\run\halo\app\theme\router\factories\ArchiveRouteFactory.java,run.halo.app.theme.router.factories.ArchiveRouteFactory,patterns/1[java.lang.String],prefix,6
C:\halo-main\application\src\main\java\run\halo\app\theme\router\factories\ArchiveRouteFactory.java,run.halo.app.theme.router.factories.ArchiveRouteFactory,create/1[java.lang.String],prefix,1
C:\halo-main\application\src\main\java\run\halo\app\theme\router\factories\ArchiveRouteFactory.java,run.halo.app.theme.router.factories.ArchiveRouteFactory,create/1[java.lang.String],requestPredicate,1
C:\halo-main\application\src\main\java\run\halo\app\theme\router\factories\ArchiveRouteFactory.java,run.halo.app.theme.router.factories.ArchiveRouteFactory,create/1[java.lang.String],req,0
C:\halo-main\application\src\main\java\run\halo\app\theme\router\factories\ArchiveRouteFactory.java,run.halo.app.theme.router.factories.ArchiveRouteFactory,archivePosts/1[run.halo.app.theme.router.factories.ServerRequest],request,3
C:\halo-main\application\src\main\java\run\halo\app\theme\router\factories\ArchiveRouteFactory.java,run.halo.app.theme.router.factories.ArchiveRouteFactory,archivePosts/1[run.halo.app.theme.router.factories.ServerRequest],variables,2
C:\halo-main\application\src\main\java\run\halo\app\theme\router\factories\ArchiveRouteFactory.java,run.halo.app.theme.router.factories.ArchiveRouteFactory,archivePosts/1[run.halo.app.theme.router.factories.ServerRequest],pageSize,1
C:\halo-main\application\src\main\java\run\halo\app\theme\router\factories\ArchiveRouteFactory.java,run.halo.app.theme.router.factories.ArchiveRouteFactory,archivePosts/1[run.halo.app.theme.router.factories.ServerRequest],list,2
C:\halo-main\application\src\main\java\run\halo\app\theme\router\factories\ArchiveRouteFactory.java,run.halo.app.theme.router.factories.ArchiveRouteFactory,archivePosts/1[run.halo.app.theme.router.factories.ServerRequest],pageNum,1
C:\halo-main\application\src\main\java\run\halo\app\theme\router\factories\ArchiveRouteFactory.java,run.halo.app.theme.router.factories.ArchiveRouteFactory,archivePosts/1[run.halo.app.theme.router.factories.ServerRequest],requestPath,2
C:\halo-main\application\src\main\java\run\halo\app\event\post\ReplyChangedEvent.java,run.halo.app.event.post.ReplyChangedEvent,"ReplyChangedEvent/2[java.lang.Object,run.halo.app.event.post.Reply]",source,1
C:\halo-main\application\src\main\java\run\halo\app\event\post\ReplyChangedEvent.java,run.halo.app.event.post.ReplyChangedEvent,"ReplyChangedEvent/2[java.lang.Object,run.halo.app.event.post.Reply]",reply,1
C:\halo-main\application\src\test\java\run\halo\app\security\SuperAdminInitializerTest.java,run.halo.app.security.SuperAdminInitializerTest,checkSuperAdminInitialization/0,extension,5
C:\halo-main\application\src\main\java\run\halo\app\core\extension\reconciler\ReverseProxyReconciler.java,run.halo.app.core.extension.reconciler.ReverseProxyReconciler,"ReverseProxyReconciler/2[run.halo.app.core.extension.reconciler.ExtensionClient,run.halo.app.plugin.resources.ReverseProxyRouterFunctionRegistry]",client,2
C:\halo-main\application\src\main\java\run\halo\app\core\extension\reconciler\ReverseProxyReconciler.java,run.halo.app.core.extension.reconciler.ReverseProxyReconciler,"ReverseProxyReconciler/2[run.halo.app.core.extension.reconciler.ExtensionClient,run.halo.app.plugin.resources.ReverseProxyRouterFunctionRegistry]",routerFunctionRegistry,2
C:\halo-main\application\src\main\java\run\halo\app\core\extension\reconciler\ReverseProxyReconciler.java,run.halo.app.core.extension.reconciler.ReverseProxyReconciler,reconcile/1[run.halo.app.core.extension.reconciler.Request],request,2
C:\halo-main\application\src\main\java\run\halo\app\core\extension\reconciler\ReverseProxyReconciler.java,run.halo.app.core.extension.reconciler.ReverseProxyReconciler,reconcile/1[run.halo.app.core.extension.reconciler.Request],reverseProxy,3
C:\halo-main\application\src\main\java\run\halo\app\core\extension\reconciler\ReverseProxyReconciler.java,run.halo.app.core.extension.reconciler.ReverseProxyReconciler,addFinalizerIfNecessary/1[run.halo.app.core.extension.reconciler.ReverseProxy],finalizers,2
C:\halo-main\application\src\main\java\run\halo\app\core\extension\reconciler\ReverseProxyReconciler.java,run.halo.app.core.extension.reconciler.ReverseProxyReconciler,addFinalizerIfNecessary/1[run.halo.app.core.extension.reconciler.ReverseProxy],oldReverseProxy,2
C:\halo-main\application\src\main\java\run\halo\app\core\extension\reconciler\ReverseProxyReconciler.java,run.halo.app.core.extension.reconciler.ReverseProxyReconciler,addFinalizerIfNecessary/1[run.halo.app.core.extension.reconciler.ReverseProxy],reverseProxy,3
C:\halo-main\application\src\main\java\run\halo\app\core\extension\reconciler\ReverseProxyReconciler.java,run.halo.app.core.extension.reconciler.ReverseProxyReconciler,addFinalizerIfNecessary/1[run.halo.app.core.extension.reconciler.ReverseProxy],newFinalizers,4
C:\halo-main\application\src\main\java\run\halo\app\core\extension\reconciler\ReverseProxyReconciler.java,run.halo.app.core.extension.reconciler.ReverseProxyReconciler,getPluginId/1[run.halo.app.core.extension.reconciler.ReverseProxy],reverseProxy,1
C:\halo-main\application\src\main\java\run\halo\app\core\extension\reconciler\ReverseProxyReconciler.java,run.halo.app.core.extension.reconciler.ReverseProxyReconciler,getPluginId/1[run.halo.app.core.extension.reconciler.ReverseProxy],labels,2
C:\halo-main\application\src\main\java\run\halo\app\core\extension\reconciler\ReverseProxyReconciler.java,run.halo.app.core.extension.reconciler.ReverseProxyReconciler,setupWith/1[run.halo.app.core.extension.reconciler.ControllerBuilder],builder,1
C:\halo-main\application\src\main\java\run\halo\app\core\extension\reconciler\ReverseProxyReconciler.java,run.halo.app.core.extension.reconciler.ReverseProxyReconciler,registerReverseProxy/1[run.halo.app.core.extension.reconciler.ReverseProxy],reverseProxy,2
C:\halo-main\application\src\main\java\run\halo\app\core\extension\reconciler\ReverseProxyReconciler.java,run.halo.app.core.extension.reconciler.ReverseProxyReconciler,registerReverseProxy/1[run.halo.app.core.extension.reconciler.ReverseProxy],pluginId,1
C:\halo-main\application\src\main\java\run\halo\app\core\extension\reconciler\ReverseProxyReconciler.java,run.halo.app.core.extension.reconciler.ReverseProxyReconciler,cleanUpResources/1[run.halo.app.core.extension.reconciler.ReverseProxy],reverseProxy,2
C:\halo-main\application\src\main\java\run\halo\app\core\extension\reconciler\ReverseProxyReconciler.java,run.halo.app.core.extension.reconciler.ReverseProxyReconciler,cleanUpResources/1[run.halo.app.core.extension.reconciler.ReverseProxy],pluginId,1
C:\halo-main\application\src\main\java\run\halo\app\core\extension\reconciler\ReverseProxyReconciler.java,run.halo.app.core.extension.reconciler.ReverseProxyReconciler,isDeleted/1[run.halo.app.core.extension.reconciler.ReverseProxy],reverseProxy,1
C:\halo-main\application\src\main\java\run\halo\app\core\extension\reconciler\ReverseProxyReconciler.java,run.halo.app.core.extension.reconciler.ReverseProxyReconciler,cleanUpResourcesAndRemoveFinalizer/1[java.lang.String],reverseProxy,4
C:\halo-main\application\src\main\java\run\halo\app\core\extension\reconciler\ReverseProxyReconciler.java,run.halo.app.core.extension.reconciler.ReverseProxyReconciler,cleanUpResourcesAndRemoveFinalizer/1[java.lang.String],name,1
C:\halo-main\application\src\test\java\run\halo\app\PathPrefixPredicateTest.java,run.halo.app.PathPrefixPredicateTest,prefixPredicate/0,result,1
C:\halo-main\application\src\test\java\run\halo\app\PathPrefixPredicateTest.java,run.halo.app.PathPrefixPredicateTest,prefixPredicate/0,falseResult,1
C:\halo-main\application\src\test\java\run\halo\app\security\authentication\jwt\JwtAuthenticationTest.java,run.halo.app.security.authentication.jwt.JwtAuthenticationTest,accessProtectedApiUsingBearerToken/0,metadata,2
C:\halo-main\application\src\test\java\run\halo\app\security\authentication\jwt\JwtAuthenticationTest.java,run.halo.app.security.authentication.jwt.JwtAuthenticationTest,accessProtectedApiUsingBearerToken/0,role,3
C:\halo-main\application\src\test\java\run\halo\app\security\authentication\jwt\JwtAuthenticationTest.java,run.halo.app.security.authentication.jwt.JwtAuthenticationTest,accessProtectedApiUsingBearerToken/0,token,1
C:\halo-main\application\src\main\java\run\halo\app\content\permalinks\PermalinkPolicy.java,run.halo.app.content.permalinks.PermalinkPolicy,permalink/1[T],extension,0
C:\halo-main\application\src\main\java\run\halo\app\core\extension\theme\ThemeServiceImpl.java,run.halo.app.core.extension.theme.ThemeServiceImpl,waitForAnnotationSettingsDeleted/1[java.lang.String],annotationSetting,4
C:\halo-main\application\src\main\java\run\halo\app\core\extension\theme\ThemeServiceImpl.java,run.halo.app.core.extension.theme.ThemeServiceImpl,waitForAnnotationSettingsDeleted/1[java.lang.String],themeName,1
C:\halo-main\application\src\main\java\run\halo\app\core\extension\theme\ThemeServiceImpl.java,run.halo.app.core.extension.theme.ThemeServiceImpl,waitForAnnotationSettingsDeleted/1[java.lang.String],deleted,0
C:\halo-main\application\src\main\java\run\halo\app\core\extension\theme\ThemeServiceImpl.java,run.halo.app.core.extension.theme.ThemeServiceImpl,waitForAnnotationSettingsDeleted/1[java.lang.String],t,1
C:\halo-main\application\src\main\java\run\halo\app\core\extension\theme\ThemeServiceImpl.java,run.halo.app.core.extension.theme.ThemeServiceImpl,waitForAnnotationSettingsDeleted/1[java.lang.String],labels,1
C:\halo-main\application\src\main\java\run\halo\app\core\extension\theme\ThemeServiceImpl.java,run.halo.app.core.extension.theme.ThemeServiceImpl,waitForAnnotationSettingsDeleted/1[java.lang.String],latest,0
C:\halo-main\application\src\main\java\run\halo\app\core\extension\theme\ThemeServiceImpl.java,run.halo.app.core.extension.theme.ThemeServiceImpl,resetSettingConfig/1[java.lang.String],data,1
C:\halo-main\application\src\main\java\run\halo\app\core\extension\theme\ThemeServiceImpl.java,run.halo.app.core.extension.theme.ThemeServiceImpl,resetSettingConfig/1[java.lang.String],name,1
C:\halo-main\application\src\main\java\run\halo\app\core\extension\theme\ThemeServiceImpl.java,run.halo.app.core.extension.theme.ThemeServiceImpl,resetSettingConfig/1[java.lang.String],theme,4
C:\halo-main\application\src\main\java\run\halo\app\core\extension\theme\ThemeServiceImpl.java,run.halo.app.core.extension.theme.ThemeServiceImpl,resetSettingConfig/1[java.lang.String],configMapName,1
C:\halo-main\application\src\main\java\run\halo\app\core\extension\theme\ThemeServiceImpl.java,run.halo.app.core.extension.theme.ThemeServiceImpl,resetSettingConfig/1[java.lang.String],settingName,1
C:\halo-main\application\src\main\java\run\halo\app\core\extension\theme\ThemeServiceImpl.java,run.halo.app.core.extension.theme.ThemeServiceImpl,waitForThemeDeleted/1[java.lang.String],themeName,1
C:\halo-main\application\src\main\java\run\halo\app\core\extension\theme\ThemeServiceImpl.java,run.halo.app.core.extension.theme.ThemeServiceImpl,waitForThemeDeleted/1[java.lang.String],t,1
C:\halo-main\application\src\main\java\run\halo\app\core\extension\theme\ThemeServiceImpl.java,run.halo.app.core.extension.theme.ThemeServiceImpl,waitForThemeDeleted/1[java.lang.String],theme,0
C:\halo-main\application\src\main\java\run\halo\app\core\extension\theme\ThemeServiceImpl.java,run.halo.app.core.extension.theme.ThemeServiceImpl,waitForThemeDeleted/1[java.lang.String],signal,0
C:\halo-main\application\src\main\java\run\halo\app\core\extension\theme\ThemeServiceImpl.java,run.halo.app.core.extension.theme.ThemeServiceImpl,waitForThemeDeleted/1[java.lang.String],spec,0
C:\halo-main\application\src\main\java\run\halo\app\core\extension\theme\ThemeServiceImpl.java,run.halo.app.core.extension.theme.ThemeServiceImpl,"upgrade/2[java.lang.String,java.io.InputStream]",themeName,5
C:\halo-main\application\src\main\java\run\halo\app\core\extension\theme\ThemeServiceImpl.java,run.halo.app.core.extension.theme.ThemeServiceImpl,"upgrade/2[java.lang.String,java.io.InputStream]",e,5
C:\halo-main\application\src\main\java\run\halo\app\core\extension\theme\ThemeServiceImpl.java,run.halo.app.core.extension.theme.ThemeServiceImpl,"upgrade/2[java.lang.String,java.io.InputStream]",zis,1
C:\halo-main\application\src\main\java\run\halo\app\core\extension\theme\ThemeServiceImpl.java,run.halo.app.core.extension.theme.ThemeServiceImpl,"upgrade/2[java.lang.String,java.io.InputStream]",themeManifest,2
C:\halo-main\application\src\main\java\run\halo\app\core\extension\theme\ThemeServiceImpl.java,run.halo.app.core.extension.theme.ThemeServiceImpl,"upgrade/2[java.lang.String,java.io.InputStream]",tempThemeRoot,2
C:\halo-main\application\src\main\java\run\halo\app\core\extension\theme\ThemeServiceImpl.java,run.halo.app.core.extension.theme.ThemeServiceImpl,"upgrade/2[java.lang.String,java.io.InputStream]",signalType,0
C:\halo-main\application\src\main\java\run\halo\app\core\extension\theme\ThemeServiceImpl.java,run.halo.app.core.extension.theme.ThemeServiceImpl,"upgrade/2[java.lang.String,java.io.InputStream]",tempDir,4
C:\halo-main\application\src\main\java\run\halo\app\core\extension\theme\ThemeServiceImpl.java,run.halo.app.core.extension.theme.ThemeServiceImpl,"upgrade/2[java.lang.String,java.io.InputStream]",themePath,1
C:\halo-main\application\src\main\java\run\halo\app\core\extension\theme\ThemeServiceImpl.java,run.halo.app.core.extension.theme.ThemeServiceImpl,"upgrade/2[java.lang.String,java.io.InputStream]",is,1
C:\halo-main\application\src\main\java\run\halo\app\core\extension\theme\ThemeServiceImpl.java,run.halo.app.core.extension.theme.ThemeServiceImpl,"upgrade/2[java.lang.String,java.io.InputStream]",oldTheme,0
C:\halo-main\application\src\main\java\run\halo\app\core\extension\theme\ThemeServiceImpl.java,run.halo.app.core.extension.theme.ThemeServiceImpl,"upgrade/2[java.lang.String,java.io.InputStream]",newTheme,8
C:\halo-main\application\src\main\java\run\halo\app\core\extension\theme\ThemeServiceImpl.java,run.halo.app.core.extension.theme.ThemeServiceImpl,hasConfigYaml/1[run.halo.app.core.extension.theme.Theme],unstructured,2
C:\halo-main\application\src\main\java\run\halo\app\core\extension\theme\ThemeServiceImpl.java,run.halo.app.core.extension.theme.ThemeServiceImpl,hasConfigYaml/1[run.halo.app.core.extension.theme.Theme],theme,1
C:\halo-main\application\src\main\java\run\halo\app\core\extension\theme\ThemeServiceImpl.java,run.halo.app.core.extension.theme.ThemeServiceImpl,waitForSettingDeleted/1[java.lang.String],deleted,0
C:\halo-main\application\src\main\java\run\halo\app\core\extension\theme\ThemeServiceImpl.java,run.halo.app.core.extension.theme.ThemeServiceImpl,waitForSettingDeleted/1[java.lang.String],s,0
C:\halo-main\application\src\main\java\run\halo\app\core\extension\theme\ThemeServiceImpl.java,run.halo.app.core.extension.theme.ThemeServiceImpl,waitForSettingDeleted/1[java.lang.String],t,1
C:\halo-main\application\src\main\java\run\halo\app\core\extension\theme\ThemeServiceImpl.java,run.halo.app.core.extension.theme.ThemeServiceImpl,waitForSettingDeleted/1[java.lang.String],settingName,2
C:\halo-main\application\src\main\java\run\halo\app\core\extension\theme\ThemeServiceImpl.java,run.halo.app.core.extension.theme.ThemeServiceImpl,waitForSettingDeleted/1[java.lang.String],setting,1
C:\halo-main\application\src\main\java\run\halo\app\core\extension\theme\ThemeServiceImpl.java,run.halo.app.core.extension.theme.ThemeServiceImpl,"updateConfigMapData/2[java.lang.String,java.util.Map<java.lang.String,java.lang.String>]",data,1
C:\halo-main\application\src\main\java\run\halo\app\core\extension\theme\ThemeServiceImpl.java,run.halo.app.core.extension.theme.ThemeServiceImpl,"updateConfigMapData/2[java.lang.String,java.util.Map<java.lang.String,java.lang.String>]",t,1
C:\halo-main\application\src\main\java\run\halo\app\core\extension\theme\ThemeServiceImpl.java,run.halo.app.core.extension.theme.ThemeServiceImpl,"updateConfigMapData/2[java.lang.String,java.util.Map<java.lang.String,java.lang.String>]",configMap,2
C:\halo-main\application\src\main\java\run\halo\app\core\extension\theme\ThemeServiceImpl.java,run.halo.app.core.extension.theme.ThemeServiceImpl,"updateConfigMapData/2[java.lang.String,java.util.Map<java.lang.String,java.lang.String>]",configMapName,1
C:\halo-main\application\src\main\java\run\halo\app\core\extension\theme\ThemeServiceImpl.java,run.halo.app.core.extension.theme.ThemeServiceImpl,deleteThemeAndWaitForComplete/1[java.lang.String],themeName,2
C:\halo-main\application\src\main\java\run\halo\app\core\extension\theme\ThemeServiceImpl.java,run.halo.app.core.extension.theme.ThemeServiceImpl,deleteThemeAndWaitForComplete/1[java.lang.String],deletingTheme,1
C:\halo-main\application\src\main\java\run\halo\app\core\extension\theme\ThemeServiceImpl.java,run.halo.app.core.extension.theme.ThemeServiceImpl,reloadTheme/1[java.lang.String],unstructured,7
C:\halo-main\application\src\main\java\run\halo\app\core\extension\theme\ThemeServiceImpl.java,run.halo.app.core.extension.theme.ThemeServiceImpl,reloadTheme/1[java.lang.String],name,5
C:\halo-main\application\src\main\java\run\halo\app\core\extension\theme\ThemeServiceImpl.java,run.halo.app.core.extension.theme.ThemeServiceImpl,reloadTheme/1[java.lang.String],themeManifestPath,2
C:\halo-main\application\src\main\java\run\halo\app\core\extension\theme\ThemeServiceImpl.java,run.halo.app.core.extension.theme.ThemeServiceImpl,reloadTheme/1[java.lang.String],themePath,1
C:\halo-main\application\src\main\java\run\halo\app\core\extension\theme\ThemeServiceImpl.java,run.halo.app.core.extension.theme.ThemeServiceImpl,reloadTheme/1[java.lang.String],oldTheme,3
C:\halo-main\application\src\main\java\run\halo\app\core\extension\theme\ThemeServiceImpl.java,run.halo.app.core.extension.theme.ThemeServiceImpl,reloadTheme/1[java.lang.String],theme,3
C:\halo-main\application\src\main\java\run\halo\app\core\extension\theme\ThemeServiceImpl.java,run.halo.app.core.extension.theme.ThemeServiceImpl,reloadTheme/1[java.lang.String],newTheme,2
C:\halo-main\application\src\main\java\run\halo\app\core\extension\theme\ThemeServiceImpl.java,run.halo.app.core.extension.theme.ThemeServiceImpl,reloadTheme/1[java.lang.String],settingName,3
C:\halo-main\application\src\main\java\run\halo\app\core\extension\theme\ThemeServiceImpl.java,run.halo.app.core.extension.theme.ThemeServiceImpl,install/1[java.io.InputStream],themeRoot,2
C:\halo-main\application\src\main\java\run\halo\app\core\extension\theme\ThemeServiceImpl.java,run.halo.app.core.extension.theme.ThemeServiceImpl,install/1[java.io.InputStream],is,1
C:\halo-main\application\src\main\java\run\halo\app\core\extension\theme\ThemeServiceImpl.java,run.halo.app.core.extension.theme.ThemeServiceImpl,getThemePath/1[run.halo.app.core.extension.theme.Theme],theme,1
C:\halo-main\application\src\main\java\run\halo\app\core\extension\theme\ThemeServiceImpl.java,run.halo.app.core.extension.theme.ThemeServiceImpl,hasSettingsYaml/1[run.halo.app.core.extension.theme.Theme],unstructured,2
C:\halo-main\application\src\main\java\run\halo\app\core\extension\theme\ThemeServiceImpl.java,run.halo.app.core.extension.theme.ThemeServiceImpl,hasSettingsYaml/1[run.halo.app.core.extension.theme.Theme],theme,1
C:\halo-main\application\src\main\java\run\halo\app\core\extension\theme\ThemeServiceImpl.java,run.halo.app.core.extension.theme.ThemeServiceImpl,"populateThemeNameLabel/2[run.halo.app.core.extension.theme.Unstructured,java.lang.String]",themeName,1
C:\halo-main\application\src\main\java\run\halo\app\core\extension\theme\ThemeServiceImpl.java,run.halo.app.core.extension.theme.ThemeServiceImpl,"populateThemeNameLabel/2[run.halo.app.core.extension.theme.Unstructured,java.lang.String]",unstructured,2
C:\halo-main\application\src\main\java\run\halo\app\core\extension\theme\ThemeServiceImpl.java,run.halo.app.core.extension.theme.ThemeServiceImpl,"populateThemeNameLabel/2[run.halo.app.core.extension.theme.Unstructured,java.lang.String]",labels,4
C:\halo-main\application\src\main\java\run\halo\app\core\extension\theme\ThemeServiceImpl.java,run.halo.app.core.extension.theme.ThemeServiceImpl,persistent/1[run.halo.app.core.extension.theme.Unstructured],isThemeSetting,1
C:\halo-main\application\src\main\java\run\halo\app\core\extension\theme\ThemeServiceImpl.java,run.halo.app.core.extension.theme.ThemeServiceImpl,persistent/1[run.halo.app.core.extension.theme.Unstructured],isThemeConfig,1
C:\halo-main\application\src\main\java\run\halo\app\core\extension\theme\ThemeServiceImpl.java,run.halo.app.core.extension.theme.ThemeServiceImpl,persistent/1[run.halo.app.core.extension.theme.Unstructured],themeManifest,2
C:\halo-main\application\src\main\java\run\halo\app\core\extension\theme\ThemeServiceImpl.java,run.halo.app.core.extension.theme.ThemeServiceImpl,persistent/1[run.halo.app.core.extension.theme.Unstructured],unstructureds,3
C:\halo-main\application\src\main\java\run\halo\app\core\extension\theme\ThemeServiceImpl.java,run.halo.app.core.extension.theme.ThemeServiceImpl,persistent/1[run.halo.app.core.extension.theme.Unstructured],unstructured,8
C:\halo-main\application\src\main\java\run\halo\app\core\extension\theme\ThemeServiceImpl.java,run.halo.app.core.extension.theme.ThemeServiceImpl,persistent/1[run.halo.app.core.extension.theme.Unstructured],name,2
C:\halo-main\application\src\main\java\run\halo\app\core\extension\theme\ThemeServiceImpl.java,run.halo.app.core.extension.theme.ThemeServiceImpl,persistent/1[run.halo.app.core.extension.theme.Unstructured],isAnnotationSetting,1
C:\halo-main\application\src\main\java\run\halo\app\core\extension\theme\ThemeServiceImpl.java,run.halo.app.core.extension.theme.ThemeServiceImpl,persistent/1[run.halo.app.core.extension.theme.Unstructured],theme,10
C:\halo-main\application\src\main\java\run\halo\app\core\extension\theme\ThemeServiceImpl.java,run.halo.app.core.extension.theme.ThemeServiceImpl,persistent/1[run.halo.app.core.extension.theme.Unstructured],systemVersion,3
C:\halo-main\application\src\main\java\run\halo\app\core\extension\theme\ThemeServiceImpl.java,run.halo.app.core.extension.theme.ThemeServiceImpl,persistent/1[run.halo.app.core.extension.theme.Unstructured],spec,2
C:\halo-main\application\src\main\java\run\halo\app\core\extension\theme\ThemeServiceImpl.java,run.halo.app.core.extension.theme.ThemeServiceImpl,persistent/1[run.halo.app.core.extension.theme.Unstructured],requires,3
C:\halo-main\application\src\test\java\run\halo\app\config\ServerCodecTest.java,run.halo.app.config.ServerCodecTest$TestConfig,timesRouter/0,request,0
C:\halo-main\application\src\test\java\run\halo\app\config\ServerCodecTest.java,run.halo.app.config.ServerCodecTest$TestConfig,timesRouter/0,times,1
C:\halo-main\application\src\test\java\run\halo\app\config\ServerCodecTest.java,run.halo.app.config.ServerCodecTest$TestConfig,reportTime/0,request,1
C:\halo-main\application\src\test\java\run\halo\app\config\ServerCodecTest.java,run.halo.app.config.ServerCodecTest$TestConfig,reportTime/0,type,2
C:\halo-main\application\src\test\java\run\halo\app\infra\utils\Base62UtilsTest.java,run.halo.app.infra.utils.Base62UtilsTest,decodeToString/0,str,1
C:\halo-main\application\src\test\java\run\halo\app\infra\utils\Base62UtilsTest.java,run.halo.app.infra.utils.Base62UtilsTest,decodeToString/0,encoded,1
C:\halo-main\application\src\test\java\run\halo\app\infra\utils\Base62UtilsTest.java,run.halo.app.infra.utils.Base62UtilsTest,getNaiveTestSet/0,testSet,10
C:\halo-main\application\src\test\java\run\halo\app\infra\utils\Base62UtilsTest.java,run.halo.app.infra.utils.Base62UtilsTest,encode/0,str,1
C:\halo-main\application\src\test\java\run\halo\app\infra\utils\Base62UtilsTest.java,run.halo.app.infra.utils.Base62UtilsTest,encode/0,encoded,1
C:\halo-main\application\src\test\java\run\halo\app\security\authorization\AuthorizationTest.java,run.halo.app.security.authorization.AuthorizationTest$TestConfig,queryPosts/1[run.halo.app.security.authorization.ServerRequest],request,0
C:\halo-main\application\src\test\java\run\halo\app\security\authorization\AuthorizationTest.java,run.halo.app.security.authorization.AuthorizationTest$TestConfig,updatePost/1[run.halo.app.security.authorization.ServerRequest],request,1
C:\halo-main\application\src\test\java\run\halo\app\security\authorization\AuthorizationTest.java,run.halo.app.security.authorization.AuthorizationTest$TestConfig,updatePost/1[run.halo.app.security.authorization.ServerRequest],name,1
C:\halo-main\application\src\main\java\run\halo\app\actuator\GlobalInfoEndpoint.java,run.halo.app.actuator.GlobalInfoEndpoint,"handleUserSetting/2[run.halo.app.actuator.GlobalInfoEndpoint.GlobalInfo,run.halo.app.actuator.ConfigMap]",configMap,1
C:\halo-main\application\src\main\java\run\halo\app\actuator\GlobalInfoEndpoint.java,run.halo.app.actuator.GlobalInfoEndpoint,"handleUserSetting/2[run.halo.app.actuator.GlobalInfoEndpoint.GlobalInfo,run.halo.app.actuator.ConfigMap]",user,3
C:\halo-main\application\src\main\java\run\halo\app\actuator\GlobalInfoEndpoint.java,run.halo.app.actuator.GlobalInfoEndpoint,"handleUserSetting/2[run.halo.app.actuator.GlobalInfoEndpoint.GlobalInfo,run.halo.app.actuator.ConfigMap]",info,2
C:\halo-main\application\src\main\java\run\halo\app\actuator\GlobalInfoEndpoint.java,run.halo.app.actuator.GlobalInfoEndpoint,"handleBasicSetting/2[run.halo.app.actuator.GlobalInfoEndpoint.GlobalInfo,run.halo.app.actuator.ConfigMap]",configMap,1
C:\halo-main\application\src\main\java\run\halo\app\actuator\GlobalInfoEndpoint.java,run.halo.app.actuator.GlobalInfoEndpoint,"handleBasicSetting/2[run.halo.app.actuator.GlobalInfoEndpoint.GlobalInfo,run.halo.app.actuator.ConfigMap]",basic,2
C:\halo-main\application\src\main\java\run\halo\app\actuator\GlobalInfoEndpoint.java,run.halo.app.actuator.GlobalInfoEndpoint,"handleBasicSetting/2[run.halo.app.actuator.GlobalInfoEndpoint.GlobalInfo,run.halo.app.actuator.ConfigMap]",info,1
C:\halo-main\application\src\main\java\run\halo\app\actuator\GlobalInfoEndpoint.java,run.halo.app.actuator.GlobalInfoEndpoint,handleSocialAuthProvider/1[run.halo.app.actuator.GlobalInfoEndpoint.GlobalInfo],listedAuthProviders,1
C:\halo-main\application\src\main\java\run\halo\app\actuator\GlobalInfoEndpoint.java,run.halo.app.actuator.GlobalInfoEndpoint,handleSocialAuthProvider/1[run.halo.app.actuator.GlobalInfoEndpoint.GlobalInfo],provider,11
C:\halo-main\application\src\main\java\run\halo\app\actuator\GlobalInfoEndpoint.java,run.halo.app.actuator.GlobalInfoEndpoint,handleSocialAuthProvider/1[run.halo.app.actuator.GlobalInfoEndpoint.GlobalInfo],socialAuthProvider,8
C:\halo-main\application\src\main\java\run\halo\app\actuator\GlobalInfoEndpoint.java,run.halo.app.actuator.GlobalInfoEndpoint,handleSocialAuthProvider/1[run.halo.app.actuator.GlobalInfoEndpoint.GlobalInfo],providers,1
C:\halo-main\application\src\main\java\run\halo\app\actuator\GlobalInfoEndpoint.java,run.halo.app.actuator.GlobalInfoEndpoint,handleSocialAuthProvider/1[run.halo.app.actuator.GlobalInfoEndpoint.GlobalInfo],info,1
C:\halo-main\application\src\main\java\run\halo\app\actuator\GlobalInfoEndpoint.java,run.halo.app.actuator.GlobalInfoEndpoint,"handleCommentSetting/2[run.halo.app.actuator.GlobalInfoEndpoint.GlobalInfo,run.halo.app.actuator.ConfigMap]",configMap,1
C:\halo-main\application\src\main\java\run\halo\app\actuator\GlobalInfoEndpoint.java,run.halo.app.actuator.GlobalInfoEndpoint,"handleCommentSetting/2[run.halo.app.actuator.GlobalInfoEndpoint.GlobalInfo,run.halo.app.actuator.ConfigMap]",comment,5
C:\halo-main\application\src\main\java\run\halo\app\actuator\GlobalInfoEndpoint.java,run.halo.app.actuator.GlobalInfoEndpoint,"handleCommentSetting/2[run.halo.app.actuator.GlobalInfoEndpoint.GlobalInfo,run.halo.app.actuator.ConfigMap]",info,4
C:\halo-main\application\src\main\java\run\halo\app\actuator\GlobalInfoEndpoint.java,run.halo.app.actuator.GlobalInfoEndpoint,globalInfo/0,fetcher,1
C:\halo-main\application\src\main\java\run\halo\app\actuator\GlobalInfoEndpoint.java,run.halo.app.actuator.GlobalInfoEndpoint,globalInfo/0,configMap,3
C:\halo-main\application\src\main\java\run\halo\app\actuator\GlobalInfoEndpoint.java,run.halo.app.actuator.GlobalInfoEndpoint,globalInfo/0,info,8
C:\halo-main\application\src\main\java\run\halo\app\plugin\SpringExtensionFactory.java,run.halo.app.plugin.SpringExtensionFactory,"SpringExtensionFactory/2[run.halo.app.plugin.PluginManager,boolean]",pluginManager,2
C:\halo-main\application\src\main\java\run\halo\app\plugin\SpringExtensionFactory.java,run.halo.app.plugin.SpringExtensionFactory,"SpringExtensionFactory/2[run.halo.app.plugin.PluginManager,boolean]",autowire,3
C:\halo-main\application\src\main\java\run\halo\app\plugin\SpringExtensionFactory.java,run.halo.app.plugin.SpringExtensionFactory,nullParameters/1[java.lang.reflect.Constructor<?>],constructor,1
C:\halo-main\application\src\main\java\run\halo\app\plugin\SpringExtensionFactory.java,run.halo.app.plugin.SpringExtensionFactory,SpringExtensionFactory/1[run.halo.app.plugin.PluginManager],pluginManager,1
C:\halo-main\application\src\main\java\run\halo\app\plugin\SpringExtensionFactory.java,run.halo.app.plugin.SpringExtensionFactory,getPublicConstructorWithShortestParameterList/1[java.lang.Class<?>],extensionClass,1
C:\halo-main\application\src\main\java\run\halo\app\plugin\SpringExtensionFactory.java,run.halo.app.plugin.SpringExtensionFactory,nameOf/1[run.halo.app.plugin.Plugin],plugin,2
C:\halo-main\application\src\main\java\run\halo\app\plugin\SpringExtensionFactory.java,run.halo.app.plugin.SpringExtensionFactory,nameOf/1[java.lang.Class<T>],clazz,1
C:\halo-main\application\src\main\java\run\halo\app\plugin\SpringExtensionFactory.java,run.halo.app.plugin.SpringExtensionFactory,getPluginApplicationContextBy/1[java.lang.Class<T>],extensionClass,4
C:\halo-main\application\src\main\java\run\halo\app\plugin\SpringExtensionFactory.java,run.halo.app.plugin.SpringExtensionFactory,getPluginApplicationContextBy/1[java.lang.Class<T>],plugin,7
C:\halo-main\application\src\main\java\run\halo\app\plugin\SpringExtensionFactory.java,run.halo.app.plugin.SpringExtensionFactory,getPluginApplicationContextBy/1[java.lang.Class<T>],applicationContext,5
C:\halo-main\application\src\main\java\run\halo\app\plugin\SpringExtensionFactory.java,run.halo.app.plugin.SpringExtensionFactory,getPluginApplicationContextBy/1[java.lang.Class<T>],pluginId,1
C:\halo-main\application\src\main\java\run\halo\app\plugin\SpringExtensionFactory.java,run.halo.app.plugin.SpringExtensionFactory,create/1[java.lang.Class<T>],extensionClass,5
C:\halo-main\application\src\main\java\run\halo\app\plugin\SpringExtensionFactory.java,run.halo.app.plugin.SpringExtensionFactory,create/1[java.lang.Class<T>],contextOptional,2
C:\halo-main\application\src\main\java\run\halo\app\plugin\SpringExtensionFactory.java,run.halo.app.plugin.SpringExtensionFactory,create/1[java.lang.Class<T>],pluginApplicationContext,1
C:\halo-main\application\src\main\java\run\halo\app\plugin\SpringExtensionFactory.java,run.halo.app.plugin.SpringExtensionFactory,createWithoutSpring/1[java.lang.Class<T>],extensionClass,3
C:\halo-main\application\src\main\java\run\halo\app\plugin\SpringExtensionFactory.java,run.halo.app.plugin.SpringExtensionFactory,createWithoutSpring/1[java.lang.Class<T>],ex,4
C:\halo-main\application\src\main\java\run\halo\app\plugin\SpringExtensionFactory.java,run.halo.app.plugin.SpringExtensionFactory,createWithoutSpring/1[java.lang.Class<T>],constructor,4
C:\halo-main\application\src\main\java\run\halo\app\infra\ExtensionResourceInitializer.java,run.halo.app.infra.ExtensionResourceInitializer,"ExtensionResourceInitializer/3[run.halo.app.infra.properties.HaloProperties,run.halo.app.infra.ReactiveExtensionClient,run.halo.app.infra.ApplicationEventPublisher]",extensionClient,2
C:\halo-main\application\src\main\java\run\halo\app\infra\ExtensionResourceInitializer.java,run.halo.app.infra.ExtensionResourceInitializer,"ExtensionResourceInitializer/3[run.halo.app.infra.properties.HaloProperties,run.halo.app.infra.ReactiveExtensionClient,run.halo.app.infra.ApplicationEventPublisher]",haloProperties,2
C:\halo-main\application\src\main\java\run\halo\app\infra\ExtensionResourceInitializer.java,run.halo.app.infra.ExtensionResourceInitializer,"ExtensionResourceInitializer/3[run.halo.app.infra.properties.HaloProperties,run.halo.app.infra.ReactiveExtensionClient,run.halo.app.infra.ApplicationEventPublisher]",eventPublisher,2
C:\halo-main\application\src\main\java\run\halo\app\infra\ExtensionResourceInitializer.java,run.halo.app.infra.ExtensionResourceInitializer,listResources/1[java.lang.String],resolver,1
C:\halo-main\application\src\main\java\run\halo\app\infra\ExtensionResourceInitializer.java,run.halo.app.infra.ExtensionResourceInitializer,listResources/1[java.lang.String],location,2
C:\halo-main\application\src\main\java\run\halo\app\infra\ExtensionResourceInitializer.java,run.halo.app.infra.ExtensionResourceInitializer,listResources/1[java.lang.String],ie,1
C:\halo-main\application\src\main\java\run\halo\app\infra\ExtensionResourceInitializer.java,run.halo.app.infra.ExtensionResourceInitializer,initialize/1[run.halo.app.infra.SchemeInitializedEvent],extensions,1
C:\halo-main\application\src\main\java\run\halo\app\infra\ExtensionResourceInitializer.java,run.halo.app.infra.ExtensionResourceInitializer,initialize/1[run.halo.app.infra.SchemeInitializedEvent],extension,5
C:\halo-main\application\src\main\java\run\halo\app\infra\ExtensionResourceInitializer.java,run.halo.app.infra.ExtensionResourceInitializer,initialize/1[run.halo.app.infra.SchemeInitializedEvent],resource,3
C:\halo-main\application\src\main\java\run\halo\app\infra\ExtensionResourceInitializer.java,run.halo.app.infra.ExtensionResourceInitializer,initialize/1[run.halo.app.infra.SchemeInitializedEvent],initializedEvent,0
C:\halo-main\application\src\main\java\run\halo\app\infra\ExtensionResourceInitializer.java,run.halo.app.infra.ExtensionResourceInitializer,initialize/1[run.halo.app.infra.SchemeInitializedEvent],resources,1
C:\halo-main\application\src\main\java\run\halo\app\infra\ExtensionResourceInitializer.java,run.halo.app.infra.ExtensionResourceInitializer,initialize/1[run.halo.app.infra.SchemeInitializedEvent],locations,4
C:\halo-main\application\src\main\java\run\halo\app\infra\ExtensionResourceInitializer.java,run.halo.app.infra.ExtensionResourceInitializer,initialize/1[run.halo.app.infra.SchemeInitializedEvent],location,1
C:\halo-main\application\src\main\java\run\halo\app\infra\ExtensionResourceInitializer.java,run.halo.app.infra.ExtensionResourceInitializer,createOrUpdate/1[run.halo.app.infra.Unstructured],ext,0
C:\halo-main\application\src\main\java\run\halo\app\infra\ExtensionResourceInitializer.java,run.halo.app.infra.ExtensionResourceInitializer,createOrUpdate/1[run.halo.app.infra.Unstructured],extension,6
C:\halo-main\application\src\main\java\run\halo\app\infra\ExtensionResourceInitializer.java,run.halo.app.infra.ExtensionResourceInitializer,createOrUpdate/1[run.halo.app.infra.Unstructured],existingExt,1
C:\halo-main\application\src\main\java\run\halo\app\security\CsrfConfigurer.java,run.halo.app.security.CsrfConfigurer,configure/1[run.halo.app.security.ServerHttpSecurity],http,1
C:\halo-main\application\src\main\java\run\halo\app\security\CsrfConfigurer.java,run.halo.app.security.CsrfConfigurer,configure/1[run.halo.app.security.ServerHttpSecurity],csrfMatcher,1
C:\halo-main\application\src\test\java\run\halo\app\core\extension\service\UserServiceImplTest.java,run.halo.app.core.extension.service.UserServiceImplTest$GrantRolesTest,shouldDeleteRoleBindingIfNotProvided/0,notProvidedRoleBinding,2
C:\halo-main\application\src\test\java\run\halo\app\core\extension\service\UserServiceImplTest.java,run.halo.app.core.extension.service.UserServiceImplTest$GrantRolesTest,shouldDeleteRoleBindingIfNotProvided/0,existingRoleBinding,1
C:\halo-main\application\src\test\java\run\halo\app\core\extension\service\UserServiceImplTest.java,run.halo.app.core.extension.service.UserServiceImplTest$GrantRolesTest,shouldGetNotFoundIfUserNotFound/0,grantRolesMono,1
C:\halo-main\application\src\test\java\run\halo\app\core\extension\service\UserServiceImplTest.java,run.halo.app.core.extension.service.UserServiceImplTest$GrantRolesTest,shouldUpdateRoleBindingIfExists/0,anotherSubject,4
C:\halo-main\application\src\test\java\run\halo\app\core\extension\service\UserServiceImplTest.java,run.halo.app.core.extension.service.UserServiceImplTest$GrantRolesTest,shouldUpdateRoleBindingIfExists/0,notProvidedRoleBinding,3
C:\halo-main\application\src\test\java\run\halo\app\core\extension\service\UserServiceImplTest.java,run.halo.app.core.extension.service.UserServiceImplTest$GrantRolesTest,shouldUpdateRoleBindingIfExists/0,existingRoleBinding,1
C:\halo-main\application\src\test\java\run\halo\app\core\extension\service\UserServiceImplTest.java,run.halo.app.core.extension.service.UserServiceImplTest$GrantRolesTest,shouldCreateRoleBindingIfNotExist/0,grantRolesMono,1
C:\halo-main\application\src\test\java\run\halo\app\security\authentication\jwt\LoginTest.java,run.halo.app.security.authentication.jwt.LoginTest,loginWithoutApplicationJsonAcceptHeader/0,request,3
C:\halo-main\application\src\test\java\run\halo\app\security\authentication\jwt\LoginTest.java,run.halo.app.security.authentication.jwt.LoginTest,"loginWithValidCredential/2[run.halo.app.security.authentication.jwt.ReactiveJwtDecoder,run.halo.app.security.authentication.jwt.PasswordEncoder]",passwordEncoder,2
C:\halo-main\application\src\test\java\run\halo\app\security\authentication\jwt\LoginTest.java,run.halo.app.security.authentication.jwt.LoginTest,"loginWithValidCredential/2[run.halo.app.security.authentication.jwt.ReactiveJwtDecoder,run.halo.app.security.authentication.jwt.PasswordEncoder]",request,3
C:\halo-main\application\src\test\java\run\halo\app\security\authentication\jwt\LoginTest.java,run.halo.app.security.authentication.jwt.LoginTest,"loginWithValidCredential/2[run.halo.app.security.authentication.jwt.ReactiveJwtDecoder,run.halo.app.security.authentication.jwt.PasswordEncoder]",jwtDecoder,1
C:\halo-main\application\src\test\java\run\halo\app\security\authentication\jwt\LoginTest.java,run.halo.app.security.authentication.jwt.LoginTest,"loginWithValidCredential/2[run.halo.app.security.authentication.jwt.ReactiveJwtDecoder,run.halo.app.security.authentication.jwt.PasswordEncoder]",jwt,2
C:\halo-main\application\src\test\java\run\halo\app\security\authentication\jwt\LoginTest.java,run.halo.app.security.authentication.jwt.LoginTest,"loginWithValidCredential/2[run.halo.app.security.authentication.jwt.ReactiveJwtDecoder,run.halo.app.security.authentication.jwt.PasswordEncoder]",token,1
C:\halo-main\application\src\test\java\run\halo\app\security\authentication\jwt\LoginTest.java,run.halo.app.security.authentication.jwt.LoginTest,setUp/1[run.halo.app.security.authentication.jwt.PasswordEncoder],passwordEncoder,2
C:\halo-main\application\src\test\java\run\halo\app\security\authentication\jwt\LoginTest.java,run.halo.app.security.authentication.jwt.LoginTest,loginWithInvalidCredential/0,request,3
C:\halo-main\application\src\main\java\run\halo\app\content\PostService.java,run.halo.app.content.PostService,getReleaseContent/1[java.lang.String],postName,0
C:\halo-main\application\src\main\java\run\halo\app\content\PostService.java,run.halo.app.content.PostService,"getContent/2[java.lang.String,java.lang.String]",snapshotName,0
C:\halo-main\application\src\main\java\run\halo\app\content\PostService.java,run.halo.app.content.PostService,"getContent/2[java.lang.String,java.lang.String]",baseSnapshotName,0
C:\halo-main\application\src\main\java\run\halo\app\content\PostService.java,run.halo.app.content.PostService,draftPost/1[run.halo.app.content.PostRequest],postRequest,0
C:\halo-main\application\src\main\java\run\halo\app\content\PostService.java,run.halo.app.content.PostService,getHeadContent/1[java.lang.String],postName,0
C:\halo-main\application\src\main\java\run\halo\app\content\PostService.java,run.halo.app.content.PostService,listPost/1[run.halo.app.content.PostQuery],query,0
C:\halo-main\application\src\main\java\run\halo\app\content\PostService.java,run.halo.app.content.PostService,updatePost/1[run.halo.app.content.PostRequest],postRequest,0
C:\halo-main\application\src\test\java\run\halo\app\theme\finders\FinderRegistryTest.java,run.halo.app.theme.finders.FinderRegistryTest,removeFinder/0,s,2
C:\halo-main\application\src\test\java\run\halo\app\theme\finders\FinderRegistryTest.java,run.halo.app.theme.finders.FinderRegistryTest,removeFinder/0,test,3
C:\halo-main\application\src\test\java\run\halo\app\theme\finders\FinderRegistryTest.java,run.halo.app.theme.finders.FinderRegistryTest,registerFinder/0,s,1
C:\halo-main\application\src\test\java\run\halo\app\theme\finders\FinderRegistryTest.java,run.halo.app.theme.finders.FinderRegistryTest,getFinders/0,finders,1
C:\halo-main\application\src\test\java\run\halo\app\theme\finders\FinderRegistryTest.java,run.halo.app.theme.finders.FinderRegistryTest,onPluginStopped/0,pluginWrapper,2
C:\halo-main\application\src\test\java\run\halo\app\theme\finders\FinderRegistryTest.java,run.halo.app.theme.finders.FinderRegistryTest,onPluginStopped/0,event,2
C:\halo-main\application\src\main\java\run\halo\app\metrics\VotedEventReconciler.java,run.halo.app.metrics.VotedEventReconciler$VotedEventListener,onVoted/1[run.halo.app.event.post.VotedEvent],gpn,2
C:\halo-main\application\src\main\java\run\halo\app\metrics\VotedEventReconciler.java,run.halo.app.metrics.VotedEventReconciler$VotedEventListener,onVoted/1[run.halo.app.event.post.VotedEvent],event,4
C:\halo-main\application\src\main\java\run\halo\app\metrics\VotedEventReconciler.java,run.halo.app.metrics.VotedEventReconciler$VotedEventListener,checkSubject/1[run.halo.app.metrics.GroupPluralName],scheme,4
C:\halo-main\application\src\main\java\run\halo\app\metrics\VotedEventReconciler.java,run.halo.app.metrics.VotedEventReconciler$VotedEventListener,checkSubject/1[run.halo.app.metrics.GroupPluralName],groupPluralName,3
C:\halo-main\application\src\main\java\run\halo\app\metrics\VotedEventReconciler.java,run.halo.app.metrics.VotedEventReconciler$VotedEventListener,checkSubject/1[run.halo.app.metrics.GroupPluralName],schemeOptional,1
C:\halo-main\application\src\main\java\run\halo\app\metrics\VotedEventReconciler.java,run.halo.app.metrics.VotedEventReconciler$VotedEventListener,checkSubject/1[run.halo.app.metrics.GroupPluralName],gvk,1
C:\halo-main\application\src\main\java\run\halo\app\metrics\VotedEventReconciler.java,run.halo.app.metrics.VotedEventReconciler$VotedEventListener,"GroupPluralName/3[java.lang.String,java.lang.String,java.lang.String]",plural,0
C:\halo-main\application\src\main\java\run\halo\app\metrics\VotedEventReconciler.java,run.halo.app.metrics.VotedEventReconciler$VotedEventListener,"GroupPluralName/3[java.lang.String,java.lang.String,java.lang.String]",name,0
C:\halo-main\application\src\main\java\run\halo\app\metrics\VotedEventReconciler.java,run.halo.app.metrics.VotedEventReconciler$VotedEventListener,"GroupPluralName/3[java.lang.String,java.lang.String,java.lang.String]",group,0
C:\halo-main\application\src\main\java\run\halo\app\infra\exception\handlers\ProblemDetailErrorAttributes.java,run.halo.app.infra.exception.handlers.ProblemDetailErrorAttributes,getError/1[run.halo.app.infra.exception.handlers.ServerRequest],request,2
C:\halo-main\application\src\main\java\run\halo\app\infra\exception\handlers\ProblemDetailErrorAttributes.java,run.halo.app.infra.exception.handlers.ProblemDetailErrorAttributes,getError/1[run.halo.app.infra.exception.handlers.ServerRequest],error,1
C:\halo-main\application\src\main\java\run\halo\app\infra\exception\handlers\ProblemDetailErrorAttributes.java,run.halo.app.infra.exception.handlers.ProblemDetailErrorAttributes,"determineHttpStatus/2[java.lang.Throwable,run.halo.app.infra.exception.handlers.MergedAnnotation<run.halo.app.infra.exception.handlers.ResponseStatus>]",responseStatusAnno,1
C:\halo-main\application\src\main\java\run\halo\app\infra\exception\handlers\ProblemDetailErrorAttributes.java,run.halo.app.infra.exception.handlers.ProblemDetailErrorAttributes,"determineHttpStatus/2[java.lang.Throwable,run.halo.app.infra.exception.handlers.MergedAnnotation<run.halo.app.infra.exception.handlers.ResponseStatus>]",t,1
C:\halo-main\application\src\main\java\run\halo\app\infra\exception\handlers\ProblemDetailErrorAttributes.java,run.halo.app.infra.exception.handlers.ProblemDetailErrorAttributes,"getErrorAttributes/2[run.halo.app.infra.exception.handlers.ServerRequest,run.halo.app.infra.exception.handlers.ErrorAttributeOptions]",responseStatusAnno,2
C:\halo-main\application\src\main\java\run\halo\app\infra\exception\handlers\ProblemDetailErrorAttributes.java,run.halo.app.infra.exception.handlers.ProblemDetailErrorAttributes,"getErrorAttributes/2[run.halo.app.infra.exception.handlers.ServerRequest,run.halo.app.infra.exception.handlers.ErrorAttributeOptions]",request,4
C:\halo-main\application\src\main\java\run\halo\app\infra\exception\handlers\ProblemDetailErrorAttributes.java,run.halo.app.infra.exception.handlers.ProblemDetailErrorAttributes,"getErrorAttributes/2[run.halo.app.infra.exception.handlers.ServerRequest,run.halo.app.infra.exception.handlers.ErrorAttributeOptions]",reason,1
C:\halo-main\application\src\main\java\run\halo\app\infra\exception\handlers\ProblemDetailErrorAttributes.java,run.halo.app.infra.exception.handlers.ProblemDetailErrorAttributes,"getErrorAttributes/2[run.halo.app.infra.exception.handlers.ServerRequest,run.halo.app.infra.exception.handlers.ErrorAttributeOptions]",problemDetail,4
C:\halo-main\application\src\main\java\run\halo\app\infra\exception\handlers\ProblemDetailErrorAttributes.java,run.halo.app.infra.exception.handlers.ProblemDetailErrorAttributes,"getErrorAttributes/2[run.halo.app.infra.exception.handlers.ServerRequest,run.halo.app.infra.exception.handlers.ErrorAttributeOptions]",options,0
C:\halo-main\application\src\main\java\run\halo\app\infra\exception\handlers\ProblemDetailErrorAttributes.java,run.halo.app.infra.exception.handlers.ProblemDetailErrorAttributes,"getErrorAttributes/2[run.halo.app.infra.exception.handlers.ServerRequest,run.halo.app.infra.exception.handlers.ErrorAttributeOptions]",errAttributes,2
C:\halo-main\application\src\main\java\run\halo\app\infra\exception\handlers\ProblemDetailErrorAttributes.java,run.halo.app.infra.exception.handlers.ProblemDetailErrorAttributes,"getErrorAttributes/2[run.halo.app.infra.exception.handlers.ServerRequest,run.halo.app.infra.exception.handlers.ErrorAttributeOptions]",error,5
C:\halo-main\application\src\main\java\run\halo\app\infra\exception\handlers\ProblemDetailErrorAttributes.java,run.halo.app.infra.exception.handlers.ProblemDetailErrorAttributes,"getErrorAttributes/2[run.halo.app.infra.exception.handlers.ServerRequest,run.halo.app.infra.exception.handlers.ErrorAttributeOptions]",errorResponse,3
C:\halo-main\application\src\main\java\run\halo\app\infra\exception\handlers\ProblemDetailErrorAttributes.java,run.halo.app.infra.exception.handlers.ProblemDetailErrorAttributes,"getErrorAttributes/2[run.halo.app.infra.exception.handlers.ServerRequest,run.halo.app.infra.exception.handlers.ErrorAttributeOptions]",status,1
C:\halo-main\application\src\main\java\run\halo\app\infra\exception\handlers\ProblemDetailErrorAttributes.java,run.halo.app.infra.exception.handlers.ProblemDetailErrorAttributes,"storeErrorInformation/2[java.lang.Throwable,run.halo.app.infra.exception.handlers.ServerWebExchange]",exchange,1
C:\halo-main\application\src\main\java\run\halo\app\infra\exception\handlers\ProblemDetailErrorAttributes.java,run.halo.app.infra.exception.handlers.ProblemDetailErrorAttributes,"storeErrorInformation/2[java.lang.Throwable,run.halo.app.infra.exception.handlers.ServerWebExchange]",error,1
C:\halo-main\application\src\main\java\run\halo\app\infra\exception\handlers\ProblemDetailErrorAttributes.java,run.halo.app.infra.exception.handlers.ProblemDetailErrorAttributes,ProblemDetailErrorAttributes/1[run.halo.app.infra.exception.handlers.MessageSource],messageSource,2
C:\halo-main\application\src\main\java\run\halo\app\infra\exception\handlers\ProblemDetailErrorAttributes.java,run.halo.app.infra.exception.handlers.ProblemDetailErrorAttributes,getLocale/1[run.halo.app.infra.exception.handlers.ServerWebExchange],exchange,1
C:\halo-main\application\src\main\java\run\halo\app\infra\exception\handlers\ProblemDetailErrorAttributes.java,run.halo.app.infra.exception.handlers.ProblemDetailErrorAttributes,getLocale/1[run.halo.app.infra.exception.handlers.ServerWebExchange],locale,2
C:\halo-main\application\src\main\java\run\halo\app\core\extension\endpoint\AuthProviderEndpoint.java,run.halo.app.core.extension.endpoint.AuthProviderEndpoint,disableAuthProvider/1[run.halo.app.core.extension.endpoint.ServerRequest],request,1
C:\halo-main\application\src\main\java\run\halo\app\core\extension\endpoint\AuthProviderEndpoint.java,run.halo.app.core.extension.endpoint.AuthProviderEndpoint,disableAuthProvider/1[run.halo.app.core.extension.endpoint.ServerRequest],authProvider,1
C:\halo-main\application\src\main\java\run\halo\app\core\extension\endpoint\AuthProviderEndpoint.java,run.halo.app.core.extension.endpoint.AuthProviderEndpoint,disableAuthProvider/1[run.halo.app.core.extension.endpoint.ServerRequest],name,1
C:\halo-main\application\src\main\java\run\halo\app\core\extension\endpoint\AuthProviderEndpoint.java,run.halo.app.core.extension.endpoint.AuthProviderEndpoint,listAuthProviders/1[run.halo.app.core.extension.endpoint.ServerRequest],request,0
C:\halo-main\application\src\main\java\run\halo\app\core\extension\endpoint\AuthProviderEndpoint.java,run.halo.app.core.extension.endpoint.AuthProviderEndpoint,listAuthProviders/1[run.halo.app.core.extension.endpoint.ServerRequest],providers,1
C:\halo-main\application\src\main\java\run\halo\app\core\extension\endpoint\AuthProviderEndpoint.java,run.halo.app.core.extension.endpoint.AuthProviderEndpoint,endpoint/0,builder,5
C:\halo-main\application\src\main\java\run\halo\app\core\extension\endpoint\AuthProviderEndpoint.java,run.halo.app.core.extension.endpoint.AuthProviderEndpoint,endpoint/0,tag,6
C:\halo-main\application\src\main\java\run\halo\app\core\extension\endpoint\AuthProviderEndpoint.java,run.halo.app.core.extension.endpoint.AuthProviderEndpoint,enableAuthProvider/1[run.halo.app.core.extension.endpoint.ServerRequest],request,1
C:\halo-main\application\src\main\java\run\halo\app\core\extension\endpoint\AuthProviderEndpoint.java,run.halo.app.core.extension.endpoint.AuthProviderEndpoint,enableAuthProvider/1[run.halo.app.core.extension.endpoint.ServerRequest],authProvider,1
C:\halo-main\application\src\main\java\run\halo\app\core\extension\endpoint\AuthProviderEndpoint.java,run.halo.app.core.extension.endpoint.AuthProviderEndpoint,enableAuthProvider/1[run.halo.app.core.extension.endpoint.ServerRequest],name,1
C:\halo-main\application\src\main\java\run\halo\app\content\DefaultIndexer.java,run.halo.app.content.DefaultIndexer,getIndices/1[java.lang.String],indexName,1
C:\halo-main\application\src\main\java\run\halo\app\content\DefaultIndexer.java,run.halo.app.content.DefaultIndexer,getIndexFunc/1[java.lang.String],indexName,2
C:\halo-main\application\src\main\java\run\halo\app\content\DefaultIndexer.java,run.halo.app.content.DefaultIndexer,getIndexFunc/1[java.lang.String],indexFunc,2
C:\halo-main\application\src\main\java\run\halo\app\content\DefaultIndexer.java,run.halo.app.content.DefaultIndexer,getObjectKey/1[T],obj,4
C:\halo-main\application\src\main\java\run\halo\app\content\DefaultIndexer.java,run.halo.app.content.DefaultIndexer,"addIndexFunc/2[java.lang.String,run.halo.app.content.Indexer.IndexFunc<T>]",indexName,3
C:\halo-main\application\src\main\java\run\halo\app\content\DefaultIndexer.java,run.halo.app.content.DefaultIndexer,"addIndexFunc/2[java.lang.String,run.halo.app.content.Indexer.IndexFunc<T>]",indexFunc,1
C:\halo-main\application\src\main\java\run\halo\app\content\DefaultIndexer.java,run.halo.app.content.DefaultIndexer,"add/2[java.lang.String,T]",indexName,3
C:\halo-main\application\src\main\java\run\halo\app\content\DefaultIndexer.java,run.halo.app.content.DefaultIndexer,"add/2[java.lang.String,T]",obj,3
C:\halo-main\application\src\main\java\run\halo\app\content\DefaultIndexer.java,run.halo.app.content.DefaultIndexer,"add/2[java.lang.String,T]",indexKey,2
C:\halo-main\application\src\main\java\run\halo\app\content\DefaultIndexer.java,run.halo.app.content.DefaultIndexer,"add/2[java.lang.String,T]",index,1
C:\halo-main\application\src\main\java\run\halo\app\content\DefaultIndexer.java,run.halo.app.content.DefaultIndexer,"add/2[java.lang.String,T]",indexKeys,1
C:\halo-main\application\src\main\java\run\halo\app\content\DefaultIndexer.java,run.halo.app.content.DefaultIndexer,"add/2[java.lang.String,T]",indexFunc,1
C:\halo-main\application\src\main\java\run\halo\app\content\DefaultIndexer.java,run.halo.app.content.DefaultIndexer,"add/2[java.lang.String,T]",indexValue,1
C:\halo-main\application\src\main\java\run\halo\app\content\DefaultIndexer.java,run.halo.app.content.DefaultIndexer,"getByIndex/2[java.lang.String,java.lang.String]",indexName,1
C:\halo-main\application\src\main\java\run\halo\app\content\DefaultIndexer.java,run.halo.app.content.DefaultIndexer,"getByIndex/2[java.lang.String,java.lang.String]",indexKey,1
C:\halo-main\application\src\main\java\run\halo\app\content\DefaultIndexer.java,run.halo.app.content.DefaultIndexer,"getByIndex/2[java.lang.String,java.lang.String]",index,2
C:\halo-main\application\src\main\java\run\halo\app\content\DefaultIndexer.java,run.halo.app.content.DefaultIndexer,"update/2[java.lang.String,T]",oldIndexKeys,2
C:\halo-main\application\src\main\java\run\halo\app\content\DefaultIndexer.java,run.halo.app.content.DefaultIndexer,"update/2[java.lang.String,T]",indexName,4
C:\halo-main\application\src\main\java\run\halo\app\content\DefaultIndexer.java,run.halo.app.content.DefaultIndexer,"update/2[java.lang.String,T]",obj,7
C:\halo-main\application\src\main\java\run\halo\app\content\DefaultIndexer.java,run.halo.app.content.DefaultIndexer,"update/2[java.lang.String,T]",index,3
C:\halo-main\application\src\main\java\run\halo\app\content\DefaultIndexer.java,run.halo.app.content.DefaultIndexer,"update/2[java.lang.String,T]",indexKey,2
C:\halo-main\application\src\main\java\run\halo\app\content\DefaultIndexer.java,run.halo.app.content.DefaultIndexer,"update/2[java.lang.String,T]",oldIndexKey,2
C:\halo-main\application\src\main\java\run\halo\app\content\DefaultIndexer.java,run.halo.app.content.DefaultIndexer,"update/2[java.lang.String,T]",indexKeys,1
C:\halo-main\application\src\main\java\run\halo\app\content\DefaultIndexer.java,run.halo.app.content.DefaultIndexer,"update/2[java.lang.String,T]",indexFunc,1
C:\halo-main\application\src\main\java\run\halo\app\content\DefaultIndexer.java,run.halo.app.content.DefaultIndexer,"update/2[java.lang.String,T]",indexValue,4
C:\halo-main\application\src\main\java\run\halo\app\content\DefaultIndexer.java,run.halo.app.content.DefaultIndexer,"delete/2[java.lang.String,T]",indexName,3
C:\halo-main\application\src\main\java\run\halo\app\content\DefaultIndexer.java,run.halo.app.content.DefaultIndexer,"delete/2[java.lang.String,T]",obj,2
C:\halo-main\application\src\main\java\run\halo\app\content\DefaultIndexer.java,run.halo.app.content.DefaultIndexer,"delete/2[java.lang.String,T]",objectKey,2
C:\halo-main\application\src\main\java\run\halo\app\content\DefaultIndexer.java,run.halo.app.content.DefaultIndexer,"delete/2[java.lang.String,T]",indexKey,2
C:\halo-main\application\src\main\java\run\halo\app\content\DefaultIndexer.java,run.halo.app.content.DefaultIndexer,"delete/2[java.lang.String,T]",index,1
C:\halo-main\application\src\main\java\run\halo\app\content\DefaultIndexer.java,run.halo.app.content.DefaultIndexer,"delete/2[java.lang.String,T]",indexKeys,1
C:\halo-main\application\src\main\java\run\halo\app\content\DefaultIndexer.java,run.halo.app.content.DefaultIndexer,"delete/2[java.lang.String,T]",indexFunc,1
C:\halo-main\application\src\main\java\run\halo\app\content\DefaultIndexer.java,run.halo.app.content.DefaultIndexer,"delete/2[java.lang.String,T]",indexValue,1
C:\halo-main\application\src\main\java\run\halo\app\core\extension\service\DefaultRoleService.java,run.halo.app.core.extension.service.DefaultRoleService,getMonoRole/1[java.lang.String],name,1
C:\halo-main\application\src\main\java\run\halo\app\core\extension\service\DefaultRoleService.java,run.halo.app.core.extension.service.DefaultRoleService,"matchSubject/2[run.halo.app.core.extension.service.Subject,run.halo.app.core.extension.service.Subject]",targetSubject,4
C:\halo-main\application\src\main\java\run\halo\app\core\extension\service\DefaultRoleService.java,run.halo.app.core.extension.service.DefaultRoleService,"matchSubject/2[run.halo.app.core.extension.service.Subject,run.halo.app.core.extension.service.Subject]",subject,4
C:\halo-main\application\src\main\java\run\halo\app\core\extension\service\DefaultRoleService.java,run.halo.app.core.extension.service.DefaultRoleService,list/1[java.util.Set<java.lang.String>],roleName,1
C:\halo-main\application\src\main\java\run\halo\app\core\extension\service\DefaultRoleService.java,run.halo.app.core.extension.service.DefaultRoleService,list/1[java.util.Set<java.lang.String>],roleNames,1
C:\halo-main\application\src\main\java\run\halo\app\core\extension\service\DefaultRoleService.java,run.halo.app.core.extension.service.DefaultRoleService,listRoleRefs/1[run.halo.app.core.extension.service.Subject],subject,1
C:\halo-main\application\src\main\java\run\halo\app\core\extension\service\DefaultRoleService.java,run.halo.app.core.extension.service.DefaultRoleService,listRoleRefs/1[run.halo.app.core.extension.service.Subject],binding,1
C:\halo-main\application\src\main\java\run\halo\app\core\extension\service\DefaultRoleService.java,run.halo.app.core.extension.service.DefaultRoleService,listAggregatedRoles/1[java.lang.String],item,1
C:\halo-main\application\src\main\java\run\halo\app\core\extension\service\DefaultRoleService.java,run.halo.app.core.extension.service.DefaultRoleService,listAggregatedRoles/1[java.lang.String],role,1
C:\halo-main\application\src\main\java\run\halo\app\core\extension\service\DefaultRoleService.java,run.halo.app.core.extension.service.DefaultRoleService,listAggregatedRoles/1[java.lang.String],roleName,1
C:\halo-main\application\src\main\java\run\halo\app\core\extension\service\DefaultRoleService.java,run.halo.app.core.extension.service.DefaultRoleService,getRoleBindingPredicate/1[run.halo.app.core.extension.service.Subject],roleBinding,1
C:\halo-main\application\src\main\java\run\halo\app\core\extension\service\DefaultRoleService.java,run.halo.app.core.extension.service.DefaultRoleService,getRoleBindingPredicate/1[run.halo.app.core.extension.service.Subject],targetSubject,1
C:\halo-main\application\src\main\java\run\halo\app\core\extension\service\DefaultRoleService.java,run.halo.app.core.extension.service.DefaultRoleService,getRoleBindingPredicate/1[run.halo.app.core.extension.service.Subject],subject,1
C:\halo-main\application\src\main\java\run\halo\app\core\extension\service\DefaultRoleService.java,run.halo.app.core.extension.service.DefaultRoleService,getRoleBindingPredicate/1[run.halo.app.core.extension.service.Subject],subjects,1
C:\halo-main\application\src\main\java\run\halo\app\core\extension\service\DefaultRoleService.java,run.halo.app.core.extension.service.DefaultRoleService,listDependenciesFlux/1[java.util.Set<java.lang.String>],names,2
C:\halo-main\application\src\main\java\run\halo\app\core\extension\service\DefaultRoleService.java,run.halo.app.core.extension.service.DefaultRoleService,listDependenciesFlux/1[java.util.Set<java.lang.String>],role,5
C:\halo-main\application\src\main\java\run\halo\app\core\extension\service\DefaultRoleService.java,run.halo.app.core.extension.service.DefaultRoleService,listDependenciesFlux/1[java.util.Set<java.lang.String>],dependenciesJson,1
C:\halo-main\application\src\main\java\run\halo\app\core\extension\service\DefaultRoleService.java,run.halo.app.core.extension.service.DefaultRoleService,listDependenciesFlux/1[java.util.Set<java.lang.String>],dependency,1
C:\halo-main\application\src\main\java\run\halo\app\core\extension\service\DefaultRoleService.java,run.halo.app.core.extension.service.DefaultRoleService,listDependenciesFlux/1[java.util.Set<java.lang.String>],dependencyName,1
C:\halo-main\application\src\main\java\run\halo\app\core\extension\service\DefaultRoleService.java,run.halo.app.core.extension.service.DefaultRoleService,listDependenciesFlux/1[java.util.Set<java.lang.String>],visited,3
C:\halo-main\application\src\main\java\run\halo\app\core\extension\service\DefaultRoleService.java,run.halo.app.core.extension.service.DefaultRoleService,listDependenciesFlux/1[java.util.Set<java.lang.String>],name,4
C:\halo-main\application\src\main\java\run\halo\app\core\extension\service\DefaultRoleService.java,run.halo.app.core.extension.service.DefaultRoleService,listDependenciesFlux/1[java.util.Set<java.lang.String>],annotations,1
C:\halo-main\application\src\main\java\run\halo\app\core\extension\service\DefaultRoleService.java,run.halo.app.core.extension.service.DefaultRoleService,listDependenciesFlux/1[java.util.Set<java.lang.String>],dependencies,1
C:\halo-main\application\src\main\java\run\halo\app\core\extension\service\DefaultRoleService.java,run.halo.app.core.extension.service.DefaultRoleService,DefaultRoleService/1[run.halo.app.core.extension.service.ReactiveExtensionClient],extensionClient,2
C:\halo-main\application\src\main\java\run\halo\app\core\extension\service\DefaultRoleService.java,run.halo.app.core.extension.service.DefaultRoleService,getRole/1[java.lang.String],name,1
C:\halo-main\application\src\main\java\run\halo\app\core\extension\service\DefaultRoleService.java,run.halo.app.core.extension.service.DefaultRoleService,listDependencies/1[java.util.Set<java.lang.String>],result,3
C:\halo-main\application\src\main\java\run\halo\app\core\extension\service\DefaultRoleService.java,run.halo.app.core.extension.service.DefaultRoleService,listDependencies/1[java.util.Set<java.lang.String>],names,2
C:\halo-main\application\src\main\java\run\halo\app\core\extension\service\DefaultRoleService.java,run.halo.app.core.extension.service.DefaultRoleService,listDependencies/1[java.util.Set<java.lang.String>],role,2
C:\halo-main\application\src\main\java\run\halo\app\core\extension\service\DefaultRoleService.java,run.halo.app.core.extension.service.DefaultRoleService,listDependencies/1[java.util.Set<java.lang.String>],roleNameDependencies,1
C:\halo-main\application\src\main\java\run\halo\app\core\extension\service\DefaultRoleService.java,run.halo.app.core.extension.service.DefaultRoleService,listDependencies/1[java.util.Set<java.lang.String>],roleDependencies,1
C:\halo-main\application\src\main\java\run\halo\app\core\extension\service\DefaultRoleService.java,run.halo.app.core.extension.service.DefaultRoleService,listDependencies/1[java.util.Set<java.lang.String>],visited,2
C:\halo-main\application\src\main\java\run\halo\app\core\extension\service\DefaultRoleService.java,run.halo.app.core.extension.service.DefaultRoleService,listDependencies/1[java.util.Set<java.lang.String>],roleName,4
C:\halo-main\application\src\main\java\run\halo\app\core\extension\service\DefaultRoleService.java,run.halo.app.core.extension.service.DefaultRoleService,listDependencies/1[java.util.Set<java.lang.String>],annotations,2
C:\halo-main\application\src\main\java\run\halo\app\core\extension\service\DefaultRoleService.java,run.halo.app.core.extension.service.DefaultRoleService,listDependencies/1[java.util.Set<java.lang.String>],queue,3
C:\halo-main\application\src\main\java\run\halo\app\core\extension\service\DefaultRoleService.java,run.halo.app.core.extension.service.DefaultRoleService,stringToList/1[java.lang.String],str,2
C:\halo-main\application\src\test\java\run\halo\app\core\extension\service\impl\PluginServiceImplTest.java,run.halo.app.core.extension.service.impl.PluginServiceImplTest$InstallOrUpdateTest,upgradeWhenPluginNameMismatch/0,plugin,1
C:\halo-main\application\src\test\java\run\halo\app\core\extension\service\impl\PluginServiceImplTest.java,run.halo.app.core.extension.service.impl.PluginServiceImplTest$InstallOrUpdateTest,installWhenPluginNotExist/0,createdPlugin,2
C:\halo-main\application\src\test\java\run\halo\app\core\extension\service\impl\PluginServiceImplTest.java,run.halo.app.core.extension.service.impl.PluginServiceImplTest$InstallOrUpdateTest,installWhenPluginNotExist/0,plugin,1
C:\halo-main\application\src\test\java\run\halo\app\core\extension\service\impl\PluginServiceImplTest.java,run.halo.app.core.extension.service.impl.PluginServiceImplTest$InstallOrUpdateTest,upgradeNormally/0,p,1
C:\halo-main\application\src\test\java\run\halo\app\core\extension\service\impl\PluginServiceImplTest.java,run.halo.app.core.extension.service.impl.PluginServiceImplTest$InstallOrUpdateTest,upgradeNormally/0,createdPlugin,2
C:\halo-main\application\src\test\java\run\halo\app\core\extension\service\impl\PluginServiceImplTest.java,run.halo.app.core.extension.service.impl.PluginServiceImplTest$InstallOrUpdateTest,upgradeNormally/0,plugin,1
C:\halo-main\application\src\test\java\run\halo\app\core\extension\service\impl\PluginServiceImplTest.java,run.halo.app.core.extension.service.impl.PluginServiceImplTest$InstallOrUpdateTest,upgradeNormally/0,prevPlugin,4
C:\halo-main\application\src\test\java\run\halo\app\core\extension\service\impl\PluginServiceImplTest.java,run.halo.app.core.extension.service.impl.PluginServiceImplTest$InstallOrUpdateTest,upgradeNormally/0,spec,2
C:\halo-main\application\src\test\java\run\halo\app\core\extension\service\impl\PluginServiceImplTest.java,run.halo.app.core.extension.service.impl.PluginServiceImplTest$InstallOrUpdateTest,installWhenPluginExists/0,existingPlugin,1
C:\halo-main\application\src\test\java\run\halo\app\core\extension\service\impl\PluginServiceImplTest.java,run.halo.app.core.extension.service.impl.PluginServiceImplTest$InstallOrUpdateTest,installWhenPluginExists/0,plugin,1
C:\halo-main\application\src\test\java\run\halo\app\core\extension\service\impl\PluginServiceImplTest.java,run.halo.app.core.extension.service.impl.PluginServiceImplTest$InstallOrUpdateTest,upgradeWhenWaitingTimeoutForPluginDeletion/0,plugin,1
C:\halo-main\application\src\test\java\run\halo\app\core\extension\service\impl\PluginServiceImplTest.java,run.halo.app.core.extension.service.impl.PluginServiceImplTest$InstallOrUpdateTest,upgradeWhenWaitingTimeoutForPluginDeletion/0,prevPlugin,2
C:\halo-main\application\src\test\java\run\halo\app\core\extension\service\impl\PluginServiceImplTest.java,run.halo.app.core.extension.service.impl.PluginServiceImplTest$InstallOrUpdateTest,upgradeWhenWaitingTimeoutForPluginDeletion/0,error,2
C:\halo-main\application\src\test\java\run\halo\app\core\extension\service\impl\PluginServiceImplTest.java,run.halo.app.core.extension.service.impl.PluginServiceImplTest$InstallOrUpdateTest,upgradeWhenPluginNotFound/0,plugin,1
C:\halo-main\application\src\test\java\run\halo\app\core\extension\service\impl\PluginServiceImplTest.java,run.halo.app.core.extension.service.impl.PluginServiceImplTest$InstallOrUpdateTest,setUp/0,fakePluingUri,1
C:\halo-main\application\src\main\java\run\halo\app\theme\dialect\DefaultFaviconHeadProcessor.java,run.halo.app.theme.dialect.DefaultFaviconHeadProcessor,"process/3[run.halo.app.theme.dialect.ITemplateContext,run.halo.app.theme.dialect.IModel,run.halo.app.theme.dialect.IElementModelStructureHandler]",structureHandler,0
C:\halo-main\application\src\main\java\run\halo\app\theme\dialect\DefaultFaviconHeadProcessor.java,run.halo.app.theme.dialect.DefaultFaviconHeadProcessor,"process/3[run.halo.app.theme.dialect.ITemplateContext,run.halo.app.theme.dialect.IModel,run.halo.app.theme.dialect.IElementModelStructureHandler]",context,1
C:\halo-main\application\src\main\java\run\halo\app\theme\dialect\DefaultFaviconHeadProcessor.java,run.halo.app.theme.dialect.DefaultFaviconHeadProcessor,"process/3[run.halo.app.theme.dialect.ITemplateContext,run.halo.app.theme.dialect.IModel,run.halo.app.theme.dialect.IElementModelStructureHandler]",model,2
C:\halo-main\application\src\main\java\run\halo\app\theme\dialect\DefaultFaviconHeadProcessor.java,run.halo.app.theme.dialect.DefaultFaviconHeadProcessor,"process/3[run.halo.app.theme.dialect.ITemplateContext,run.halo.app.theme.dialect.IModel,run.halo.app.theme.dialect.IElementModelStructureHandler]",basic,3
C:\halo-main\application\src\main\java\run\halo\app\theme\dialect\DefaultFaviconHeadProcessor.java,run.halo.app.theme.dialect.DefaultFaviconHeadProcessor,"process/3[run.halo.app.theme.dialect.ITemplateContext,run.halo.app.theme.dialect.IModel,run.halo.app.theme.dialect.IElementModelStructureHandler]",modelFactory,1
C:\halo-main\application\src\main\java\run\halo\app\theme\dialect\DefaultFaviconHeadProcessor.java,run.halo.app.theme.dialect.DefaultFaviconHeadProcessor,faviconSnippet/1[java.lang.String],favicon,1
C:\halo-main\application\src\main\java\run\halo\app\security\authorization\DefaultRuleResolver.java,run.halo.app.security.authorization.DefaultRuleResolver,rulesFor/1[run.halo.app.security.authorization.UserDetails],err,2
C:\halo-main\application\src\main\java\run\halo\app\security\authorization\DefaultRuleResolver.java,run.halo.app.security.authorization.DefaultRuleResolver,rulesFor/1[run.halo.app.security.authorization.UserDetails],rule,2
C:\halo-main\application\src\main\java\run\halo\app\security\authorization\DefaultRuleResolver.java,run.halo.app.security.authorization.DefaultRuleResolver,rulesFor/1[run.halo.app.security.authorization.UserDetails],policyRules,3
C:\halo-main\application\src\main\java\run\halo\app\security\authorization\DefaultRuleResolver.java,run.halo.app.security.authorization.DefaultRuleResolver,rulesFor/1[run.halo.app.security.authorization.UserDetails],source,0
C:\halo-main\application\src\main\java\run\halo\app\security\authorization\DefaultRuleResolver.java,run.halo.app.security.authorization.DefaultRuleResolver,rulesFor/1[run.halo.app.security.authorization.UserDetails],user,1
C:\halo-main\application\src\main\java\run\halo\app\security\authorization\DefaultRuleResolver.java,run.halo.app.security.authorization.DefaultRuleResolver,DefaultRuleResolver/1[run.halo.app.core.extension.service.RoleService],roleService,2
C:\halo-main\application\src\main\java\run\halo\app\security\authorization\DefaultRuleResolver.java,run.halo.app.security.authorization.DefaultRuleResolver,"roleBindingDescriber/2[java.lang.String,java.lang.String]",subject,1
C:\halo-main\application\src\main\java\run\halo\app\security\authorization\DefaultRuleResolver.java,run.halo.app.security.authorization.DefaultRuleResolver,"roleBindingDescriber/2[java.lang.String,java.lang.String]",roleName,1
C:\halo-main\application\src\main\java\run\halo\app\security\authorization\DefaultRuleResolver.java,run.halo.app.security.authorization.DefaultRuleResolver,setRoleBindingService/1[run.halo.app.core.extension.service.RoleBindingService],roleBindingService,3
C:\halo-main\application\src\main\java\run\halo\app\security\authorization\DefaultRuleResolver.java,run.halo.app.security.authorization.DefaultRuleResolver,"visitRules/2[run.halo.app.security.authorization.UserDetails,run.halo.app.security.authorization.RequestInfo]",item,0
C:\halo-main\application\src\main\java\run\halo\app\security\authorization\DefaultRuleResolver.java,run.halo.app.security.authorization.DefaultRuleResolver,"visitRules/2[run.halo.app.security.authorization.UserDetails,run.halo.app.security.authorization.RequestInfo]",role,4
C:\halo-main\application\src\main\java\run\halo\app\security\authorization\DefaultRuleResolver.java,run.halo.app.security.authorization.DefaultRuleResolver,"visitRules/2[run.halo.app.security.authorization.UserDetails,run.halo.app.security.authorization.RequestInfo]",rule,1
C:\halo-main\application\src\main\java\run\halo\app\security\authorization\DefaultRuleResolver.java,run.halo.app.security.authorization.DefaultRuleResolver,"visitRules/2[run.halo.app.security.authorization.UserDetails,run.halo.app.security.authorization.RequestInfo]",rules,1
C:\halo-main\application\src\main\java\run\halo\app\security\authorization\DefaultRuleResolver.java,run.halo.app.security.authorization.DefaultRuleResolver,"visitRules/2[run.halo.app.security.authorization.UserDetails,run.halo.app.security.authorization.RequestInfo]",source,1
C:\halo-main\application\src\main\java\run\halo\app\security\authorization\DefaultRuleResolver.java,run.halo.app.security.authorization.DefaultRuleResolver,"visitRules/2[run.halo.app.security.authorization.UserDetails,run.halo.app.security.authorization.RequestInfo]",t,3
C:\halo-main\application\src\main\java\run\halo\app\security\authorization\DefaultRuleResolver.java,run.halo.app.security.authorization.DefaultRuleResolver,"visitRules/2[run.halo.app.security.authorization.UserDetails,run.halo.app.security.authorization.RequestInfo]",record,1
C:\halo-main\application\src\main\java\run\halo\app\security\authorization\DefaultRuleResolver.java,run.halo.app.security.authorization.DefaultRuleResolver,"visitRules/2[run.halo.app.security.authorization.UserDetails,run.halo.app.security.authorization.RequestInfo]",roleName,1
C:\halo-main\application\src\main\java\run\halo\app\security\authorization\DefaultRuleResolver.java,run.halo.app.security.authorization.DefaultRuleResolver,"visitRules/2[run.halo.app.security.authorization.UserDetails,run.halo.app.security.authorization.RequestInfo]",requestInfo,1
C:\halo-main\application\src\main\java\run\halo\app\security\authorization\DefaultRuleResolver.java,run.halo.app.security.authorization.DefaultRuleResolver,"visitRules/2[run.halo.app.security.authorization.UserDetails,run.halo.app.security.authorization.RequestInfo]",visitor,3
C:\halo-main\application\src\main\java\run\halo\app\security\authorization\DefaultRuleResolver.java,run.halo.app.security.authorization.DefaultRuleResolver,"visitRules/2[run.halo.app.security.authorization.UserDetails,run.halo.app.security.authorization.RequestInfo]",stopVisiting,3
C:\halo-main\application\src\main\java\run\halo\app\security\authorization\DefaultRuleResolver.java,run.halo.app.security.authorization.DefaultRuleResolver,"visitRules/2[run.halo.app.security.authorization.UserDetails,run.halo.app.security.authorization.RequestInfo]",user,4
C:\halo-main\application\src\main\java\run\halo\app\security\authorization\DefaultRuleResolver.java,run.halo.app.security.authorization.DefaultRuleResolver,"visitRules/2[run.halo.app.security.authorization.UserDetails,run.halo.app.security.authorization.RequestInfo]",roleNames,3
C:\halo-main\application\src\main\java\run\halo\app\security\authorization\DefaultRuleResolver.java,run.halo.app.security.authorization.DefaultRuleResolver,"visitRules/2[run.halo.app.security.authorization.UserDetails,run.halo.app.security.authorization.RequestInfo]",roleNamesImmutable,1
C:\halo-main\application\src\main\java\run\halo\app\security\authorization\DefaultRuleResolver.java,run.halo.app.security.authorization.DefaultRuleResolver,fetchRules/1[run.halo.app.security.authorization.Role],metadata,3
C:\halo-main\application\src\main\java\run\halo\app\security\authorization\DefaultRuleResolver.java,run.halo.app.security.authorization.DefaultRuleResolver,fetchRules/1[run.halo.app.security.authorization.Role],role,3
C:\halo-main\application\src\main\java\run\halo\app\security\authorization\DefaultRuleResolver.java,run.halo.app.security.authorization.DefaultRuleResolver,fetchRules/1[run.halo.app.security.authorization.Role],roleDependencyRules,1
C:\halo-main\application\src\main\java\run\halo\app\security\authorization\DefaultRuleResolver.java,run.halo.app.security.authorization.DefaultRuleResolver,fetchRules/1[run.halo.app.security.authorization.Role],rules,2
C:\halo-main\application\src\main\java\run\halo\app\security\authorization\DefaultRuleResolver.java,run.halo.app.security.authorization.DefaultRuleResolver,convertFrom/1[java.lang.String],e,1
C:\halo-main\application\src\main\java\run\halo\app\security\authorization\DefaultRuleResolver.java,run.halo.app.security.authorization.DefaultRuleResolver,convertFrom/1[java.lang.String],json,2
C:\halo-main\application\src\main\java\run\halo\app\security\authorization\DefaultRuleResolver.java,run.halo.app.security.authorization.DefaultRuleResolver,"visitRulesFor/2[run.halo.app.security.authorization.UserDetails,run.halo.app.security.authorization.RuleAccumulator]",role,1
C:\halo-main\application\src\main\java\run\halo\app\security\authorization\DefaultRuleResolver.java,run.halo.app.security.authorization.DefaultRuleResolver,"visitRulesFor/2[run.halo.app.security.authorization.UserDetails,run.halo.app.security.authorization.RuleAccumulator]",e,1
C:\halo-main\application\src\main\java\run\halo\app\security\authorization\DefaultRuleResolver.java,run.halo.app.security.authorization.DefaultRuleResolver,"visitRulesFor/2[run.halo.app.security.authorization.UserDetails,run.halo.app.security.authorization.RuleAccumulator]",roleName,2
C:\halo-main\application\src\main\java\run\halo\app\security\authorization\DefaultRuleResolver.java,run.halo.app.security.authorization.DefaultRuleResolver,"visitRulesFor/2[run.halo.app.security.authorization.UserDetails,run.halo.app.security.authorization.RuleAccumulator]",rule,1
C:\halo-main\application\src\main\java\run\halo\app\security\authorization\DefaultRuleResolver.java,run.halo.app.security.authorization.DefaultRuleResolver,"visitRulesFor/2[run.halo.app.security.authorization.UserDetails,run.halo.app.security.authorization.RuleAccumulator]",rules,2
C:\halo-main\application\src\main\java\run\halo\app\security\authorization\DefaultRuleResolver.java,run.halo.app.security.authorization.DefaultRuleResolver,"visitRulesFor/2[run.halo.app.security.authorization.UserDetails,run.halo.app.security.authorization.RuleAccumulator]",source,1
C:\halo-main\application\src\main\java\run\halo\app\security\authorization\DefaultRuleResolver.java,run.halo.app.security.authorization.DefaultRuleResolver,"visitRulesFor/2[run.halo.app.security.authorization.UserDetails,run.halo.app.security.authorization.RuleAccumulator]",visitor,2
C:\halo-main\application\src\main\java\run\halo\app\security\authorization\DefaultRuleResolver.java,run.halo.app.security.authorization.DefaultRuleResolver,"visitRulesFor/2[run.halo.app.security.authorization.UserDetails,run.halo.app.security.authorization.RuleAccumulator]",user,3
C:\halo-main\application\src\main\java\run\halo\app\security\authorization\DefaultRuleResolver.java,run.halo.app.security.authorization.DefaultRuleResolver,"visitRulesFor/2[run.halo.app.security.authorization.UserDetails,run.halo.app.security.authorization.RuleAccumulator]",roleNames,3
C:\halo-main\application\src\main\java\run\halo\app\security\authorization\DefaultRuleResolver.java,run.halo.app.security.authorization.DefaultRuleResolver,"visitRulesFor/2[run.halo.app.security.authorization.UserDetails,run.halo.app.security.authorization.RuleAccumulator]",roleNamesImmutable,1
C:\halo-main\application\src\main\java\run\halo\app\security\authentication\WebExchangeMatchers.java,run.halo.app.security.authentication.WebExchangeMatchers,ignoringMediaTypeAll/1[run.halo.app.security.authentication.MediaType[]],matchingMediaTypes,1
C:\halo-main\application\src\main\java\run\halo\app\security\authentication\WebExchangeMatchers.java,run.halo.app.security.authentication.WebExchangeMatchers,ignoringMediaTypeAll/1[run.halo.app.security.authentication.MediaType[]],matcher,2
C:\halo-main\application\src\main\java\run\halo\app\theme\finders\impl\CategoryFinderImpl.java,run.halo.app.theme.finders.impl.CategoryFinderImpl,"list/2[java.lang.Integer,java.lang.Integer]",size,2
C:\halo-main\application\src\main\java\run\halo\app\theme\finders\impl\CategoryFinderImpl.java,run.halo.app.theme.finders.impl.CategoryFinderImpl,"list/2[java.lang.Integer,java.lang.Integer]",categoryVos,1
C:\halo-main\application\src\main\java\run\halo\app\theme\finders\impl\CategoryFinderImpl.java,run.halo.app.theme.finders.impl.CategoryFinderImpl,"list/2[java.lang.Integer,java.lang.Integer]",page,2
C:\halo-main\application\src\main\java\run\halo\app\theme\finders\impl\CategoryFinderImpl.java,run.halo.app.theme.finders.impl.CategoryFinderImpl,"list/2[java.lang.Integer,java.lang.Integer]",list,4
C:\halo-main\application\src\main\java\run\halo\app\theme\finders\impl\CategoryFinderImpl.java,run.halo.app.theme.finders.impl.CategoryFinderImpl,defaultTreeNodeComparator/0,creationTimestamp,1
C:\halo-main\application\src\main\java\run\halo\app\theme\finders\impl\CategoryFinderImpl.java,run.halo.app.theme.finders.impl.CategoryFinderImpl,defaultTreeNodeComparator/0,name,1
C:\halo-main\application\src\main\java\run\halo\app\theme\finders\impl\CategoryFinderImpl.java,run.halo.app.theme.finders.impl.CategoryFinderImpl,defaultTreeNodeComparator/0,priority,1
C:\halo-main\application\src\main\java\run\halo\app\theme\finders\impl\CategoryFinderImpl.java,run.halo.app.theme.finders.impl.CategoryFinderImpl,defaultTreeNodeComparator/0,category,5
C:\halo-main\application\src\main\java\run\halo\app\theme\finders\impl\CategoryFinderImpl.java,run.halo.app.theme.finders.impl.CategoryFinderImpl,listAsTree/1[java.lang.String],name,1
C:\halo-main\application\src\main\java\run\halo\app\theme\finders\impl\CategoryFinderImpl.java,run.halo.app.theme.finders.impl.CategoryFinderImpl,pageNullSafe/1[java.lang.Integer],page,1
C:\halo-main\application\src\main\java\run\halo\app\theme\finders\impl\CategoryFinderImpl.java,run.halo.app.theme.finders.impl.CategoryFinderImpl,CategoryFinderImpl/1[run.halo.app.theme.finders.impl.ReactiveExtensionClient],client,2
C:\halo-main\application\src\main\java\run\halo\app\theme\finders\impl\CategoryFinderImpl.java,run.halo.app.theme.finders.impl.CategoryFinderImpl,toCategoryTreeVoFlux/1[java.lang.String],nameIdentityMap,3
C:\halo-main\application\src\main\java\run\halo\app\theme\finders\impl\CategoryFinderImpl.java,run.halo.app.theme.finders.impl.CategoryFinderImpl,toCategoryTreeVoFlux/1[java.lang.String],categoryVo,1
C:\halo-main\application\src\main\java\run\halo\app\theme\finders\impl\CategoryFinderImpl.java,run.halo.app.theme.finders.impl.CategoryFinderImpl,toCategoryTreeVoFlux/1[java.lang.String],categoryVos,1
C:\halo-main\application\src\main\java\run\halo\app\theme\finders\impl\CategoryFinderImpl.java,run.halo.app.theme.finders.impl.CategoryFinderImpl,toCategoryTreeVoFlux/1[java.lang.String],children,2
C:\halo-main\application\src\main\java\run\halo\app\theme\finders\impl\CategoryFinderImpl.java,run.halo.app.theme.finders.impl.CategoryFinderImpl,toCategoryTreeVoFlux/1[java.lang.String],nameKey,1
C:\halo-main\application\src\main\java\run\halo\app\theme\finders\impl\CategoryFinderImpl.java,run.halo.app.theme.finders.impl.CategoryFinderImpl,toCategoryTreeVoFlux/1[java.lang.String],name,1
C:\halo-main\application\src\main\java\run\halo\app\theme\finders\impl\CategoryFinderImpl.java,run.halo.app.theme.finders.impl.CategoryFinderImpl,toCategoryTreeVoFlux/1[java.lang.String],value,1
C:\halo-main\application\src\main\java\run\halo\app\theme\finders\impl\CategoryFinderImpl.java,run.halo.app.theme.finders.impl.CategoryFinderImpl,toCategoryTreeVoFlux/1[java.lang.String],child,1
C:\halo-main\application\src\main\java\run\halo\app\theme\finders\impl\CategoryFinderImpl.java,run.halo.app.theme.finders.impl.CategoryFinderImpl,toCategoryTreeVoFlux/1[java.lang.String],childNode,2
C:\halo-main\application\src\main\java\run\halo\app\theme\finders\impl\CategoryFinderImpl.java,run.halo.app.theme.finders.impl.CategoryFinderImpl,sizeNullSafe/1[java.lang.Integer],page,1
C:\halo-main\application\src\main\java\run\halo\app\theme\finders\impl\CategoryFinderImpl.java,run.halo.app.theme.finders.impl.CategoryFinderImpl,"listToTree/2[java.util.Collection<run.halo.app.theme.finders.vo.CategoryTreeVo>,java.lang.String]",node,2
C:\halo-main\application\src\main\java\run\halo\app\theme\finders\impl\CategoryFinderImpl.java,run.halo.app.theme.finders.impl.CategoryFinderImpl,"listToTree/2[java.util.Collection<run.halo.app.theme.finders.vo.CategoryTreeVo>,java.lang.String]",categoryTreeVo,1
C:\halo-main\application\src\main\java\run\halo\app\theme\finders\impl\CategoryFinderImpl.java,run.halo.app.theme.finders.impl.CategoryFinderImpl,"listToTree/2[java.util.Collection<run.halo.app.theme.finders.vo.CategoryTreeVo>,java.lang.String]",children,1
C:\halo-main\application\src\main\java\run\halo\app\theme\finders\impl\CategoryFinderImpl.java,run.halo.app.theme.finders.impl.CategoryFinderImpl,"listToTree/2[java.util.Collection<run.halo.app.theme.finders.vo.CategoryTreeVo>,java.lang.String]",v,2
C:\halo-main\application\src\main\java\run\halo\app\theme\finders\impl\CategoryFinderImpl.java,run.halo.app.theme.finders.impl.CategoryFinderImpl,"listToTree/2[java.util.Collection<run.halo.app.theme.finders.vo.CategoryTreeVo>,java.lang.String]",name,2
C:\halo-main\application\src\main\java\run\halo\app\theme\finders\impl\CategoryFinderImpl.java,run.halo.app.theme.finders.impl.CategoryFinderImpl,"listToTree/2[java.util.Collection<run.halo.app.theme.finders.vo.CategoryTreeVo>,java.lang.String]",list,3
C:\halo-main\application\src\main\java\run\halo\app\theme\finders\impl\CategoryFinderImpl.java,run.halo.app.theme.finders.impl.CategoryFinderImpl,"listToTree/2[java.util.Collection<run.halo.app.theme.finders.vo.CategoryTreeVo>,java.lang.String]",parentNameIdentityMap,1
C:\halo-main\application\src\main\java\run\halo\app\theme\finders\impl\CategoryFinderImpl.java,run.halo.app.theme.finders.impl.CategoryFinderImpl,getByNames/1[java.util.List<java.lang.String>],names,2
C:\halo-main\application\src\main\java\run\halo\app\theme\finders\impl\CategoryFinderImpl.java,run.halo.app.theme.finders.impl.CategoryFinderImpl,defaultComparator/0,creationTimestamp,1
C:\halo-main\application\src\main\java\run\halo\app\theme\finders\impl\CategoryFinderImpl.java,run.halo.app.theme.finders.impl.CategoryFinderImpl,defaultComparator/0,name,1
C:\halo-main\application\src\main\java\run\halo\app\theme\finders\impl\CategoryFinderImpl.java,run.halo.app.theme.finders.impl.CategoryFinderImpl,defaultComparator/0,priority,1
C:\halo-main\application\src\main\java\run\halo\app\theme\finders\impl\CategoryFinderImpl.java,run.halo.app.theme.finders.impl.CategoryFinderImpl,defaultComparator/0,category,5
C:\halo-main\application\src\main\java\run\halo\app\theme\finders\impl\CategoryFinderImpl.java,run.halo.app.theme.finders.impl.CategoryFinderImpl,getByName/1[java.lang.String],name,1
C:\halo-main\application\src\test\java\run\halo\app\core\extension\reconciler\MenuItemReconcilerTest.java,run.halo.app.core.extension.reconciler.MenuItemReconcilerTest$WhenCategoryRefSet,shouldUpdateMenuItemIfCategoryFound/0,result,2
C:\halo-main\application\src\test\java\run\halo\app\core\extension\reconciler\MenuItemReconcilerTest.java,run.halo.app.core.extension.reconciler.MenuItemReconcilerTest$WhenCategoryRefSet,shouldUpdateMenuItemIfCategoryFound/0,menuItemSupplier,2
C:\halo-main\application\src\test\java\run\halo\app\core\extension\reconciler\MenuItemReconcilerTest.java,run.halo.app.core.extension.reconciler.MenuItemReconcilerTest$WhenCategoryRefSet,shouldUpdateMenuItemIfCategoryFound/0,menuItem,1
C:\halo-main\application\src\test\java\run\halo\app\core\extension\reconciler\MenuItemReconcilerTest.java,run.halo.app.core.extension.reconciler.MenuItemReconcilerTest$WhenCategoryRefSet,shouldUpdateMenuItemIfCategoryFound/0,spec,1
C:\halo-main\application\src\test\java\run\halo\app\core\extension\reconciler\MenuItemReconcilerTest.java,run.halo.app.core.extension.reconciler.MenuItemReconcilerTest$WhenCategoryRefSet,shouldUpdateMenuItemIfCategoryFound/0,status,2
C:\halo-main\application\src\test\java\run\halo\app\core\extension\reconciler\MenuItemReconcilerTest.java,run.halo.app.core.extension.reconciler.MenuItemReconcilerTest$WhenCategoryRefSet,createCategory/0,metadata,2
C:\halo-main\application\src\test\java\run\halo\app\core\extension\reconciler\MenuItemReconcilerTest.java,run.halo.app.core.extension.reconciler.MenuItemReconcilerTest$WhenCategoryRefSet,createCategory/0,category,4
C:\halo-main\application\src\test\java\run\halo\app\core\extension\reconciler\MenuItemReconcilerTest.java,run.halo.app.core.extension.reconciler.MenuItemReconcilerTest$WhenCategoryRefSet,createCategory/0,spec,2
C:\halo-main\application\src\test\java\run\halo\app\core\extension\reconciler\MenuItemReconcilerTest.java,run.halo.app.core.extension.reconciler.MenuItemReconcilerTest$WhenCategoryRefSet,createCategory/0,status,2
C:\halo-main\application\src\test\java\run\halo\app\core\extension\reconciler\MenuItemReconcilerTest.java,run.halo.app.core.extension.reconciler.MenuItemReconcilerTest$WhenCategoryRefSet,shouldNotUpdateMenuItemIfCategoryNotFound/0,result,2
C:\halo-main\application\src\test\java\run\halo\app\core\extension\reconciler\MenuItemReconcilerTest.java,run.halo.app.core.extension.reconciler.MenuItemReconcilerTest$WhenCategoryRefSet,shouldNotUpdateMenuItemIfCategoryNotFound/0,menuItemSupplier,1
C:\halo-main\application\src\test\java\run\halo\app\core\extension\reconciler\MenuItemReconcilerTest.java,run.halo.app.core.extension.reconciler.MenuItemReconcilerTest$WhenCategoryRefSet,shouldNotUpdateMenuItemIfCategoryNotFound/0,spec,1
C:\halo-main\application\src\test\java\run\halo\app\extension\store\ExtensionStoreClientJPAImplTest.java,run.halo.app.extension.store.ExtensionStoreClientJPAImplTest,fetchByName/0,gotExtension,2
C:\halo-main\application\src\test\java\run\halo\app\extension\store\ExtensionStoreClientJPAImplTest.java,run.halo.app.extension.store.ExtensionStoreClientJPAImplTest,fetchByName/0,expectedExtension,2
C:\halo-main\application\src\test\java\run\halo\app\extension\store\ExtensionStoreClientJPAImplTest.java,run.halo.app.extension.store.ExtensionStoreClientJPAImplTest,create/0,createdExtension,1
C:\halo-main\application\src\test\java\run\halo\app\extension\store\ExtensionStoreClientJPAImplTest.java,run.halo.app.extension.store.ExtensionStoreClientJPAImplTest,create/0,expectedExtension,2
C:\halo-main\application\src\test\java\run\halo\app\extension\store\ExtensionStoreClientJPAImplTest.java,run.halo.app.extension.store.ExtensionStoreClientJPAImplTest,listByNamePrefix/0,expectedExtensions,2
C:\halo-main\application\src\test\java\run\halo\app\extension\store\ExtensionStoreClientJPAImplTest.java,run.halo.app.extension.store.ExtensionStoreClientJPAImplTest,listByNamePrefix/0,gotExtensions,1
C:\halo-main\application\src\test\java\run\halo\app\extension\store\ExtensionStoreClientJPAImplTest.java,run.halo.app.extension.store.ExtensionStoreClientJPAImplTest,shouldDeleteSuccessfully/0,deletedExtension,1
C:\halo-main\application\src\test\java\run\halo\app\extension\store\ExtensionStoreClientJPAImplTest.java,run.halo.app.extension.store.ExtensionStoreClientJPAImplTest,shouldDeleteSuccessfully/0,expectedExtension,2
C:\halo-main\application\src\test\java\run\halo\app\extension\store\ExtensionStoreClientJPAImplTest.java,run.halo.app.extension.store.ExtensionStoreClientJPAImplTest,update/0,updatedExtension,1
C:\halo-main\application\src\test\java\run\halo\app\extension\store\ExtensionStoreClientJPAImplTest.java,run.halo.app.extension.store.ExtensionStoreClientJPAImplTest,update/0,expectedExtension,2
C:\halo-main\application\src\main\java\run\halo\app\security\authorization\PolicyRuleList.java,run.halo.app.security.authorization.PolicyRuleList,addError/1[java.lang.Throwable],error,1
C:\halo-main\application\src\main\java\run\halo\app\security\authorization\PolicyRuleList.java,run.halo.app.security.authorization.PolicyRuleList,addErrors/1[java.util.List<java.lang.Throwable>],errors,2
C:\halo-main\application\src\main\java\run\halo\app\infra\utils\FileUtils.java,run.halo.app.infra.utils.FileUtils,"checkDirectoryTraversal/2[java.lang.String,java.lang.String]",parentPath,1
C:\halo-main\application\src\main\java\run\halo\app\infra\utils\FileUtils.java,run.halo.app.infra.utils.FileUtils,"checkDirectoryTraversal/2[java.lang.String,java.lang.String]",pathToCheck,1
C:\halo-main\application\src\main\java\run\halo\app\infra\utils\FileUtils.java,run.halo.app.infra.utils.FileUtils,"copy/3[java.nio.file.Path,java.nio.file.Path,java.nio.file.CopyOption[]]",e,1
C:\halo-main\application\src\main\java\run\halo\app\infra\utils\FileUtils.java,run.halo.app.infra.utils.FileUtils,"copy/3[java.nio.file.Path,java.nio.file.Path,java.nio.file.CopyOption[]]",options,1
C:\halo-main\application\src\main\java\run\halo\app\infra\utils\FileUtils.java,run.halo.app.infra.utils.FileUtils,"copy/3[java.nio.file.Path,java.nio.file.Path,java.nio.file.CopyOption[]]",source,1
C:\halo-main\application\src\main\java\run\halo\app\infra\utils\FileUtils.java,run.halo.app.infra.utils.FileUtils,"copy/3[java.nio.file.Path,java.nio.file.Path,java.nio.file.CopyOption[]]",dest,1
C:\halo-main\application\src\main\java\run\halo\app\infra\utils\FileUtils.java,run.halo.app.infra.utils.FileUtils,createIfAbsent/1[java.nio.file.Path],path,4
C:\halo-main\application\src\main\java\run\halo\app\infra\utils\FileUtils.java,run.halo.app.infra.utils.FileUtils,"closeQuietly/2[java.io.Closeable,java.util.function.Consumer<java.io.IOException>]",closeable,2
C:\halo-main\application\src\main\java\run\halo\app\infra\utils\FileUtils.java,run.halo.app.infra.utils.FileUtils,"closeQuietly/2[java.io.Closeable,java.util.function.Consumer<java.io.IOException>]",e,1
C:\halo-main\application\src\main\java\run\halo\app\infra\utils\FileUtils.java,run.halo.app.infra.utils.FileUtils,"closeQuietly/2[java.io.Closeable,java.util.function.Consumer<java.io.IOException>]",consumer,2
C:\halo-main\application\src\main\java\run\halo\app\infra\utils\FileUtils.java,run.halo.app.infra.utils.FileUtils,isEmpty/1[java.nio.file.Path],path,4
C:\halo-main\application\src\main\java\run\halo\app\infra\utils\FileUtils.java,run.halo.app.infra.utils.FileUtils,isEmpty/1[java.nio.file.Path],pathStream,1
C:\halo-main\application\src\main\java\run\halo\app\infra\utils\FileUtils.java,run.halo.app.infra.utils.FileUtils,deleteRecursivelyAndSilently/1[java.nio.file.Path],deleted,1
C:\halo-main\application\src\main\java\run\halo\app\infra\utils\FileUtils.java,run.halo.app.infra.utils.FileUtils,deleteRecursivelyAndSilently/1[java.nio.file.Path],e,0
C:\halo-main\application\src\main\java\run\halo\app\infra\utils\FileUtils.java,run.halo.app.infra.utils.FileUtils,deleteRecursivelyAndSilently/1[java.nio.file.Path],root,3
C:\halo-main\application\src\main\java\run\halo\app\infra\utils\FileUtils.java,run.halo.app.infra.utils.FileUtils,"checkDirectoryTraversal/2[java.nio.file.Path,java.lang.String]",parentPath,1
C:\halo-main\application\src\main\java\run\halo\app\infra\utils\FileUtils.java,run.halo.app.infra.utils.FileUtils,"checkDirectoryTraversal/2[java.nio.file.Path,java.lang.String]",pathToCheck,1
C:\halo-main\application\src\main\java\run\halo\app\infra\utils\FileUtils.java,run.halo.app.infra.utils.FileUtils,closeQuietly/1[java.io.Closeable],closeable,1
C:\halo-main\application\src\main\java\run\halo\app\infra\utils\FileUtils.java,run.halo.app.infra.utils.FileUtils,"checkDirectoryTraversal/2[java.nio.file.Path,java.nio.file.Path]",parentPath,3
C:\halo-main\application\src\main\java\run\halo\app\infra\utils\FileUtils.java,run.halo.app.infra.utils.FileUtils,"checkDirectoryTraversal/2[java.nio.file.Path,java.nio.file.Path]",pathToCheck,4
C:\halo-main\application\src\main\java\run\halo\app\infra\utils\FileUtils.java,run.halo.app.infra.utils.FileUtils,"zip/2[java.nio.file.Path,java.nio.file.Path]",targetPath,1
C:\halo-main\application\src\main\java\run\halo\app\infra\utils\FileUtils.java,run.halo.app.infra.utils.FileUtils,"zip/2[java.nio.file.Path,java.nio.file.Path]",sourcePath,1
C:\halo-main\application\src\main\java\run\halo\app\infra\utils\FileUtils.java,run.halo.app.infra.utils.FileUtils,"zip/2[java.nio.file.Path,java.nio.file.Path]",zos,0
C:\halo-main\application\src\main\java\run\halo\app\infra\utils\FileUtils.java,run.halo.app.infra.utils.FileUtils,ensureEmpty/1[java.nio.file.Path],path,2
C:\halo-main\application\src\main\java\run\halo\app\infra\utils\FileUtils.java,run.halo.app.infra.utils.FileUtils,"jar/2[java.nio.file.Path,java.nio.file.Path]",targetPath,1
C:\halo-main\application\src\main\java\run\halo\app\infra\utils\FileUtils.java,run.halo.app.infra.utils.FileUtils,"jar/2[java.nio.file.Path,java.nio.file.Path]",sourcePath,1
C:\halo-main\application\src\main\java\run\halo\app\infra\utils\FileUtils.java,run.halo.app.infra.utils.FileUtils,"jar/2[java.nio.file.Path,java.nio.file.Path]",jos,0
C:\halo-main\application\src\main\java\run\halo\app\infra\utils\FileUtils.java,run.halo.app.infra.utils.FileUtils,"unzip/2[java.util.zip.ZipInputStream,java.nio.file.Path]",zis,4
C:\halo-main\application\src\main\java\run\halo\app\infra\utils\FileUtils.java,run.halo.app.infra.utils.FileUtils,"unzip/2[java.util.zip.ZipInputStream,java.nio.file.Path]",targetPath,5
C:\halo-main\application\src\main\java\run\halo\app\infra\utils\FileUtils.java,run.halo.app.infra.utils.FileUtils,"unzip/2[java.util.zip.ZipInputStream,java.nio.file.Path]",entryPath,5
C:\halo-main\application\src\main\java\run\halo\app\infra\utils\FileUtils.java,run.halo.app.infra.utils.FileUtils,"unzip/2[java.util.zip.ZipInputStream,java.nio.file.Path]",zipEntry,4
C:\halo-main\application\src\main\java\run\halo\app\security\authentication\login\UsernamePasswordAuthenticator.java,run.halo.app.security.authentication.login.UsernamePasswordAuthenticator,"UsernamePasswordAuthenticator/7[ServerResponse.Context,run.halo.app.security.authentication.login.ObservationRegistry,run.halo.app.security.authentication.login.ReactiveUserDetailsService,run.halo.app.security.authentication.login.ReactiveUserDetailsPasswordService,run.halo.app.security.authentication.login.PasswordEncoder,run.halo.app.security.authentication.login.ServerSecurityContextRepository,run.halo.app.security.authentication.login.CryptoService]",passwordEncoder,2
C:\halo-main\application\src\main\java\run\halo\app\security\authentication\login\UsernamePasswordAuthenticator.java,run.halo.app.security.authentication.login.UsernamePasswordAuthenticator,"UsernamePasswordAuthenticator/7[ServerResponse.Context,run.halo.app.security.authentication.login.ObservationRegistry,run.halo.app.security.authentication.login.ReactiveUserDetailsService,run.halo.app.security.authentication.login.ReactiveUserDetailsPasswordService,run.halo.app.security.authentication.login.PasswordEncoder,run.halo.app.security.authentication.login.ServerSecurityContextRepository,run.halo.app.security.authentication.login.CryptoService]",observationRegistry,2
C:\halo-main\application\src\main\java\run\halo\app\security\authentication\login\UsernamePasswordAuthenticator.java,run.halo.app.security.authentication.login.UsernamePasswordAuthenticator,"UsernamePasswordAuthenticator/7[ServerResponse.Context,run.halo.app.security.authentication.login.ObservationRegistry,run.halo.app.security.authentication.login.ReactiveUserDetailsService,run.halo.app.security.authentication.login.ReactiveUserDetailsPasswordService,run.halo.app.security.authentication.login.PasswordEncoder,run.halo.app.security.authentication.login.ServerSecurityContextRepository,run.halo.app.security.authentication.login.CryptoService]",securityContextRepository,2
C:\halo-main\application\src\main\java\run\halo\app\security\authentication\login\UsernamePasswordAuthenticator.java,run.halo.app.security.authentication.login.UsernamePasswordAuthenticator,"UsernamePasswordAuthenticator/7[ServerResponse.Context,run.halo.app.security.authentication.login.ObservationRegistry,run.halo.app.security.authentication.login.ReactiveUserDetailsService,run.halo.app.security.authentication.login.ReactiveUserDetailsPasswordService,run.halo.app.security.authentication.login.PasswordEncoder,run.halo.app.security.authentication.login.ServerSecurityContextRepository,run.halo.app.security.authentication.login.CryptoService]",cryptoService,2
C:\halo-main\application\src\main\java\run\halo\app\security\authentication\login\UsernamePasswordAuthenticator.java,run.halo.app.security.authentication.login.UsernamePasswordAuthenticator,"UsernamePasswordAuthenticator/7[ServerResponse.Context,run.halo.app.security.authentication.login.ObservationRegistry,run.halo.app.security.authentication.login.ReactiveUserDetailsService,run.halo.app.security.authentication.login.ReactiveUserDetailsPasswordService,run.halo.app.security.authentication.login.PasswordEncoder,run.halo.app.security.authentication.login.ServerSecurityContextRepository,run.halo.app.security.authentication.login.CryptoService]",context,2
C:\halo-main\application\src\main\java\run\halo\app\security\authentication\login\UsernamePasswordAuthenticator.java,run.halo.app.security.authentication.login.UsernamePasswordAuthenticator,"UsernamePasswordAuthenticator/7[ServerResponse.Context,run.halo.app.security.authentication.login.ObservationRegistry,run.halo.app.security.authentication.login.ReactiveUserDetailsService,run.halo.app.security.authentication.login.ReactiveUserDetailsPasswordService,run.halo.app.security.authentication.login.PasswordEncoder,run.halo.app.security.authentication.login.ServerSecurityContextRepository,run.halo.app.security.authentication.login.CryptoService]",passwordService,2
C:\halo-main\application\src\main\java\run\halo\app\security\authentication\login\UsernamePasswordAuthenticator.java,run.halo.app.security.authentication.login.UsernamePasswordAuthenticator,"UsernamePasswordAuthenticator/7[ServerResponse.Context,run.halo.app.security.authentication.login.ObservationRegistry,run.halo.app.security.authentication.login.ReactiveUserDetailsService,run.halo.app.security.authentication.login.ReactiveUserDetailsPasswordService,run.halo.app.security.authentication.login.PasswordEncoder,run.halo.app.security.authentication.login.ServerSecurityContextRepository,run.halo.app.security.authentication.login.CryptoService]",userDetailsService,2
C:\halo-main\application\src\main\java\run\halo\app\security\authentication\login\UsernamePasswordAuthenticator.java,run.halo.app.security.authentication.login.UsernamePasswordAuthenticator,"filter/2[run.halo.app.security.authentication.login.ServerWebExchange,run.halo.app.security.authentication.login.WebFilterChain]",chain,1
C:\halo-main\application\src\main\java\run\halo\app\security\authentication\login\UsernamePasswordAuthenticator.java,run.halo.app.security.authentication.login.UsernamePasswordAuthenticator,"filter/2[run.halo.app.security.authentication.login.ServerWebExchange,run.halo.app.security.authentication.login.WebFilterChain]",exchange,1
C:\halo-main\application\src\main\java\run\halo\app\security\authentication\login\UsernamePasswordAuthenticator.java,run.halo.app.security.authentication.login.UsernamePasswordAuthenticator,configureAuthenticationWebFilter/1[run.halo.app.security.authentication.login.AuthenticationWebFilter],filter,5
C:\halo-main\application\src\main\java\run\halo\app\security\authentication\login\UsernamePasswordAuthenticator.java,run.halo.app.security.authentication.login.UsernamePasswordAuthenticator,configureAuthenticationWebFilter/1[run.halo.app.security.authentication.login.AuthenticationWebFilter],requiresMatcher,1
C:\halo-main\application\src\main\java\run\halo\app\security\authentication\login\UsernamePasswordAuthenticator.java,run.halo.app.security.authentication.login.UsernamePasswordAuthenticator,authenticationManager/0,manager,3
C:\halo-main\application\src\main\java\run\halo\app\theme\ThemeLocaleContextResolver.java,run.halo.app.theme.ThemeLocaleContextResolver,parseLocaleCookieIfNecessary/1[run.halo.app.theme.ServerWebExchange],cookie,5
C:\halo-main\application\src\main\java\run\halo\app\theme\ThemeLocaleContextResolver.java,run.halo.app.theme.ThemeLocaleContextResolver,parseLocaleCookieIfNecessary/1[run.halo.app.theme.ServerWebExchange],timeZone,3
C:\halo-main\application\src\main\java\run\halo\app\theme\ThemeLocaleContextResolver.java,run.halo.app.theme.ThemeLocaleContextResolver,parseLocaleCookieIfNecessary/1[run.halo.app.theme.ServerWebExchange],exchange,7
C:\halo-main\application\src\main\java\run\halo\app\theme\ThemeLocaleContextResolver.java,run.halo.app.theme.ThemeLocaleContextResolver,parseLocaleCookieIfNecessary/1[run.halo.app.theme.ServerWebExchange],value,3
C:\halo-main\application\src\main\java\run\halo\app\theme\ThemeLocaleContextResolver.java,run.halo.app.theme.ThemeLocaleContextResolver,resolveLocaleContext/1[run.halo.app.theme.ServerWebExchange],exchange,3
C:\halo-main\application\src\main\java\run\halo\app\theme\ThemeLocaleContextResolver.java,run.halo.app.theme.ThemeLocaleContextResolver,resolveLocaleContext/1[run.halo.app.theme.ServerWebExchange],locale,1
C:\halo-main\application\src\main\java\run\halo\app\theme\ThemeLocaleContextResolver.java,run.halo.app.theme.ThemeLocaleContextResolver,getLocale/1[run.halo.app.theme.ServerWebExchange],exchange,4
C:\halo-main\application\src\main\java\run\halo\app\theme\ThemeLocaleContextResolver.java,run.halo.app.theme.ThemeLocaleContextResolver,getLocale/1[run.halo.app.theme.ServerWebExchange],language,2
C:\halo-main\application\src\main\java\run\halo\app\theme\ThemeLocaleContextResolver.java,run.halo.app.theme.ThemeLocaleContextResolver,getLocale/1[run.halo.app.theme.ServerWebExchange],locale,4
C:\halo-main\application\src\test\java\run\halo\app\plugin\resources\ReverseProxyRouterFunctionRegistryTest.java,run.halo.app.plugin.resources.ReverseProxyRouterFunctionRegistryTest,register/0,mock,2
C:\halo-main\application\src\test\java\run\halo\app\plugin\resources\ReverseProxyRouterFunctionRegistryTest.java,run.halo.app.plugin.resources.ReverseProxyRouterFunctionRegistryTest,removeByKeyValue/0,mock,1
C:\halo-main\application\src\test\java\run\halo\app\plugin\resources\ReverseProxyRouterFunctionRegistryTest.java,run.halo.app.plugin.resources.ReverseProxyRouterFunctionRegistryTest,remove/0,mock,1
C:\halo-main\application\src\test\java\run\halo\app\plugin\resources\ReverseProxyRouterFunctionRegistryTest.java,run.halo.app.plugin.resources.ReverseProxyRouterFunctionRegistryTest,getMockReverseProxy/0,request,0
C:\halo-main\application\src\test\java\run\halo\app\plugin\resources\ReverseProxyRouterFunctionRegistryTest.java,run.halo.app.plugin.resources.ReverseProxyRouterFunctionRegistryTest,getMockReverseProxy/0,metadata,2
C:\halo-main\application\src\test\java\run\halo\app\plugin\resources\ReverseProxyRouterFunctionRegistryTest.java,run.halo.app.plugin.resources.ReverseProxyRouterFunctionRegistryTest,getMockReverseProxy/0,routerFunction,1
C:\halo-main\application\src\test\java\run\halo\app\plugin\resources\ReverseProxyRouterFunctionRegistryTest.java,run.halo.app.plugin.resources.ReverseProxyRouterFunctionRegistryTest,getMockReverseProxy/0,mock,3
C:\halo-main\application\src\test\java\run\halo\app\plugin\resources\ReverseProxyRouterFunctionRegistryTest.java,run.halo.app.plugin.resources.ReverseProxyRouterFunctionRegistryTest,setUp/0,instance,1
C:\halo-main\application\src\test\java\run\halo\app\core\extension\SettingTest.java,run.halo.app.core.extension.SettingTest,setting/0,unstructureds,2
C:\halo-main\application\src\test\java\run\halo\app\core\extension\SettingTest.java,run.halo.app.core.extension.SettingTest,setting/0,unstructured,1
C:\halo-main\application\src\test\java\run\halo\app\core\extension\SettingTest.java,run.halo.app.core.extension.SettingTest,setting/0,settingYaml,1
C:\halo-main\application\src\test\java\run\halo\app\core\extension\SettingTest.java,run.halo.app.core.extension.SettingTest,setting/0,setting,2
C:\halo-main\application\src\main\java\run\halo\app\core\extension\endpoint\CommentEndpoint.java,run.halo.app.core.extension.endpoint.CommentEndpoint,endpoint/0,builder,6
C:\halo-main\application\src\main\java\run\halo\app\core\extension\endpoint\CommentEndpoint.java,run.halo.app.core.extension.endpoint.CommentEndpoint,endpoint/0,tag,6
C:\halo-main\application\src\main\java\run\halo\app\core\extension\endpoint\CommentEndpoint.java,run.halo.app.core.extension.endpoint.CommentEndpoint,createReply/1[run.halo.app.core.extension.endpoint.ServerRequest],request,4
C:\halo-main\application\src\main\java\run\halo\app\core\extension\endpoint\CommentEndpoint.java,run.halo.app.core.extension.endpoint.CommentEndpoint,createReply/1[run.halo.app.core.extension.endpoint.ServerRequest],commentName,1
C:\halo-main\application\src\main\java\run\halo\app\core\extension\endpoint\CommentEndpoint.java,run.halo.app.core.extension.endpoint.CommentEndpoint,createReply/1[run.halo.app.core.extension.endpoint.ServerRequest],replyRequest,1
C:\halo-main\application\src\main\java\run\halo\app\core\extension\endpoint\CommentEndpoint.java,run.halo.app.core.extension.endpoint.CommentEndpoint,createReply/1[run.halo.app.core.extension.endpoint.ServerRequest],comment,1
C:\halo-main\application\src\main\java\run\halo\app\core\extension\endpoint\CommentEndpoint.java,run.halo.app.core.extension.endpoint.CommentEndpoint,createReply/1[run.halo.app.core.extension.endpoint.ServerRequest],reply,7
C:\halo-main\application\src\main\java\run\halo\app\core\extension\endpoint\CommentEndpoint.java,run.halo.app.core.extension.endpoint.CommentEndpoint,listComments/1[run.halo.app.core.extension.endpoint.ServerRequest],request,1
C:\halo-main\application\src\main\java\run\halo\app\core\extension\endpoint\CommentEndpoint.java,run.halo.app.core.extension.endpoint.CommentEndpoint,listComments/1[run.halo.app.core.extension.endpoint.ServerRequest],listedComments,1
C:\halo-main\application\src\main\java\run\halo\app\core\extension\endpoint\CommentEndpoint.java,run.halo.app.core.extension.endpoint.CommentEndpoint,listComments/1[run.halo.app.core.extension.endpoint.ServerRequest],commentQuery,1
C:\halo-main\application\src\main\java\run\halo\app\core\extension\endpoint\CommentEndpoint.java,run.halo.app.core.extension.endpoint.CommentEndpoint,createComment/1[run.halo.app.core.extension.endpoint.ServerRequest],request,3
C:\halo-main\application\src\main\java\run\halo\app\core\extension\endpoint\CommentEndpoint.java,run.halo.app.core.extension.endpoint.CommentEndpoint,createComment/1[run.halo.app.core.extension.endpoint.ServerRequest],commentRequest,1
C:\halo-main\application\src\main\java\run\halo\app\core\extension\endpoint\CommentEndpoint.java,run.halo.app.core.extension.endpoint.CommentEndpoint,createComment/1[run.halo.app.core.extension.endpoint.ServerRequest],comment,5
C:\halo-main\application\src\main\java\run\halo\app\core\extension\endpoint\CommentEndpoint.java,run.halo.app.core.extension.endpoint.CommentEndpoint,"CommentEndpoint/2[run.halo.app.content.comment.CommentService,run.halo.app.content.comment.ReplyService]",commentService,2
C:\halo-main\application\src\main\java\run\halo\app\core\extension\endpoint\CommentEndpoint.java,run.halo.app.core.extension.endpoint.CommentEndpoint,"CommentEndpoint/2[run.halo.app.content.comment.CommentService,run.halo.app.content.comment.ReplyService]",replyService,2
C:\halo-main\application\src\test\java\run\halo\app\security\authorization\PolicyRuleTest.java,run.halo.app.security.authorization.PolicyRuleTest,constructPolicyRule/0,policyByBuilder,1
C:\halo-main\application\src\test\java\run\halo\app\security\authorization\PolicyRuleTest.java,run.halo.app.security.authorization.PolicyRuleTest,constructPolicyRule/0,policyRule,2
C:\halo-main\application\src\test\java\run\halo\app\security\authorization\PolicyRuleTest.java,run.halo.app.security.authorization.PolicyRuleTest,constructPolicyRule/0,policyNonNullJson,1
C:\halo-main\application\src\test\java\run\halo\app\security\authorization\PolicyRuleTest.java,run.halo.app.security.authorization.PolicyRuleTest,constructPolicyRule/0,expected,1
C:\halo-main\application\src\test\java\run\halo\app\security\authorization\PolicyRuleTest.java,run.halo.app.security.authorization.PolicyRuleTest,constructPolicyRule/0,policyNonNull,1
C:\halo-main\application\src\main\java\run\halo\app\event\post\PostPublishedEvent.java,run.halo.app.event.post.PostPublishedEvent,"PostPublishedEvent/2[java.lang.Object,java.lang.String]",postName,2
C:\halo-main\application\src\main\java\run\halo\app\event\post\PostPublishedEvent.java,run.halo.app.event.post.PostPublishedEvent,"PostPublishedEvent/2[java.lang.Object,java.lang.String]",source,1
C:\halo-main\application\src\test\java\run\halo\app\extension\RefTest.java,run.halo.app.extension.RefTest,shouldHasSameGroupAndKind/0,metadata,2
C:\halo-main\application\src\test\java\run\halo\app\extension\RefTest.java,run.halo.app.extension.RefTest,shouldHasSameGroupAndKind/0,fake,5
C:\halo-main\application\src\main\java\run\halo\app\plugin\PluginStartedListener.java,run.halo.app.plugin.PluginStartedListener,onApplicationEvent/1[run.halo.app.plugin.event.HaloPluginStartedEvent],rs,1
C:\halo-main\application\src\main\java\run\halo\app\plugin\PluginStartedListener.java,run.halo.app.plugin.PluginStartedListener,onApplicationEvent/1[run.halo.app.plugin.event.HaloPluginStartedEvent],metadata,4
C:\halo-main\application\src\main\java\run\halo\app\plugin\PluginStartedListener.java,run.halo.app.plugin.PluginStartedListener,onApplicationEvent/1[run.halo.app.plugin.event.HaloPluginStartedEvent],extension,1
C:\halo-main\application\src\main\java\run\halo\app\plugin\PluginStartedListener.java,run.halo.app.plugin.PluginStartedListener,onApplicationEvent/1[run.halo.app.plugin.event.HaloPluginStartedEvent],resource,1
C:\halo-main\application\src\main\java\run\halo\app\plugin\PluginStartedListener.java,run.halo.app.plugin.PluginStartedListener,onApplicationEvent/1[run.halo.app.plugin.event.HaloPluginStartedEvent],labels,4
C:\halo-main\application\src\main\java\run\halo\app\plugin\PluginStartedListener.java,run.halo.app.plugin.PluginStartedListener,onApplicationEvent/1[run.halo.app.plugin.event.HaloPluginStartedEvent],plugin,1
C:\halo-main\application\src\main\java\run\halo\app\plugin\PluginStartedListener.java,run.halo.app.plugin.PluginStartedListener,onApplicationEvent/1[run.halo.app.plugin.event.HaloPluginStartedEvent],extensionLocations,1
C:\halo-main\application\src\main\java\run\halo\app\plugin\PluginStartedListener.java,run.halo.app.plugin.PluginStartedListener,onApplicationEvent/1[run.halo.app.plugin.event.HaloPluginStartedEvent],unstructured,6
C:\halo-main\application\src\main\java\run\halo\app\plugin\PluginStartedListener.java,run.halo.app.plugin.PluginStartedListener,onApplicationEvent/1[run.halo.app.plugin.event.HaloPluginStartedEvent],pluginWrapper,5
C:\halo-main\application\src\main\java\run\halo\app\plugin\PluginStartedListener.java,run.halo.app.plugin.PluginStartedListener,onApplicationEvent/1[run.halo.app.plugin.event.HaloPluginStartedEvent],resourceLoader,1
C:\halo-main\application\src\main\java\run\halo\app\plugin\PluginStartedListener.java,run.halo.app.plugin.PluginStartedListener,onApplicationEvent/1[run.halo.app.plugin.event.HaloPluginStartedEvent],pluginApplicationContext,1
C:\halo-main\application\src\main\java\run\halo\app\plugin\PluginStartedListener.java,run.halo.app.plugin.PluginStartedListener,onApplicationEvent/1[run.halo.app.plugin.event.HaloPluginStartedEvent],event,1
C:\halo-main\application\src\main\java\run\halo\app\plugin\PluginStartedListener.java,run.halo.app.plugin.PluginStartedListener,onApplicationEvent/1[run.halo.app.plugin.event.HaloPluginStartedEvent],tuple2,2
C:\halo-main\application\src\main\java\run\halo\app\plugin\PluginStartedListener.java,run.halo.app.plugin.PluginStartedListener,PluginStartedListener/1[run.halo.app.plugin.ReactiveExtensionClient],extensionClient,1
C:\halo-main\application\src\main\java\run\halo\app\content\comment\CommentServiceImpl.java,run.halo.app.content.comment.CommentServiceImpl,toCommentOwner/1[run.halo.app.content.comment.User],owner,4
C:\halo-main\application\src\main\java\run\halo\app\content\comment\CommentServiceImpl.java,run.halo.app.content.comment.CommentServiceImpl,toCommentOwner/1[run.halo.app.content.comment.User],user,2
C:\halo-main\application\src\main\java\run\halo\app\content\comment\CommentServiceImpl.java,run.halo.app.content.comment.CommentServiceImpl,fetchStats/1[run.halo.app.content.comment.Comment],name,1
C:\halo-main\application\src\main\java\run\halo\app\content\comment\CommentServiceImpl.java,run.halo.app.content.comment.CommentServiceImpl,fetchStats/1[run.halo.app.content.comment.Comment],comment,2
C:\halo-main\application\src\main\java\run\halo\app\content\comment\CommentServiceImpl.java,run.halo.app.content.comment.CommentServiceImpl,fetchStats/1[run.halo.app.content.comment.Comment],counter,1
C:\halo-main\application\src\main\java\run\halo\app\content\comment\CommentServiceImpl.java,run.halo.app.content.comment.CommentServiceImpl,"checkCommentOwner/2[run.halo.app.content.comment.Comment,java.lang.Boolean]",owner,2
C:\halo-main\application\src\main\java\run\halo\app\content\comment\CommentServiceImpl.java,run.halo.app.content.comment.CommentServiceImpl,"checkCommentOwner/2[run.halo.app.content.comment.Comment,java.lang.Boolean]",onlySystemUser,1
C:\halo-main\application\src\main\java\run\halo\app\content\comment\CommentServiceImpl.java,run.halo.app.content.comment.CommentServiceImpl,"checkCommentOwner/2[run.halo.app.content.comment.Comment,java.lang.Boolean]",comment,1
C:\halo-main\application\src\main\java\run\halo\app\content\comment\CommentServiceImpl.java,run.halo.app.content.comment.CommentServiceImpl,toListedComment/1[run.halo.app.content.comment.Comment],owner,2
C:\halo-main\application\src\main\java\run\halo\app\content\comment\CommentServiceImpl.java,run.halo.app.content.comment.CommentServiceImpl,toListedComment/1[run.halo.app.content.comment.Comment],commentBuilder,1
C:\halo-main\application\src\main\java\run\halo\app\content\comment\CommentServiceImpl.java,run.halo.app.content.comment.CommentServiceImpl,toListedComment/1[run.halo.app.content.comment.Comment],subject,2
C:\halo-main\application\src\main\java\run\halo\app\content\comment\CommentServiceImpl.java,run.halo.app.content.comment.CommentServiceImpl,toListedComment/1[run.halo.app.content.comment.Comment],lc,2
C:\halo-main\application\src\main\java\run\halo\app\content\comment\CommentServiceImpl.java,run.halo.app.content.comment.CommentServiceImpl,toListedComment/1[run.halo.app.content.comment.Comment],builder,5
C:\halo-main\application\src\main\java\run\halo\app\content\comment\CommentServiceImpl.java,run.halo.app.content.comment.CommentServiceImpl,toListedComment/1[run.halo.app.content.comment.Comment],comment,5
C:\halo-main\application\src\main\java\run\halo\app\content\comment\CommentServiceImpl.java,run.halo.app.content.comment.CommentServiceImpl,commentPredicate/1[run.halo.app.content.comment.CommentQuery],owner,8
C:\halo-main\application\src\main\java\run\halo\app\content\comment\CommentServiceImpl.java,run.halo.app.content.comment.CommentServiceImpl,commentPredicate/1[run.halo.app.content.comment.CommentQuery],hidden,2
C:\halo-main\application\src\main\java\run\halo\app\content\comment\CommentServiceImpl.java,run.halo.app.content.comment.CommentServiceImpl,commentPredicate/1[run.halo.app.content.comment.CommentQuery],query,11
C:\halo-main\application\src\main\java\run\halo\app\content\comment\CommentServiceImpl.java,run.halo.app.content.comment.CommentServiceImpl,commentPredicate/1[run.halo.app.content.comment.CommentQuery],subjectKind,3
C:\halo-main\application\src\main\java\run\halo\app\content\comment\CommentServiceImpl.java,run.halo.app.content.comment.CommentServiceImpl,commentPredicate/1[run.halo.app.content.comment.CommentQuery],raw,1
C:\halo-main\application\src\main\java\run\halo\app\content\comment\CommentServiceImpl.java,run.halo.app.content.comment.CommentServiceImpl,commentPredicate/1[run.halo.app.content.comment.CommentQuery],subjectRef,4
C:\halo-main\application\src\main\java\run\halo\app\content\comment\CommentServiceImpl.java,run.halo.app.content.comment.CommentServiceImpl,commentPredicate/1[run.halo.app.content.comment.CommentQuery],ownerKind,4
C:\halo-main\application\src\main\java\run\halo\app\content\comment\CommentServiceImpl.java,run.halo.app.content.comment.CommentServiceImpl,commentPredicate/1[run.halo.app.content.comment.CommentQuery],predicate,19
C:\halo-main\application\src\main\java\run\halo\app\content\comment\CommentServiceImpl.java,run.halo.app.content.comment.CommentServiceImpl,commentPredicate/1[run.halo.app.content.comment.CommentQuery],approved,2
C:\halo-main\application\src\main\java\run\halo\app\content\comment\CommentServiceImpl.java,run.halo.app.content.comment.CommentServiceImpl,commentPredicate/1[run.halo.app.content.comment.CommentQuery],labelAndFieldSelectorPredicate,1
C:\halo-main\application\src\main\java\run\halo\app\content\comment\CommentServiceImpl.java,run.halo.app.content.comment.CommentServiceImpl,commentPredicate/1[run.halo.app.content.comment.CommentQuery],top,2
C:\halo-main\application\src\main\java\run\halo\app\content\comment\CommentServiceImpl.java,run.halo.app.content.comment.CommentServiceImpl,commentPredicate/1[run.halo.app.content.comment.CommentQuery],ownerName,4
C:\halo-main\application\src\main\java\run\halo\app\content\comment\CommentServiceImpl.java,run.halo.app.content.comment.CommentServiceImpl,commentPredicate/1[run.halo.app.content.comment.CommentQuery],comment,18
C:\halo-main\application\src\main\java\run\halo\app\content\comment\CommentServiceImpl.java,run.halo.app.content.comment.CommentServiceImpl,commentPredicate/1[run.halo.app.content.comment.CommentQuery],allowNotification,2
C:\halo-main\application\src\main\java\run\halo\app\content\comment\CommentServiceImpl.java,run.halo.app.content.comment.CommentServiceImpl,commentPredicate/1[run.halo.app.content.comment.CommentQuery],keyword,2
C:\halo-main\application\src\main\java\run\halo\app\content\comment\CommentServiceImpl.java,run.halo.app.content.comment.CommentServiceImpl,commentPredicate/1[run.halo.app.content.comment.CommentQuery],subjectName,2
C:\halo-main\application\src\main\java\run\halo\app\content\comment\CommentServiceImpl.java,run.halo.app.content.comment.CommentServiceImpl,fetchCurrentUser/0,securityContext,1
C:\halo-main\application\src\main\java\run\halo\app\content\comment\CommentServiceImpl.java,run.halo.app.content.comment.CommentServiceImpl,fetchCurrentUser/0,username,1
C:\halo-main\application\src\main\java\run\halo\app\content\comment\CommentServiceImpl.java,run.halo.app.content.comment.CommentServiceImpl,"CommentServiceImpl/5[run.halo.app.content.comment.ReactiveExtensionClient,run.halo.app.core.extension.service.UserService,run.halo.app.plugin.ExtensionComponentsFinder,run.halo.app.infra.SystemConfigurableEnvironmentFetcher,run.halo.app.metrics.CounterService]",environmentFetcher,2
C:\halo-main\application\src\main\java\run\halo\app\content\comment\CommentServiceImpl.java,run.halo.app.content.comment.CommentServiceImpl,"CommentServiceImpl/5[run.halo.app.content.comment.ReactiveExtensionClient,run.halo.app.core.extension.service.UserService,run.halo.app.plugin.ExtensionComponentsFinder,run.halo.app.infra.SystemConfigurableEnvironmentFetcher,run.halo.app.metrics.CounterService]",client,2
C:\halo-main\application\src\main\java\run\halo\app\content\comment\CommentServiceImpl.java,run.halo.app.content.comment.CommentServiceImpl,"CommentServiceImpl/5[run.halo.app.content.comment.ReactiveExtensionClient,run.halo.app.core.extension.service.UserService,run.halo.app.plugin.ExtensionComponentsFinder,run.halo.app.infra.SystemConfigurableEnvironmentFetcher,run.halo.app.metrics.CounterService]",counterService,2
C:\halo-main\application\src\main\java\run\halo\app\content\comment\CommentServiceImpl.java,run.halo.app.content.comment.CommentServiceImpl,"CommentServiceImpl/5[run.halo.app.content.comment.ReactiveExtensionClient,run.halo.app.core.extension.service.UserService,run.halo.app.plugin.ExtensionComponentsFinder,run.halo.app.infra.SystemConfigurableEnvironmentFetcher,run.halo.app.metrics.CounterService]",userService,2
C:\halo-main\application\src\main\java\run\halo\app\content\comment\CommentServiceImpl.java,run.halo.app.content.comment.CommentServiceImpl,"CommentServiceImpl/5[run.halo.app.content.comment.ReactiveExtensionClient,run.halo.app.core.extension.service.UserService,run.halo.app.plugin.ExtensionComponentsFinder,run.halo.app.infra.SystemConfigurableEnvironmentFetcher,run.halo.app.metrics.CounterService]",extensionComponentsFinder,2
C:\halo-main\application\src\main\java\run\halo\app\content\comment\CommentServiceImpl.java,run.halo.app.content.comment.CommentServiceImpl,listComment/1[run.halo.app.content.comment.CommentQuery],comparator,1
C:\halo-main\application\src\main\java\run\halo\app\content\comment\CommentServiceImpl.java,run.halo.app.content.comment.CommentServiceImpl,listComment/1[run.halo.app.content.comment.CommentQuery],comments,4
C:\halo-main\application\src\main\java\run\halo\app\content\comment\CommentServiceImpl.java,run.halo.app.content.comment.CommentServiceImpl,listComment/1[run.halo.app.content.comment.CommentQuery],list,1
C:\halo-main\application\src\main\java\run\halo\app\content\comment\CommentServiceImpl.java,run.halo.app.content.comment.CommentServiceImpl,listComment/1[run.halo.app.content.comment.CommentQuery],commentQuery,5
C:\halo-main\application\src\main\java\run\halo\app\content\comment\CommentServiceImpl.java,run.halo.app.content.comment.CommentServiceImpl,create/1[run.halo.app.content.comment.Comment],owner,1
C:\halo-main\application\src\main\java\run\halo\app\content\comment\CommentServiceImpl.java,run.halo.app.content.comment.CommentServiceImpl,create/1[run.halo.app.content.comment.Comment],commentSetting,3
C:\halo-main\application\src\main\java\run\halo\app\content\comment\CommentServiceImpl.java,run.halo.app.content.comment.CommentServiceImpl,create/1[run.halo.app.content.comment.Comment],comment,16
C:\halo-main\application\src\main\java\run\halo\app\content\comment\CommentServiceImpl.java,run.halo.app.content.comment.CommentServiceImpl,getCommentSubject/1[run.halo.app.content.comment.Ref],ref,2
C:\halo-main\application\src\main\java\run\halo\app\content\comment\CommentServiceImpl.java,run.halo.app.content.comment.CommentServiceImpl,getCommentSubject/1[run.halo.app.content.comment.Ref],commentSubject,3
C:\halo-main\application\src\main\java\run\halo\app\content\comment\CommentServiceImpl.java,run.halo.app.content.comment.CommentServiceImpl,getCommentOwnerInfo/1[Comment.CommentOwner],owner,5
C:\halo-main\application\src\main\java\run\halo\app\theme\SiteSettingVariablesAcquirer.java,run.halo.app.theme.SiteSettingVariablesAcquirer,acquire/1[run.halo.app.theme.ServerWebExchange],configMap,3
C:\halo-main\application\src\main\java\run\halo\app\theme\SiteSettingVariablesAcquirer.java,run.halo.app.theme.SiteSettingVariablesAcquirer,acquire/1[run.halo.app.theme.ServerWebExchange],siteSettingVo,1
C:\halo-main\application\src\main\java\run\halo\app\theme\SiteSettingVariablesAcquirer.java,run.halo.app.theme.SiteSettingVariablesAcquirer,acquire/1[run.halo.app.theme.ServerWebExchange],exchange,0
C:\halo-main\application\src\main\java\run\halo\app\core\extension\endpoint\UserEndpoint.java,run.halo.app.core.extension.endpoint.UserEndpoint,toListedUser/1[run.halo.app.core.extension.endpoint.ListResult<run.halo.app.core.extension.endpoint.User>],listResult,3
C:\halo-main\application\src\main\java\run\halo\app\core\extension\endpoint\UserEndpoint.java,run.halo.app.core.extension.endpoint.UserEndpoint,toListedUser/1[run.halo.app.core.extension.endpoint.ListResult<run.halo.app.core.extension.endpoint.User>],roles,1
C:\halo-main\application\src\main\java\run\halo\app\core\extension\endpoint\UserEndpoint.java,run.halo.app.core.extension.endpoint.UserEndpoint,toListedUser/1[run.halo.app.core.extension.endpoint.ListResult<run.halo.app.core.extension.endpoint.User>],user,3
C:\halo-main\application\src\main\java\run\halo\app\core\extension\endpoint\UserEndpoint.java,run.halo.app.core.extension.endpoint.UserEndpoint,toListedUser/1[run.halo.app.core.extension.endpoint.ListResult<run.halo.app.core.extension.endpoint.User>],roleNames,2
C:\halo-main\application\src\main\java\run\halo\app\core\extension\endpoint\UserEndpoint.java,run.halo.app.core.extension.endpoint.UserEndpoint,toListedUser/1[run.halo.app.core.extension.endpoint.ListResult<run.halo.app.core.extension.endpoint.User>],items,1
C:\halo-main\application\src\main\java\run\halo\app\core\extension\endpoint\UserEndpoint.java,run.halo.app.core.extension.endpoint.UserEndpoint,endpoint/0,builder,14
C:\halo-main\application\src\main\java\run\halo\app\core\extension\endpoint\UserEndpoint.java,run.halo.app.core.extension.endpoint.UserEndpoint,endpoint/0,tag,14
C:\halo-main\application\src\main\java\run\halo\app\core\extension\endpoint\UserEndpoint.java,run.halo.app.core.extension.endpoint.UserEndpoint,roleNames/1[run.halo.app.core.extension.endpoint.User],roleNamesJson,2
C:\halo-main\application\src\main\java\run\halo\app\core\extension\endpoint\UserEndpoint.java,run.halo.app.core.extension.endpoint.UserEndpoint,roleNames/1[run.halo.app.core.extension.endpoint.User],annotations,1
C:\halo-main\application\src\main\java\run\halo\app\core\extension\endpoint\UserEndpoint.java,run.halo.app.core.extension.endpoint.UserEndpoint,roleNames/1[run.halo.app.core.extension.endpoint.User],user,2
C:\halo-main\application\src\main\java\run\halo\app\core\extension\endpoint\UserEndpoint.java,run.halo.app.core.extension.endpoint.UserEndpoint,grantPermission/1[run.halo.app.core.extension.endpoint.ServerRequest],request,2
C:\halo-main\application\src\main\java\run\halo\app\core\extension\endpoint\UserEndpoint.java,run.halo.app.core.extension.endpoint.UserEndpoint,grantPermission/1[run.halo.app.core.extension.endpoint.ServerRequest],username,1
C:\halo-main\application\src\main\java\run\halo\app\core\extension\endpoint\UserEndpoint.java,run.halo.app.core.extension.endpoint.UserEndpoint,grantPermission/1[run.halo.app.core.extension.endpoint.ServerRequest],grantRequest,1
C:\halo-main\application\src\main\java\run\halo\app\core\extension\endpoint\UserEndpoint.java,run.halo.app.core.extension.endpoint.UserEndpoint,toDetailedUser/1[run.halo.app.core.extension.endpoint.User],roles,1
C:\halo-main\application\src\main\java\run\halo\app\core\extension\endpoint\UserEndpoint.java,run.halo.app.core.extension.endpoint.UserEndpoint,toDetailedUser/1[run.halo.app.core.extension.endpoint.User],user,3
C:\halo-main\application\src\main\java\run\halo\app\core\extension\endpoint\UserEndpoint.java,run.halo.app.core.extension.endpoint.UserEndpoint,toDetailedUser/1[run.halo.app.core.extension.endpoint.User],roleNames,2
C:\halo-main\application\src\main\java\run\halo\app\core\extension\endpoint\UserEndpoint.java,run.halo.app.core.extension.endpoint.UserEndpoint,getUserByName/1[run.halo.app.core.extension.endpoint.ServerRequest],request,1
C:\halo-main\application\src\main\java\run\halo\app\core\extension\endpoint\UserEndpoint.java,run.halo.app.core.extension.endpoint.UserEndpoint,getUserByName/1[run.halo.app.core.extension.endpoint.ServerRequest],name,1
C:\halo-main\application\src\main\java\run\halo\app\core\extension\endpoint\UserEndpoint.java,run.halo.app.core.extension.endpoint.UserEndpoint,getUserByName/1[run.halo.app.core.extension.endpoint.ServerRequest],user,1
C:\halo-main\application\src\main\java\run\halo\app\core\extension\endpoint\UserEndpoint.java,run.halo.app.core.extension.endpoint.UserEndpoint,updateProfile/1[run.halo.app.core.extension.endpoint.ServerRequest],newSpec,6
C:\halo-main\application\src\main\java\run\halo\app\core\extension\endpoint\UserEndpoint.java,run.halo.app.core.extension.endpoint.UserEndpoint,updateProfile/1[run.halo.app.core.extension.endpoint.ServerRequest],request,1
C:\halo-main\application\src\main\java\run\halo\app\core\extension\endpoint\UserEndpoint.java,run.halo.app.core.extension.endpoint.UserEndpoint,updateProfile/1[run.halo.app.core.extension.endpoint.ServerRequest],currentUser,3
C:\halo-main\application\src\main\java\run\halo\app\core\extension\endpoint\UserEndpoint.java,run.halo.app.core.extension.endpoint.UserEndpoint,updateProfile/1[run.halo.app.core.extension.endpoint.ServerRequest],currentUserName,1
C:\halo-main\application\src\main\java\run\halo\app\core\extension\endpoint\UserEndpoint.java,run.halo.app.core.extension.endpoint.UserEndpoint,updateProfile/1[run.halo.app.core.extension.endpoint.ServerRequest],updatedUser,1
C:\halo-main\application\src\main\java\run\halo\app\core\extension\endpoint\UserEndpoint.java,run.halo.app.core.extension.endpoint.UserEndpoint,updateProfile/1[run.halo.app.core.extension.endpoint.ServerRequest],user,3
C:\halo-main\application\src\main\java\run\halo\app\core\extension\endpoint\UserEndpoint.java,run.halo.app.core.extension.endpoint.UserEndpoint,updateProfile/1[run.halo.app.core.extension.endpoint.ServerRequest],spec,6
C:\halo-main\application\src\main\java\run\halo\app\core\extension\endpoint\UserEndpoint.java,run.halo.app.core.extension.endpoint.UserEndpoint,"ListedUser/2[run.halo.app.core.extension.endpoint.User,java.util.List<run.halo.app.core.extension.endpoint.Role>]",roles,0
C:\halo-main\application\src\main\java\run\halo\app\core\extension\endpoint\UserEndpoint.java,run.halo.app.core.extension.endpoint.UserEndpoint,"ListedUser/2[run.halo.app.core.extension.endpoint.User,java.util.List<run.halo.app.core.extension.endpoint.Role>]",user,0
C:\halo-main\application\src\main\java\run\halo\app\core\extension\endpoint\UserEndpoint.java,run.halo.app.core.extension.endpoint.UserEndpoint,changePassword/1[run.halo.app.core.extension.endpoint.ServerRequest],request,2
C:\halo-main\application\src\main\java\run\halo\app\core\extension\endpoint\UserEndpoint.java,run.halo.app.core.extension.endpoint.UserEndpoint,changePassword/1[run.halo.app.core.extension.endpoint.ServerRequest],nameInPath,2
C:\halo-main\application\src\main\java\run\halo\app\core\extension\endpoint\UserEndpoint.java,run.halo.app.core.extension.endpoint.UserEndpoint,changePassword/1[run.halo.app.core.extension.endpoint.ServerRequest],password,2
C:\halo-main\application\src\main\java\run\halo\app\core\extension\endpoint\UserEndpoint.java,run.halo.app.core.extension.endpoint.UserEndpoint,changePassword/1[run.halo.app.core.extension.endpoint.ServerRequest],ctx,1
C:\halo-main\application\src\main\java\run\halo\app\core\extension\endpoint\UserEndpoint.java,run.halo.app.core.extension.endpoint.UserEndpoint,changePassword/1[run.halo.app.core.extension.endpoint.ServerRequest],updatedUser,1
C:\halo-main\application\src\main\java\run\halo\app\core\extension\endpoint\UserEndpoint.java,run.halo.app.core.extension.endpoint.UserEndpoint,changePassword/1[run.halo.app.core.extension.endpoint.ServerRequest],changePasswordRequest,1
C:\halo-main\application\src\main\java\run\halo\app\core\extension\endpoint\UserEndpoint.java,run.halo.app.core.extension.endpoint.UserEndpoint,changePassword/1[run.halo.app.core.extension.endpoint.ServerRequest],username,1
C:\halo-main\application\src\main\java\run\halo\app\core\extension\endpoint\UserEndpoint.java,run.halo.app.core.extension.endpoint.UserEndpoint,uiPermissions/1[java.util.Set<run.halo.app.core.extension.endpoint.Role>],role,3
C:\halo-main\application\src\main\java\run\halo\app\core\extension\endpoint\UserEndpoint.java,run.halo.app.core.extension.endpoint.UserEndpoint,uiPermissions/1[java.util.Set<run.halo.app.core.extension.endpoint.Role>],roles,1
C:\halo-main\application\src\main\java\run\halo\app\core\extension\endpoint\UserEndpoint.java,run.halo.app.core.extension.endpoint.UserEndpoint,uiPermissions/1[java.util.Set<run.halo.app.core.extension.endpoint.Role>],annotations,1
C:\halo-main\application\src\main\java\run\halo\app\core\extension\endpoint\UserEndpoint.java,run.halo.app.core.extension.endpoint.UserEndpoint,uiPermissions/1[java.util.Set<run.halo.app.core.extension.endpoint.Role>],uiPermissionStr,2
C:\halo-main\application\src\main\java\run\halo\app\core\extension\endpoint\UserEndpoint.java,run.halo.app.core.extension.endpoint.UserEndpoint,uiPermissions/1[java.util.Set<run.halo.app.core.extension.endpoint.Role>],roleNames,1
C:\halo-main\application\src\main\java\run\halo\app\core\extension\endpoint\UserEndpoint.java,run.halo.app.core.extension.endpoint.UserEndpoint,checkRoles/1[run.halo.app.core.extension.endpoint.GrantRequest],request,2
C:\halo-main\application\src\main\java\run\halo\app\core\extension\endpoint\UserEndpoint.java,run.halo.app.core.extension.endpoint.UserEndpoint,checkRoles/1[run.halo.app.core.extension.endpoint.GrantRequest],role,1
C:\halo-main\application\src\main\java\run\halo\app\core\extension\endpoint\UserEndpoint.java,run.halo.app.core.extension.endpoint.UserEndpoint,GrantRequest/1[java.util.Set<java.lang.String>],roles,0
C:\halo-main\application\src\main\java\run\halo\app\core\extension\endpoint\UserEndpoint.java,run.halo.app.core.extension.endpoint.UserEndpoint,me/1[run.halo.app.core.extension.endpoint.ServerRequest],request,0
C:\halo-main\application\src\main\java\run\halo\app\core\extension\endpoint\UserEndpoint.java,run.halo.app.core.extension.endpoint.UserEndpoint,me/1[run.halo.app.core.extension.endpoint.ServerRequest],ctx,1
C:\halo-main\application\src\main\java\run\halo\app\core\extension\endpoint\UserEndpoint.java,run.halo.app.core.extension.endpoint.UserEndpoint,me/1[run.halo.app.core.extension.endpoint.ServerRequest],name,1
C:\halo-main\application\src\main\java\run\halo\app\core\extension\endpoint\UserEndpoint.java,run.halo.app.core.extension.endpoint.UserEndpoint,me/1[run.halo.app.core.extension.endpoint.ServerRequest],user,1
C:\halo-main\application\src\main\java\run\halo\app\core\extension\endpoint\UserEndpoint.java,run.halo.app.core.extension.endpoint.UserEndpoint,"UserPermission/2[java.util.Set<run.halo.app.core.extension.endpoint.Role>,java.util.Set<java.lang.String>]",roles,0
C:\halo-main\application\src\main\java\run\halo\app\core\extension\endpoint\UserEndpoint.java,run.halo.app.core.extension.endpoint.UserEndpoint,"UserPermission/2[java.util.Set<run.halo.app.core.extension.endpoint.Role>,java.util.Set<java.lang.String>]",uiPermissions,0
C:\halo-main\application\src\main\java\run\halo\app\core\extension\endpoint\UserEndpoint.java,run.halo.app.core.extension.endpoint.UserEndpoint,getUserPermission/1[run.halo.app.core.extension.endpoint.ServerRequest],result,1
C:\halo-main\application\src\main\java\run\halo\app\core\extension\endpoint\UserEndpoint.java,run.halo.app.core.extension.endpoint.UserEndpoint,getUserPermission/1[run.halo.app.core.extension.endpoint.ServerRequest],request,1
C:\halo-main\application\src\main\java\run\halo\app\core\extension\endpoint\UserEndpoint.java,run.halo.app.core.extension.endpoint.UserEndpoint,getUserPermission/1[run.halo.app.core.extension.endpoint.ServerRequest],role,1
C:\halo-main\application\src\main\java\run\halo\app\core\extension\endpoint\UserEndpoint.java,run.halo.app.core.extension.endpoint.UserEndpoint,getUserPermission/1[run.halo.app.core.extension.endpoint.ServerRequest],ctx,1
C:\halo-main\application\src\main\java\run\halo\app\core\extension\endpoint\UserEndpoint.java,run.halo.app.core.extension.endpoint.UserEndpoint,getUserPermission/1[run.halo.app.core.extension.endpoint.ServerRequest],roles,3
C:\halo-main\application\src\main\java\run\halo\app\core\extension\endpoint\UserEndpoint.java,run.halo.app.core.extension.endpoint.UserEndpoint,getUserPermission/1[run.halo.app.core.extension.endpoint.ServerRequest],name,2
C:\halo-main\application\src\main\java\run\halo\app\core\extension\endpoint\UserEndpoint.java,run.halo.app.core.extension.endpoint.UserEndpoint,getUserPermission/1[run.halo.app.core.extension.endpoint.ServerRequest],uiPermissions,1
C:\halo-main\application\src\main\java\run\halo\app\core\extension\endpoint\UserEndpoint.java,run.halo.app.core.extension.endpoint.UserEndpoint,getUserPermission/1[run.halo.app.core.extension.endpoint.ServerRequest],list,2
C:\halo-main\application\src\main\java\run\halo\app\core\extension\endpoint\UserEndpoint.java,run.halo.app.core.extension.endpoint.UserEndpoint,list/1[run.halo.app.core.extension.endpoint.ServerRequest],request,1
C:\halo-main\application\src\main\java\run\halo\app\core\extension\endpoint\UserEndpoint.java,run.halo.app.core.extension.endpoint.UserEndpoint,list/1[run.halo.app.core.extension.endpoint.ServerRequest],predicate,1
C:\halo-main\application\src\main\java\run\halo\app\core\extension\endpoint\UserEndpoint.java,run.halo.app.core.extension.endpoint.UserEndpoint,list/1[run.halo.app.core.extension.endpoint.ServerRequest],comparator,1
C:\halo-main\application\src\main\java\run\halo\app\core\extension\endpoint\UserEndpoint.java,run.halo.app.core.extension.endpoint.UserEndpoint,list/1[run.halo.app.core.extension.endpoint.ServerRequest],listResult,1
C:\halo-main\application\src\main\java\run\halo\app\core\extension\endpoint\UserEndpoint.java,run.halo.app.core.extension.endpoint.UserEndpoint,list/1[run.halo.app.core.extension.endpoint.ServerRequest],listRequest,4
C:\halo-main\application\src\main\java\run\halo\app\core\extension\endpoint\UserEndpoint.java,run.halo.app.core.extension.endpoint.UserEndpoint,"convertFrom/2[run.halo.app.core.extension.endpoint.ListResult<?>,java.util.List<T>]",listResult,4
C:\halo-main\application\src\main\java\run\halo\app\core\extension\endpoint\UserEndpoint.java,run.halo.app.core.extension.endpoint.UserEndpoint,"convertFrom/2[run.halo.app.core.extension.endpoint.ListResult<?>,java.util.List<T>]",items,2
C:\halo-main\application\src\main\java\run\halo\app\core\extension\endpoint\UserEndpoint.java,run.halo.app.core.extension.endpoint.UserEndpoint,ChangePasswordRequest/1[java.lang.String],password,0
C:\halo-main\application\src\main\java\run\halo\app\core\extension\endpoint\UserEndpoint.java,run.halo.app.core.extension.endpoint.UserEndpoint,"DetailedUser/2[run.halo.app.core.extension.endpoint.User,java.util.List<run.halo.app.core.extension.endpoint.Role>]",roles,0
C:\halo-main\application\src\main\java\run\halo\app\core\extension\endpoint\UserEndpoint.java,run.halo.app.core.extension.endpoint.UserEndpoint,"DetailedUser/2[run.halo.app.core.extension.endpoint.User,java.util.List<run.halo.app.core.extension.endpoint.Role>]",user,0
C:\halo-main\application\src\main\java\run\halo\app\extension\router\ExtensionDeleteHandler.java,run.halo.app.extension.router.ExtensionDeleteHandler,"ExtensionDeleteHandler/2[run.halo.app.extension.router.Scheme,run.halo.app.extension.router.ReactiveExtensionClient]",scheme,2
C:\halo-main\application\src\main\java\run\halo\app\extension\router\ExtensionDeleteHandler.java,run.halo.app.extension.router.ExtensionDeleteHandler,"ExtensionDeleteHandler/2[run.halo.app.extension.router.Scheme,run.halo.app.extension.router.ReactiveExtensionClient]",client,2
C:\halo-main\application\src\main\java\run\halo\app\extension\router\ExtensionDeleteHandler.java,run.halo.app.extension.router.ExtensionDeleteHandler,handle/1[run.halo.app.extension.router.ServerRequest],request,1
C:\halo-main\application\src\main\java\run\halo\app\extension\router\ExtensionDeleteHandler.java,run.halo.app.extension.router.ExtensionDeleteHandler,handle/1[run.halo.app.extension.router.ServerRequest],deleted,1
C:\halo-main\application\src\main\java\run\halo\app\extension\router\ExtensionDeleteHandler.java,run.halo.app.extension.router.ExtensionDeleteHandler,handle/1[run.halo.app.extension.router.ServerRequest],name,1
C:\halo-main\application\src\main\java\run\halo\app\search\IndicesEndpoint.java,run.halo.app.search.IndicesEndpoint,IndicesEndpoint/1[run.halo.app.search.IndicesService],indicesService,2
C:\halo-main\application\src\main\java\run\halo\app\search\IndicesEndpoint.java,run.halo.app.search.IndicesEndpoint,endpoint/0,builder,1
C:\halo-main\application\src\main\java\run\halo\app\search\IndicesEndpoint.java,run.halo.app.search.IndicesEndpoint,endpoint/0,tag,2
C:\halo-main\application\src\main\java\run\halo\app\search\IndicesEndpoint.java,run.halo.app.search.IndicesEndpoint,rebuildPostIndices/1[run.halo.app.search.ServerRequest],request,0
C:\halo-main\application\src\test\java\run\halo\app\extension\DefaultSchemeWatcherManagerTest.java,run.halo.app.extension.DefaultSchemeWatcherManagerTest,shouldReturnCopyOfWatchers/0,watcher,0
C:\halo-main\application\src\test\java\run\halo\app\extension\DefaultSchemeWatcherManagerTest.java,run.halo.app.extension.DefaultSchemeWatcherManagerTest,shouldReturnCopyOfWatchers/0,secondWatcher,1
C:\halo-main\application\src\test\java\run\halo\app\extension\DefaultSchemeWatcherManagerTest.java,run.halo.app.extension.DefaultSchemeWatcherManagerTest,shouldReturnCopyOfWatchers/0,firstWatcher,1
C:\halo-main\application\src\test\java\run\halo\app\extension\DefaultSchemeWatcherManagerTest.java,run.halo.app.extension.DefaultSchemeWatcherManagerTest,shouldReturnCopyOfWatchers/0,watchers,2
C:\halo-main\application\src\test\java\run\halo\app\extension\DefaultSchemeWatcherManagerTest.java,run.halo.app.extension.DefaultSchemeWatcherManagerTest,shouldRegisterSuccessfully/0,watcher,2
C:\halo-main\application\src\test\java\run\halo\app\extension\DefaultSchemeWatcherManagerTest.java,run.halo.app.extension.DefaultSchemeWatcherManagerTest,shouldUnregisterSuccessfully/0,watcher,3
C:\halo-main\application\src\main\java\run\halo\app\extension\store\ReactiveExtensionStoreClientImpl.java,run.halo.app.extension.store.ReactiveExtensionStoreClientImpl,"update/3[java.lang.String,java.lang.Long,byte[]]",data,1
C:\halo-main\application\src\main\java\run\halo\app\extension\store\ReactiveExtensionStoreClientImpl.java,run.halo.app.extension.store.ReactiveExtensionStoreClientImpl,"update/3[java.lang.String,java.lang.Long,byte[]]",name,1
C:\halo-main\application\src\main\java\run\halo\app\extension\store\ReactiveExtensionStoreClientImpl.java,run.halo.app.extension.store.ReactiveExtensionStoreClientImpl,"update/3[java.lang.String,java.lang.Long,byte[]]",version,1
C:\halo-main\application\src\main\java\run\halo\app\extension\store\ReactiveExtensionStoreClientImpl.java,run.halo.app.extension.store.ReactiveExtensionStoreClientImpl,listByNamePrefix/1[java.lang.String],prefix,1
C:\halo-main\application\src\main\java\run\halo\app\extension\store\ReactiveExtensionStoreClientImpl.java,run.halo.app.extension.store.ReactiveExtensionStoreClientImpl,fetchByName/1[java.lang.String],name,1
C:\halo-main\application\src\main\java\run\halo\app\extension\store\ReactiveExtensionStoreClientImpl.java,run.halo.app.extension.store.ReactiveExtensionStoreClientImpl,ReactiveExtensionStoreClientImpl/1[run.halo.app.extension.store.ExtensionStoreRepository],repository,2
C:\halo-main\application\src\main\java\run\halo\app\extension\store\ReactiveExtensionStoreClientImpl.java,run.halo.app.extension.store.ReactiveExtensionStoreClientImpl,"create/2[java.lang.String,byte[]]",data,1
C:\halo-main\application\src\main\java\run\halo\app\extension\store\ReactiveExtensionStoreClientImpl.java,run.halo.app.extension.store.ReactiveExtensionStoreClientImpl,"create/2[java.lang.String,byte[]]",t,1
C:\halo-main\application\src\main\java\run\halo\app\extension\store\ReactiveExtensionStoreClientImpl.java,run.halo.app.extension.store.ReactiveExtensionStoreClientImpl,"create/2[java.lang.String,byte[]]",name,1
C:\halo-main\application\src\main\java\run\halo\app\extension\store\ReactiveExtensionStoreClientImpl.java,run.halo.app.extension.store.ReactiveExtensionStoreClientImpl,"delete/2[java.lang.String,java.lang.Long]",name,1
C:\halo-main\application\src\main\java\run\halo\app\extension\store\ReactiveExtensionStoreClientImpl.java,run.halo.app.extension.store.ReactiveExtensionStoreClientImpl,"delete/2[java.lang.String,java.lang.Long]",version,1
C:\halo-main\application\src\main\java\run\halo\app\extension\store\ReactiveExtensionStoreClientImpl.java,run.halo.app.extension.store.ReactiveExtensionStoreClientImpl,"delete/2[java.lang.String,java.lang.Long]",extensionStore,3
C:\halo-main\application\src\main\java\run\halo\app\theme\finders\vo\UserVo.java,run.halo.app.theme.finders.vo.UserVo,from/1[run.halo.app.theme.finders.vo.User],userSpecCopy,2
C:\halo-main\application\src\main\java\run\halo\app\theme\finders\vo\UserVo.java,run.halo.app.theme.finders.vo.UserVo,from/1[run.halo.app.theme.finders.vo.User],statusCopy,3
C:\halo-main\application\src\main\java\run\halo\app\theme\finders\vo\UserVo.java,run.halo.app.theme.finders.vo.UserVo,from/1[run.halo.app.theme.finders.vo.User],user,3
C:\halo-main\application\src\main\java\run\halo\app\actuator\DatabaseInfoContributor.java,run.halo.app.actuator.DatabaseInfoContributor,getConnectionMetadata/0,conn,3
C:\halo-main\application\src\main\java\run\halo\app\actuator\DatabaseInfoContributor.java,run.halo.app.actuator.DatabaseInfoContributor,getConnectionMetadata/0,t,0
C:\halo-main\application\src\main\java\run\halo\app\actuator\DatabaseInfoContributor.java,run.halo.app.actuator.DatabaseInfoContributor,contribute/1[Info.Builder],builder,1
C:\halo-main\application\src\main\java\run\halo\app\actuator\DatabaseInfoContributor.java,run.halo.app.actuator.DatabaseInfoContributor,contributorMap/0,connectionMetadata,3
C:\halo-main\application\src\main\java\run\halo\app\actuator\DatabaseInfoContributor.java,run.halo.app.actuator.DatabaseInfoContributor,contributorMap/0,map,4
C:\halo-main\application\src\main\java\run\halo\app\actuator\DatabaseInfoContributor.java,run.halo.app.actuator.DatabaseInfoContributor,DatabaseInfoContributor/1[run.halo.app.actuator.ConnectionFactory],connectionFactory,2
C:\halo-main\application\src\main\java\run\halo\app\extension\exception\ExtensionNotFoundException.java,run.halo.app.extension.exception.ExtensionNotFoundException,"ExtensionNotFoundException/2[run.halo.app.extension.exception.GroupVersionKind,java.lang.String]",name,2
C:\halo-main\application\src\main\java\run\halo\app\extension\exception\ExtensionNotFoundException.java,run.halo.app.extension.exception.ExtensionNotFoundException,"ExtensionNotFoundException/2[run.halo.app.extension.exception.GroupVersionKind,java.lang.String]",gvk,2
C:\halo-main\application\src\test\java\run\halo\app\core\extension\reconciler\MenuItemReconcilerTest.java,run.halo.app.core.extension.reconciler.MenuItemReconcilerTest,"createMenuItem/2[java.lang.String,java.util.function.Consumer<run.halo.app.core.extension.reconciler.MenuItemSpec>]",metadata,2
C:\halo-main\application\src\test\java\run\halo\app\core\extension\reconciler\MenuItemReconcilerTest.java,run.halo.app.core.extension.reconciler.MenuItemReconcilerTest,"createMenuItem/2[java.lang.String,java.util.function.Consumer<run.halo.app.core.extension.reconciler.MenuItemSpec>]",name,1
C:\halo-main\application\src\test\java\run\halo\app\core\extension\reconciler\MenuItemReconcilerTest.java,run.halo.app.core.extension.reconciler.MenuItemReconcilerTest,"createMenuItem/2[java.lang.String,java.util.function.Consumer<run.halo.app.core.extension.reconciler.MenuItemSpec>]",specCustomizer,2
C:\halo-main\application\src\test\java\run\halo\app\core\extension\reconciler\MenuItemReconcilerTest.java,run.halo.app.core.extension.reconciler.MenuItemReconcilerTest,"createMenuItem/2[java.lang.String,java.util.function.Consumer<run.halo.app.core.extension.reconciler.MenuItemSpec>]",menuItem,3
C:\halo-main\application\src\test\java\run\halo\app\core\extension\reconciler\MenuItemReconcilerTest.java,run.halo.app.core.extension.reconciler.MenuItemReconcilerTest,"createMenuItem/2[java.lang.String,java.util.function.Consumer<run.halo.app.core.extension.reconciler.MenuItemSpec>]",spec,2
C:\halo-main\application\src\test\java\run\halo\app\core\extension\theme\ThemeServiceImplTest.java,run.halo.app.core.extension.theme.ThemeServiceImplTest$InstallTest,shouldFailWhenPersistentError/0,defaultThemeZipPath,1
C:\halo-main\application\src\test\java\run\halo\app\core\extension\theme\ThemeServiceImplTest.java,run.halo.app.core.extension.theme.ThemeServiceImplTest$InstallTest,shouldFailWhenPersistentError/0,is,1
C:\halo-main\application\src\test\java\run\halo\app\core\extension\theme\ThemeServiceImplTest.java,run.halo.app.core.extension.theme.ThemeServiceImplTest$InstallTest,shouldInstallSuccessfully/0,defaultThemeZipPath,1
C:\halo-main\application\src\test\java\run\halo\app\core\extension\theme\ThemeServiceImplTest.java,run.halo.app.core.extension.theme.ThemeServiceImplTest$InstallTest,shouldInstallSuccessfully/0,is,1
C:\halo-main\application\src\test\java\run\halo\app\core\extension\theme\ThemeServiceImplTest.java,run.halo.app.core.extension.theme.ThemeServiceImplTest$InstallTest,shouldInstallSuccessfully/0,theme,2
C:\halo-main\application\src\test\java\run\halo\app\core\extension\theme\ThemeServiceImplTest.java,run.halo.app.core.extension.theme.ThemeServiceImplTest$InstallTest,shouldFailWhenThemeManifestIsInvalid/0,defaultThemeZipPath,1
C:\halo-main\application\src\test\java\run\halo\app\core\extension\theme\ThemeServiceImplTest.java,run.halo.app.core.extension.theme.ThemeServiceImplTest$InstallTest,shouldFailWhenThemeManifestIsInvalid/0,is,1
C:\halo-main\application\src\main\java\run\halo\app\content\SinglePageQuery.java,run.halo.app.content.SinglePageQuery,getContributors/0,contributorList,2
C:\halo-main\application\src\main\java\run\halo\app\content\SinglePageQuery.java,run.halo.app.content.SinglePageQuery,getPublishPhase/0,publishPhase,1
C:\halo-main\application\src\main\java\run\halo\app\content\SinglePageQuery.java,run.halo.app.content.SinglePageQuery,getSort/0,sort,1
C:\halo-main\application\src\main\java\run\halo\app\content\SinglePageQuery.java,run.halo.app.content.SinglePageQuery,getSortOrder/0,sortOrder,1
C:\halo-main\application\src\main\java\run\halo\app\content\SinglePageQuery.java,run.halo.app.content.SinglePageQuery,getVisible/0,visible,1
C:\halo-main\application\src\main\java\run\halo\app\content\SinglePageQuery.java,run.halo.app.content.SinglePageQuery,convertBooleanOrNull/1[java.lang.String],value,2
C:\halo-main\application\src\main\java\run\halo\app\content\SinglePageQuery.java,run.halo.app.content.SinglePageQuery,"SinglePageQuery/1[run.halo.app.content.MultiValueMap<java.lang.String,java.lang.String>]",queryParams,1
C:\halo-main\application\src\test\java\run\halo\app\core\extension\reconciler\PluginReconcilerTest.java,run.halo.app.core.extension.reconciler.PluginReconcilerTest,shouldReconcileStopWhenEnabledIsFalseAndPhaseIsStopped/0,invocation,0
C:\halo-main\application\src\test\java\run\halo\app\core\extension\reconciler\PluginReconcilerTest.java,run.halo.app.core.extension.reconciler.PluginReconcilerTest,shouldReconcileStopWhenEnabledIsFalseAndPhaseIsStopped/0,plugin,1
C:\halo-main\application\src\test\java\run\halo\app\core\extension\reconciler\PluginReconcilerTest.java,run.halo.app.core.extension.reconciler.PluginReconcilerTest,shouldReconcileStopWhenEnabledIsFalseAndPhaseIsStopped/0,updateArgs,3
C:\halo-main\application\src\test\java\run\halo\app\core\extension\reconciler\PluginReconcilerTest.java,run.halo.app.core.extension.reconciler.PluginReconcilerTest,shouldReconcileStopWhenEnabledIsFalseAndPhaseIsStopped/0,pluginCaptor,1
C:\halo-main\application\src\test\java\run\halo\app\core\extension\reconciler\PluginReconcilerTest.java,run.halo.app.core.extension.reconciler.PluginReconcilerTest,shouldReconcileStopWhenEnabledIsFalseAndPhaseIsStartedButStopFailed/0,plugin,1
C:\halo-main\application\src\test\java\run\halo\app\core\extension\reconciler\PluginReconcilerTest.java,run.halo.app.core.extension.reconciler.PluginReconcilerTest,shouldReconcileStopWhenEnabledIsFalseAndPhaseIsStartedButStopFailed/0,updateArgs,3
C:\halo-main\application\src\test\java\run\halo\app\core\extension\reconciler\PluginReconcilerTest.java,run.halo.app.core.extension.reconciler.PluginReconcilerTest,shouldReconcileStopWhenEnabledIsFalseAndPhaseIsStartedButStopFailed/0,pluginCaptor,1
C:\halo-main\application\src\test\java\run\halo\app\core\extension\reconciler\PluginReconcilerTest.java,run.halo.app.core.extension.reconciler.PluginReconcilerTest,shouldReconcileStopWhenEnabledIsFalseAndPhaseIsStartedButStopFailed/0,status,1
C:\halo-main\application\src\test\java\run\halo\app\core\extension\reconciler\PluginReconcilerTest.java,run.halo.app.core.extension.reconciler.PluginReconcilerTest,doReconcileWithoutRequeue/0,result,2
C:\halo-main\application\src\test\java\run\halo\app\core\extension\reconciler\PluginReconcilerTest.java,run.halo.app.core.extension.reconciler.PluginReconcilerTest,doReconcileWithoutRequeue/0,pluginCaptor,2
C:\halo-main\application\src\test\java\run\halo\app\core\extension\reconciler\PluginReconcilerTest.java,run.halo.app.core.extension.reconciler.PluginReconcilerTest,createInitialReverseProxyWhenNotExistAndLogoIsPath/0,plugin,3
C:\halo-main\application\src\test\java\run\halo\app\core\extension\reconciler\PluginReconcilerTest.java,run.halo.app.core.extension.reconciler.PluginReconcilerTest,createInitialReverseProxyWhenNotExistAndLogoIsPath/0,reverseProxyName,1
C:\halo-main\application\src\test\java\run\halo\app\core\extension\reconciler\PluginReconcilerTest.java,run.halo.app.core.extension.reconciler.PluginReconcilerTest,createInitialReverseProxyWhenNotExistAndLogoIsPath/0,value,1
C:\halo-main\application\src\test\java\run\halo\app\core\extension\reconciler\PluginReconcilerTest.java,run.halo.app.core.extension.reconciler.PluginReconcilerTest,createInitialReverseProxyWhenNotExistAndLogoIsPath/0,captor,2
C:\halo-main\application\src\test\java\run\halo\app\core\extension\reconciler\PluginReconcilerTest.java,run.halo.app.core.extension.reconciler.PluginReconcilerTest,reconcileOkWhenPluginManagerStartFailed/0,invocation,0
C:\halo-main\application\src\test\java\run\halo\app\core\extension\reconciler\PluginReconcilerTest.java,run.halo.app.core.extension.reconciler.PluginReconcilerTest,reconcileOkWhenPluginManagerStartFailed/0,plugin,1
C:\halo-main\application\src\test\java\run\halo\app\core\extension\reconciler\PluginReconcilerTest.java,run.halo.app.core.extension.reconciler.PluginReconcilerTest,reconcileOkWhenPluginManagerStartFailed/0,updateArgs,3
C:\halo-main\application\src\test\java\run\halo\app\core\extension\reconciler\PluginReconcilerTest.java,run.halo.app.core.extension.reconciler.PluginReconcilerTest,reconcileOkWhenPluginManagerStartFailed/0,pluginCaptor,1
C:\halo-main\application\src\test\java\run\halo\app\core\extension\reconciler\PluginReconcilerTest.java,run.halo.app.core.extension.reconciler.PluginReconcilerTest,reconcileOkWhenPluginManagerStartFailed/0,pluginStartingError,1
C:\halo-main\application\src\test\java\run\halo\app\core\extension\reconciler\PluginReconcilerTest.java,run.halo.app.core.extension.reconciler.PluginReconcilerTest,reconcileOkWhenPluginManagerStartFailed/0,status,4
C:\halo-main\application\src\test\java\run\halo\app\core\extension\reconciler\PluginReconcilerTest.java,run.halo.app.core.extension.reconciler.PluginReconcilerTest,createInitialReverseProxyWhenExist/0,plugin,4
C:\halo-main\application\src\test\java\run\halo\app\core\extension\reconciler\PluginReconcilerTest.java,run.halo.app.core.extension.reconciler.PluginReconcilerTest,createInitialReverseProxyWhenExist/0,reverseProxyName,2
C:\halo-main\application\src\test\java\run\halo\app\core\extension\reconciler\PluginReconcilerTest.java,run.halo.app.core.extension.reconciler.PluginReconcilerTest,createInitialReverseProxyWhenExist/0,reverseProxy,4
C:\halo-main\application\src\test\java\run\halo\app\core\extension\reconciler\PluginReconcilerTest.java,run.halo.app.core.extension.reconciler.PluginReconcilerTest,shouldReconcileStopWhenEnabledIsFalseAndPhaseIsStarted/0,invocation,0
C:\halo-main\application\src\test\java\run\halo\app\core\extension\reconciler\PluginReconcilerTest.java,run.halo.app.core.extension.reconciler.PluginReconcilerTest,shouldReconcileStopWhenEnabledIsFalseAndPhaseIsStarted/0,plugin,1
C:\halo-main\application\src\test\java\run\halo\app\core\extension\reconciler\PluginReconcilerTest.java,run.halo.app.core.extension.reconciler.PluginReconcilerTest,shouldReconcileStopWhenEnabledIsFalseAndPhaseIsStarted/0,updateArgs,3
C:\halo-main\application\src\test\java\run\halo\app\core\extension\reconciler\PluginReconcilerTest.java,run.halo.app.core.extension.reconciler.PluginReconcilerTest,shouldReconcileStopWhenEnabledIsFalseAndPhaseIsStarted/0,pluginCaptor,1
C:\halo-main\application\src\test\java\run\halo\app\core\extension\reconciler\PluginReconcilerTest.java,run.halo.app.core.extension.reconciler.PluginReconcilerTest,createInitialReverseProxyWhenNotExistAndLogoIsAbsolute/0,plugin,3
C:\halo-main\application\src\test\java\run\halo\app\core\extension\reconciler\PluginReconcilerTest.java,run.halo.app.core.extension.reconciler.PluginReconcilerTest,createInitialReverseProxyWhenNotExistAndLogoIsAbsolute/0,reverseProxyName,1
C:\halo-main\application\src\test\java\run\halo\app\core\extension\reconciler\PluginReconcilerTest.java,run.halo.app.core.extension.reconciler.PluginReconcilerTest,createInitialReverseProxyWhenNotExistAndLogoIsAbsolute/0,value,1
C:\halo-main\application\src\test\java\run\halo\app\core\extension\reconciler\PluginReconcilerTest.java,run.halo.app.core.extension.reconciler.PluginReconcilerTest,createInitialReverseProxyWhenNotExistAndLogoIsAbsolute/0,captor,2
C:\halo-main\application\src\test\java\run\halo\app\core\extension\reconciler\PluginReconcilerTest.java,run.halo.app.core.extension.reconciler.PluginReconcilerTest,doReconcileNeedRequeue/0,result,2
C:\halo-main\application\src\test\java\run\halo\app\core\extension\reconciler\PluginReconcilerTest.java,run.halo.app.core.extension.reconciler.PluginReconcilerTest,doReconcileNeedRequeue/0,pluginCaptor,2
C:\halo-main\application\src\test\java\run\halo\app\core\extension\reconciler\PluginReconcilerTest.java,run.halo.app.core.extension.reconciler.PluginReconcilerTest,reconcileOkWhenPluginManagerStartSuccessfully/0,invocation,0
C:\halo-main\application\src\test\java\run\halo\app\core\extension\reconciler\PluginReconcilerTest.java,run.halo.app.core.extension.reconciler.PluginReconcilerTest,reconcileOkWhenPluginManagerStartSuccessfully/0,plugin,1
C:\halo-main\application\src\test\java\run\halo\app\core\extension\reconciler\PluginReconcilerTest.java,run.halo.app.core.extension.reconciler.PluginReconcilerTest,reconcileOkWhenPluginManagerStartSuccessfully/0,updateArgs,4
C:\halo-main\application\src\test\java\run\halo\app\core\extension\reconciler\PluginReconcilerTest.java,run.halo.app.core.extension.reconciler.PluginReconcilerTest,reconcileOkWhenPluginManagerStartSuccessfully/0,pluginCaptor,1
C:\halo-main\application\src\main\java\run\halo\app\theme\finders\vo\VisualizableTreeNode.java,run.halo.app.theme.finders.vo.VisualizableTreeNode,"print/3[java.lang.StringBuilder,java.lang.String,java.lang.String]",next,3
C:\halo-main\application\src\main\java\run\halo\app\theme\finders\vo\VisualizableTreeNode.java,run.halo.app.theme.finders.vo.VisualizableTreeNode,"print/3[java.lang.StringBuilder,java.lang.String,java.lang.String]",prefix,1
C:\halo-main\application\src\main\java\run\halo\app\theme\finders\vo\VisualizableTreeNode.java,run.halo.app.theme.finders.vo.VisualizableTreeNode,"print/3[java.lang.StringBuilder,java.lang.String,java.lang.String]",buffer,5
C:\halo-main\application\src\main\java\run\halo\app\theme\finders\vo\VisualizableTreeNode.java,run.halo.app.theme.finders.vo.VisualizableTreeNode,"print/3[java.lang.StringBuilder,java.lang.String,java.lang.String]",it,3
C:\halo-main\application\src\main\java\run\halo\app\theme\finders\vo\VisualizableTreeNode.java,run.halo.app.theme.finders.vo.VisualizableTreeNode,"print/3[java.lang.StringBuilder,java.lang.String,java.lang.String]",childrenPrefix,4
C:\halo-main\application\src\main\java\run\halo\app\core\extension\service\RoleService.java,run.halo.app.core.extension.service.RoleService,listDependenciesFlux/1[java.util.Set<java.lang.String>],names,0
C:\halo-main\application\src\main\java\run\halo\app\core\extension\service\RoleService.java,run.halo.app.core.extension.service.RoleService,list/1[java.util.Set<java.lang.String>],roleNames,0
C:\halo-main\application\src\main\java\run\halo\app\core\extension\service\RoleService.java,run.halo.app.core.extension.service.RoleService,getRole/1[java.lang.String],name,0
C:\halo-main\application\src\main\java\run\halo\app\core\extension\service\RoleService.java,run.halo.app.core.extension.service.RoleService,listDependencies/1[java.util.Set<java.lang.String>],names,0
C:\halo-main\application\src\main\java\run\halo\app\core\extension\service\RoleService.java,run.halo.app.core.extension.service.RoleService,listRoleRefs/1[run.halo.app.core.extension.service.Subject],subject,0
C:\halo-main\application\src\main\java\run\halo\app\core\extension\service\RoleService.java,run.halo.app.core.extension.service.RoleService,getMonoRole/1[java.lang.String],name,0
C:\halo-main\application\src\test\java\run\halo\app\core\extension\theme\ThemeServiceImplTest.java,run.halo.app.core.extension.theme.ThemeServiceImplTest,resetSettingConfig/0,next,1
C:\halo-main\application\src\test\java\run\halo\app\core\extension\theme\ThemeServiceImplTest.java,run.halo.app.core.extension.theme.ThemeServiceImplTest,resetSettingConfig/0,formSchemaItem,1
C:\halo-main\application\src\test\java\run\halo\app\core\extension\theme\ThemeServiceImplTest.java,run.halo.app.core.extension.theme.ThemeServiceImplTest,resetSettingConfig/0,invocation,2
C:\halo-main\application\src\test\java\run\halo\app\core\extension\theme\ThemeServiceImplTest.java,run.halo.app.core.extension.theme.ThemeServiceImplTest,resetSettingConfig/0,argument,1
C:\halo-main\application\src\test\java\run\halo\app\core\extension\theme\ThemeServiceImplTest.java,run.halo.app.core.extension.theme.ThemeServiceImplTest,resetSettingConfig/0,settingForm,3
C:\halo-main\application\src\test\java\run\halo\app\core\extension\theme\ThemeServiceImplTest.java,run.halo.app.core.extension.theme.ThemeServiceImplTest,resetSettingConfig/0,configMap,3
C:\halo-main\application\src\test\java\run\halo\app\core\extension\theme\ThemeServiceImplTest.java,run.halo.app.core.extension.theme.ThemeServiceImplTest,resetSettingConfig/0,theme,7
C:\halo-main\application\src\test\java\run\halo\app\core\extension\theme\ThemeServiceImplTest.java,run.halo.app.core.extension.theme.ThemeServiceImplTest,resetSettingConfig/0,setting,6
C:\halo-main\application\src\test\java\run\halo\app\core\extension\theme\ThemeServiceImplTest.java,run.halo.app.core.extension.theme.ThemeServiceImplTest,convert/1[run.halo.app.core.extension.theme.Theme],theme,1
C:\halo-main\application\src\test\java\run\halo\app\core\extension\theme\ThemeServiceImplTest.java,run.halo.app.core.extension.theme.ThemeServiceImplTest,createTheme/1[java.util.function.Consumer<run.halo.app.core.extension.theme.Theme>],metadata,2
C:\halo-main\application\src\test\java\run\halo\app\core\extension\theme\ThemeServiceImplTest.java,run.halo.app.core.extension.theme.ThemeServiceImplTest,createTheme/1[java.util.function.Consumer<run.halo.app.core.extension.theme.Theme>],theme,4
C:\halo-main\application\src\test\java\run\halo\app\core\extension\theme\ThemeServiceImplTest.java,run.halo.app.core.extension.theme.ThemeServiceImplTest,createTheme/1[java.util.function.Consumer<run.halo.app.core.extension.theme.Theme>],customizer,1
C:\halo-main\application\src\test\java\run\halo\app\core\extension\theme\ThemeServiceImplTest.java,run.halo.app.core.extension.theme.ThemeServiceImplTest,createTheme/1[java.util.function.Consumer<run.halo.app.core.extension.theme.Theme>],spec,2
C:\halo-main\application\src\test\java\run\halo\app\core\extension\theme\ThemeServiceImplTest.java,run.halo.app.core.extension.theme.ThemeServiceImplTest,reloadThemeWhenSettingNameSetBeforeThenDeleteSetting/0,invocation,1
C:\halo-main\application\src\test\java\run\halo\app\core\extension\theme\ThemeServiceImplTest.java,run.halo.app.core.extension.theme.ThemeServiceImplTest,reloadThemeWhenSettingNameSetBeforeThenDeleteSetting/0,argument,1
C:\halo-main\application\src\test\java\run\halo\app\core\extension\theme\ThemeServiceImplTest.java,run.halo.app.core.extension.theme.ThemeServiceImplTest,reloadThemeWhenSettingNameSetBeforeThenDeleteSetting/0,e,1
C:\halo-main\application\src\test\java\run\halo\app\core\extension\theme\ThemeServiceImplTest.java,run.halo.app.core.extension.theme.ThemeServiceImplTest,reloadThemeWhenSettingNameSetBeforeThenDeleteSetting/0,themeWorkDir,4
C:\halo-main\application\src\test\java\run\halo\app\core\extension\theme\ThemeServiceImplTest.java,run.halo.app.core.extension.theme.ThemeServiceImplTest,reloadThemeWhenSettingNameSetBeforeThenDeleteSetting/0,themeUpdated,1
C:\halo-main\application\src\test\java\run\halo\app\core\extension\theme\ThemeServiceImplTest.java,run.halo.app.core.extension.theme.ThemeServiceImplTest,reloadThemeWhenSettingNameSetBeforeThenDeleteSetting/0,theme,7
C:\halo-main\application\src\test\java\run\halo\app\core\extension\theme\ThemeServiceImplTest.java,run.halo.app.core.extension.theme.ThemeServiceImplTest,reloadThemeWhenSettingNameSetBeforeThenDeleteSetting/0,setting,4
C:\halo-main\application\src\test\java\run\halo\app\core\extension\theme\ThemeServiceImplTest.java,run.halo.app.core.extension.theme.ThemeServiceImplTest,createTheme/0,theme,0
C:\halo-main\application\src\test\java\run\halo\app\core\extension\theme\ThemeServiceImplTest.java,run.halo.app.core.extension.theme.ThemeServiceImplTest,prepareTheme/1[java.lang.String],defaultThemeUri,1
C:\halo-main\application\src\test\java\run\halo\app\core\extension\theme\ThemeServiceImplTest.java,run.halo.app.core.extension.theme.ThemeServiceImplTest,prepareTheme/1[java.lang.String],defaultThemeZipPath,2
C:\halo-main\application\src\test\java\run\halo\app\core\extension\theme\ThemeServiceImplTest.java,run.halo.app.core.extension.theme.ThemeServiceImplTest,prepareTheme/1[java.lang.String],themeFilename,1
C:\halo-main\application\src\test\java\run\halo\app\core\extension\theme\ThemeServiceImplTest.java,run.halo.app.core.extension.theme.ThemeServiceImplTest,reloadThemeWhenSettingNameNotSetBefore/0,invocation,4
C:\halo-main\application\src\test\java\run\halo\app\core\extension\theme\ThemeServiceImplTest.java,run.halo.app.core.extension.theme.ThemeServiceImplTest,reloadThemeWhenSettingNameNotSetBefore/0,argument,3
C:\halo-main\application\src\test\java\run\halo\app\core\extension\theme\ThemeServiceImplTest.java,run.halo.app.core.extension.theme.ThemeServiceImplTest,reloadThemeWhenSettingNameNotSetBefore/0,e,1
C:\halo-main\application\src\test\java\run\halo\app\core\extension\theme\ThemeServiceImplTest.java,run.halo.app.core.extension.theme.ThemeServiceImplTest,reloadThemeWhenSettingNameNotSetBefore/0,themeWorkDir,4
C:\halo-main\application\src\test\java\run\halo\app\core\extension\theme\ThemeServiceImplTest.java,run.halo.app.core.extension.theme.ThemeServiceImplTest,reloadThemeWhenSettingNameNotSetBefore/0,themeUpdated,1
C:\halo-main\application\src\test\java\run\halo\app\core\extension\theme\ThemeServiceImplTest.java,run.halo.app.core.extension.theme.ThemeServiceImplTest,reloadThemeWhenSettingNameNotSetBefore/0,theme,6
C:\halo-main\application\src\test\java\run\halo\app\core\extension\theme\ThemeServiceImplTest.java,run.halo.app.core.extension.theme.ThemeServiceImplTest,reloadThemeWhenSettingNameNotSetBefore/0,setting,3
C:\halo-main\application\src\main\java\run\halo\app\extension\SchemeWatcherManager.java,run.halo.app.extension.SchemeWatcherManager$SchemeWatcher,onChange/1[run.halo.app.extension.SchemeWatcherManager.ChangeEvent],event,0
C:\halo-main\application\src\main\java\run\halo\app\security\authentication\login\PublicKeyRouteBuilder.java,run.halo.app.security.authentication.login.PublicKeyRouteBuilder,PublicKeyRouteBuilder/1[run.halo.app.security.authentication.login.CryptoService],cryptoService,2
C:\halo-main\application\src\main\java\run\halo\app\security\authentication\login\PublicKeyRouteBuilder.java,run.halo.app.security.authentication.login.PublicKeyRouteBuilder,build/0,request,0
C:\halo-main\application\src\main\java\run\halo\app\security\authentication\login\PublicKeyRouteBuilder.java,run.halo.app.security.authentication.login.PublicKeyRouteBuilder,build/0,response,3
C:\halo-main\application\src\main\java\run\halo\app\security\authentication\login\PublicKeyRouteBuilder.java,run.halo.app.security.authentication.login.PublicKeyRouteBuilder,build/0,builder,1
C:\halo-main\application\src\main\java\run\halo\app\security\authentication\login\PublicKeyRouteBuilder.java,run.halo.app.security.authentication.login.PublicKeyRouteBuilder,build/0,base64Format,1
C:\halo-main\application\src\main\java\run\halo\app\security\authentication\login\PublicKeyRouteBuilder.java,run.halo.app.security.authentication.login.PublicKeyRouteBuilder,build/0,publicKey,1
C:\halo-main\application\src\main\java\run\halo\app\security\authentication\login\UsernamePasswordAuthenticator.java,run.halo.app.security.authentication.login.UsernamePasswordAuthenticator$LoginSuccessHandler,"onAuthenticationSuccess/2[run.halo.app.security.authentication.login.WebFilterExchange,run.halo.app.security.authentication.login.Authentication]",principal,2
C:\halo-main\application\src\main\java\run\halo\app\security\authentication\login\UsernamePasswordAuthenticator.java,run.halo.app.security.authentication.login.UsernamePasswordAuthenticator$LoginSuccessHandler,"onAuthenticationSuccess/2[run.halo.app.security.authentication.login.WebFilterExchange,run.halo.app.security.authentication.login.Authentication]",webFilterExchange,3
C:\halo-main\application\src\main\java\run\halo\app\security\authentication\login\UsernamePasswordAuthenticator.java,run.halo.app.security.authentication.login.UsernamePasswordAuthenticator$LoginSuccessHandler,"onAuthenticationSuccess/2[run.halo.app.security.authentication.login.WebFilterExchange,run.halo.app.security.authentication.login.Authentication]",matchResult,0
C:\halo-main\application\src\main\java\run\halo\app\security\authentication\login\UsernamePasswordAuthenticator.java,run.halo.app.security.authentication.login.UsernamePasswordAuthenticator$LoginSuccessHandler,"onAuthenticationSuccess/2[run.halo.app.security.authentication.login.WebFilterExchange,run.halo.app.security.authentication.login.Authentication]",serverResponse,1
C:\halo-main\application\src\main\java\run\halo\app\security\authentication\login\UsernamePasswordAuthenticator.java,run.halo.app.security.authentication.login.UsernamePasswordAuthenticator$LoginSuccessHandler,"onAuthenticationSuccess/2[run.halo.app.security.authentication.login.WebFilterExchange,run.halo.app.security.authentication.login.Authentication]",authentication,2
C:\halo-main\application\src\main\java\run\halo\app\core\extension\endpoint\StatsEndpoint.java,run.halo.app.core.extension.endpoint.StatsEndpoint,endpoint/0,builder,1
C:\halo-main\application\src\main\java\run\halo\app\core\extension\endpoint\StatsEndpoint.java,run.halo.app.core.extension.endpoint.StatsEndpoint,endpoint/0,tag,2
C:\halo-main\application\src\main\java\run\halo\app\core\extension\endpoint\StatsEndpoint.java,run.halo.app.core.extension.endpoint.StatsEndpoint,StatsEndpoint/1[run.halo.app.core.extension.endpoint.ReactiveExtensionClient],client,2
C:\halo-main\application\src\main\java\run\halo\app\core\extension\endpoint\StatsEndpoint.java,run.halo.app.core.extension.endpoint.StatsEndpoint,getStats/1[run.halo.app.core.extension.endpoint.ServerRequest],request,0
C:\halo-main\application\src\main\java\run\halo\app\core\extension\endpoint\StatsEndpoint.java,run.halo.app.core.extension.endpoint.StatsEndpoint,getStats/1[run.halo.app.core.extension.endpoint.ServerRequest],post,1
C:\halo-main\application\src\main\java\run\halo\app\core\extension\endpoint\StatsEndpoint.java,run.halo.app.core.extension.endpoint.StatsEndpoint,getStats/1[run.halo.app.core.extension.endpoint.ServerRequest],stats,17
C:\halo-main\application\src\main\java\run\halo\app\core\extension\endpoint\StatsEndpoint.java,run.halo.app.core.extension.endpoint.StatsEndpoint,getStats/1[run.halo.app.core.extension.endpoint.ServerRequest],count,4
C:\halo-main\application\src\main\java\run\halo\app\core\extension\endpoint\StatsEndpoint.java,run.halo.app.core.extension.endpoint.StatsEndpoint,getStats/1[run.halo.app.core.extension.endpoint.ServerRequest],counter,4
C:\halo-main\application\src\main\java\run\halo\app\core\extension\endpoint\StatsEndpoint.java,run.halo.app.core.extension.endpoint.StatsEndpoint,getStats/1[run.halo.app.core.extension.endpoint.ServerRequest],user,2
C:\halo-main\application\src\main\java\run\halo\app\core\extension\endpoint\StatsEndpoint.java,run.halo.app.core.extension.endpoint.StatsEndpoint,getStats/1[run.halo.app.core.extension.endpoint.ServerRequest],labels,1
C:\halo-main\application\src\main\java\run\halo\app\event\post\DownvotedEvent.java,run.halo.app.event.post.DownvotedEvent,"DownvotedEvent/4[java.lang.Object,java.lang.String,java.lang.String,java.lang.String]",plural,1
C:\halo-main\application\src\main\java\run\halo\app\event\post\DownvotedEvent.java,run.halo.app.event.post.DownvotedEvent,"DownvotedEvent/4[java.lang.Object,java.lang.String,java.lang.String,java.lang.String]",name,1
C:\halo-main\application\src\main\java\run\halo\app\event\post\DownvotedEvent.java,run.halo.app.event.post.DownvotedEvent,"DownvotedEvent/4[java.lang.Object,java.lang.String,java.lang.String,java.lang.String]",source,1
C:\halo-main\application\src\main\java\run\halo\app\event\post\DownvotedEvent.java,run.halo.app.event.post.DownvotedEvent,"DownvotedEvent/4[java.lang.Object,java.lang.String,java.lang.String,java.lang.String]",group,1
C:\halo-main\application\src\test\java\run\halo\app\core\extension\theme\ThemeEndpointTest.java,run.halo.app.core.extension.theme.ThemeEndpointTest,fetchThemeConfig/0,theme,5
C:\halo-main\application\src\test\java\run\halo\app\core\extension\theme\ThemeEndpointTest.java,run.halo.app.core.extension.theme.ThemeEndpointTest,fetchActivatedTheme/0,theme,2
C:\halo-main\application\src\test\java\run\halo\app\core\extension\theme\ThemeEndpointTest.java,run.halo.app.core.extension.theme.ThemeEndpointTest,fetchThemeSetting/0,theme,5
C:\halo-main\application\src\test\java\run\halo\app\core\extension\theme\ThemeEndpointTest.java,run.halo.app.core.extension.theme.ThemeEndpointTest,install/0,installedTheme,3
C:\halo-main\application\src\test\java\run\halo\app\core\extension\theme\ThemeEndpointTest.java,run.halo.app.core.extension.theme.ThemeEndpointTest,install/0,metadata,2
C:\halo-main\application\src\test\java\run\halo\app\core\extension\theme\ThemeEndpointTest.java,run.halo.app.core.extension.theme.ThemeEndpointTest,install/0,multipartBodyBuilder,3
C:\halo-main\application\src\main\java\run\halo\app\content\comment\CommentService.java,run.halo.app.content.comment.CommentService,create/1[run.halo.app.content.comment.Comment],comment,0
C:\halo-main\application\src\main\java\run\halo\app\content\comment\CommentService.java,run.halo.app.content.comment.CommentService,listComment/1[run.halo.app.content.comment.CommentQuery],query,0
C:\halo-main\application\src\test\java\run\halo\app\infra\SystemConfigurableEnvironmentFetcherTest.java,run.halo.app.infra.SystemConfigurableEnvironmentFetcherTest,systemDefault/0,configMap,8
C:\halo-main\application\src\test\java\run\halo\app\infra\SystemConfigurableEnvironmentFetcherTest.java,run.halo.app.infra.SystemConfigurableEnvironmentFetcherTest,getConfigMap/0,e,1
C:\halo-main\application\src\test\java\run\halo\app\infra\SystemConfigurableEnvironmentFetcherTest.java,run.halo.app.infra.SystemConfigurableEnvironmentFetcherTest,getConfigMap/0,configMap,2
C:\halo-main\application\src\test\java\run\halo\app\infra\SystemConfigurableEnvironmentFetcherTest.java,run.halo.app.infra.SystemConfigurableEnvironmentFetcherTest,expectedJson/0,fakeArray,1
C:\halo-main\application\src\test\java\run\halo\app\infra\SystemConfigurableEnvironmentFetcherTest.java,run.halo.app.infra.SystemConfigurableEnvironmentFetcherTest,expectedJson/0,routeRules,1
C:\halo-main\application\src\test\java\run\halo\app\infra\SystemConfigurableEnvironmentFetcherTest.java,run.halo.app.infra.SystemConfigurableEnvironmentFetcherTest,system/0,configMap,8
C:\halo-main\application\src\test\java\run\halo\app\theme\ReactiveFinderExpressionParserTests.java,run.halo.app.theme.ReactiveFinderExpressionParserTests,javascriptInlineParser/0,result,1
C:\halo-main\application\src\test\java\run\halo\app\theme\ReactiveFinderExpressionParserTests.java,run.halo.app.theme.ReactiveFinderExpressionParserTests,javascriptInlineParser/0,context,3
C:\halo-main\application\src\test\java\run\halo\app\theme\ReactiveFinderExpressionParserTests.java,run.halo.app.theme.ReactiveFinderExpressionParserTests,TestUser/1[java.lang.String],name,0
C:\halo-main\application\src\test\java\run\halo\app\theme\ReactiveFinderExpressionParserTests.java,run.halo.app.theme.ReactiveFinderExpressionParserTests,setUp/0,haloProcessorDialect,1
C:\halo-main\application\src\test\java\run\halo\app\theme\ReactiveFinderExpressionParserTests.java,run.halo.app.theme.ReactiveFinderExpressionParserTests,getContext/0,context,2
C:\halo-main\application\src\main\java\run\halo\app\content\comment\PostCommentSubject.java,run.halo.app.content.comment.PostCommentSubject,get/1[java.lang.String],name,1
C:\halo-main\application\src\main\java\run\halo\app\content\comment\PostCommentSubject.java,run.halo.app.content.comment.PostCommentSubject,supports/1[run.halo.app.content.comment.Ref],ref,4
C:\halo-main\application\src\main\java\run\halo\app\content\comment\PostCommentSubject.java,run.halo.app.content.comment.PostCommentSubject,supports/1[run.halo.app.content.comment.Ref],groupVersionKind,1
C:\halo-main\application\src\main\java\run\halo\app\content\comment\PostCommentSubject.java,run.halo.app.content.comment.PostCommentSubject,PostCommentSubject/1[run.halo.app.content.comment.ReactiveExtensionClient],client,2
C:\halo-main\application\src\test\java\run\halo\app\theme\dialect\HaloProcessorDialectTest.java,run.halo.app.theme.dialect.HaloProcessorDialectTest,contentHeadAndFooterAndPostProcessors/0,result,1
C:\halo-main\application\src\test\java\run\halo\app\theme\dialect\HaloProcessorDialectTest.java,run.halo.app.theme.dialect.HaloProcessorDialectTest,contentHeadAndFooterAndPostProcessors/0,metadata,3
C:\halo-main\application\src\test\java\run\halo\app\theme\dialect\HaloProcessorDialectTest.java,run.halo.app.theme.dialect.HaloProcessorDialectTest,contentHeadAndFooterAndPostProcessors/0,postSpec,2
C:\halo-main\application\src\test\java\run\halo\app\theme\dialect\HaloProcessorDialectTest.java,run.halo.app.theme.dialect.HaloProcessorDialectTest,contentHeadAndFooterAndPostProcessors/0,htmlMetas,3
C:\halo-main\application\src\test\java\run\halo\app\theme\dialect\HaloProcessorDialectTest.java,run.halo.app.theme.dialect.HaloProcessorDialectTest,contentHeadAndFooterAndPostProcessors/0,context,3
C:\halo-main\application\src\test\java\run\halo\app\theme\dialect\HaloProcessorDialectTest.java,run.halo.app.theme.dialect.HaloProcessorDialectTest,contentHeadAndFooterAndPostProcessors/0,postVo,1
C:\halo-main\application\src\test\java\run\halo\app\theme\dialect\HaloProcessorDialectTest.java,run.halo.app.theme.dialect.HaloProcessorDialectTest,contentHeadAndFooterAndPostProcessors/0,basic,2
C:\halo-main\application\src\test\java\run\halo\app\theme\dialect\HaloProcessorDialectTest.java,run.halo.app.theme.dialect.HaloProcessorDialectTest,blockSeo/0,result,1
C:\halo-main\application\src\test\java\run\halo\app\theme\dialect\HaloProcessorDialectTest.java,run.halo.app.theme.dialect.HaloProcessorDialectTest,blockSeo/0,context,1
C:\halo-main\application\src\test\java\run\halo\app\theme\dialect\HaloProcessorDialectTest.java,run.halo.app.theme.dialect.HaloProcessorDialectTest,blockSeo/0,seo,2
C:\halo-main\application\src\test\java\run\halo\app\theme\dialect\HaloProcessorDialectTest.java,run.halo.app.theme.dialect.HaloProcessorDialectTest,blockSeo/0,basic,2
C:\halo-main\application\src\test\java\run\halo\app\theme\dialect\HaloProcessorDialectTest.java,run.halo.app.theme.dialect.HaloProcessorDialectTest,getContext/0,context,2
C:\halo-main\application\src\test\java\run\halo\app\theme\dialect\HaloProcessorDialectTest.java,run.halo.app.theme.dialect.HaloProcessorDialectTest,globalHeadAndFooterProcessors/0,result,1
C:\halo-main\application\src\test\java\run\halo\app\theme\dialect\HaloProcessorDialectTest.java,run.halo.app.theme.dialect.HaloProcessorDialectTest,globalHeadAndFooterProcessors/0,context,1
C:\halo-main\application\src\test\java\run\halo\app\theme\dialect\HaloProcessorDialectTest.java,run.halo.app.theme.dialect.HaloProcessorDialectTest,globalHeadAndFooterProcessors/0,basic,2
C:\halo-main\application\src\test\java\run\halo\app\theme\dialect\HaloProcessorDialectTest.java,run.halo.app.theme.dialect.HaloProcessorDialectTest,setUp/0,haloProcessorDialect,1
C:\halo-main\application\src\test\java\run\halo\app\theme\dialect\HaloProcessorDialectTest.java,run.halo.app.theme.dialect.HaloProcessorDialectTest,setUp/0,codeInjection,4
C:\halo-main\application\src\test\java\run\halo\app\theme\dialect\HaloProcessorDialectTest.java,run.halo.app.theme.dialect.HaloProcessorDialectTest,setUp/0,map,6
C:\halo-main\application\src\test\java\run\halo\app\theme\dialect\HaloProcessorDialectTest.java,run.halo.app.theme.dialect.HaloProcessorDialectTest,seoWithKeywordsAndDescription/0,result,1
C:\halo-main\application\src\test\java\run\halo\app\theme\dialect\HaloProcessorDialectTest.java,run.halo.app.theme.dialect.HaloProcessorDialectTest,seoWithKeywordsAndDescription/0,context,1
C:\halo-main\application\src\test\java\run\halo\app\theme\dialect\HaloProcessorDialectTest.java,run.halo.app.theme.dialect.HaloProcessorDialectTest,seoWithKeywordsAndDescription/0,seo,3
C:\halo-main\application\src\test\java\run\halo\app\theme\dialect\HaloProcessorDialectTest.java,run.halo.app.theme.dialect.HaloProcessorDialectTest,seoWithKeywordsAndDescription/0,basic,2
C:\halo-main\application\src\test\java\run\halo\app\theme\ThemeContextTest.java,run.halo.app.theme.ThemeContextTest,constructorBuilderTest/0,path,3
C:\halo-main\application\src\test\java\run\halo\app\theme\ThemeContextTest.java,run.halo.app.theme.ThemeContextTest,constructorBuilderTest/0,expect,1
C:\halo-main\application\src\test\java\run\halo\app\theme\ThemeContextTest.java,run.halo.app.theme.ThemeContextTest,constructorBuilderTest/0,got,1
C:\halo-main\application\src\test\java\run\halo\app\theme\ThemeContextTest.java,run.halo.app.theme.ThemeContextTest,constructorBuilderTest/0,testTheme,1
C:\halo-main\application\src\main\java\run\halo\app\infra\ExtensionInitializedEvent.java,run.halo.app.infra.ExtensionInitializedEvent,ExtensionInitializedEvent/1[java.lang.Object],source,1
C:\halo-main\application\src\main\java\run\halo\app\content\impl\PostServiceImpl.java,run.halo.app.content.impl.PostServiceImpl,postListPredicate/1[run.halo.app.content.PostQuery],predicate,1
C:\halo-main\application\src\main\java\run\halo\app\content\impl\PostServiceImpl.java,run.halo.app.content.impl.PostServiceImpl,postListPredicate/1[run.halo.app.content.PostQuery],visible,2
C:\halo-main\application\src\main\java\run\halo\app\content\impl\PostServiceImpl.java,run.halo.app.content.impl.PostServiceImpl,postListPredicate/1[run.halo.app.content.PostQuery],paramPredicate,7
C:\halo-main\application\src\main\java\run\halo\app\content\impl\PostServiceImpl.java,run.halo.app.content.impl.PostServiceImpl,postListPredicate/1[run.halo.app.content.PostQuery],post,14
C:\halo-main\application\src\main\java\run\halo\app\content\impl\PostServiceImpl.java,run.halo.app.content.impl.PostServiceImpl,postListPredicate/1[run.halo.app.content.PostQuery],query,8
C:\halo-main\application\src\main\java\run\halo\app\content\impl\PostServiceImpl.java,run.halo.app.content.impl.PostServiceImpl,postListPredicate/1[run.halo.app.content.PostQuery],keyword,4
C:\halo-main\application\src\main\java\run\halo\app\content\impl\PostServiceImpl.java,run.halo.app.content.impl.PostServiceImpl,postListPredicate/1[run.halo.app.content.PostQuery],excerpt,1
C:\halo-main\application\src\main\java\run\halo\app\content\impl\PostServiceImpl.java,run.halo.app.content.impl.PostServiceImpl,postListPredicate/1[run.halo.app.content.PostQuery],publishPhase,3
C:\halo-main\application\src\main\java\run\halo\app\content\impl\PostServiceImpl.java,run.halo.app.content.impl.PostServiceImpl,listTags/1[java.util.List<java.lang.String>],tagName,1
C:\halo-main\application\src\main\java\run\halo\app\content\impl\PostServiceImpl.java,run.halo.app.content.impl.PostServiceImpl,listTags/1[java.util.List<java.lang.String>],tagNames,2
C:\halo-main\application\src\main\java\run\halo\app\content\impl\PostServiceImpl.java,run.halo.app.content.impl.PostServiceImpl,"setTags/2[java.util.List<java.lang.String>,run.halo.app.content.ListedPost]",post,3
C:\halo-main\application\src\main\java\run\halo\app\content\impl\PostServiceImpl.java,run.halo.app.content.impl.PostServiceImpl,"setTags/2[java.util.List<java.lang.String>,run.halo.app.content.ListedPost]",tagNames,1
C:\halo-main\application\src\main\java\run\halo\app\content\impl\PostServiceImpl.java,run.halo.app.content.impl.PostServiceImpl,"setTags/2[java.util.List<java.lang.String>,run.halo.app.content.ListedPost]",tags,0
C:\halo-main\application\src\main\java\run\halo\app\content\impl\PostServiceImpl.java,run.halo.app.content.impl.PostServiceImpl,getHeadContent/1[java.lang.String],post,2
C:\halo-main\application\src\main\java\run\halo\app\content\impl\PostServiceImpl.java,run.halo.app.content.impl.PostServiceImpl,getHeadContent/1[java.lang.String],postName,1
C:\halo-main\application\src\main\java\run\halo\app\content\impl\PostServiceImpl.java,run.halo.app.content.impl.PostServiceImpl,getHeadContent/1[java.lang.String],headSnapshot,1
C:\halo-main\application\src\main\java\run\halo\app\content\impl\PostServiceImpl.java,run.halo.app.content.impl.PostServiceImpl,listCategories/1[java.util.List<java.lang.String>],categoryNames,2
C:\halo-main\application\src\main\java\run\halo\app\content\impl\PostServiceImpl.java,run.halo.app.content.impl.PostServiceImpl,listCategories/1[java.util.List<java.lang.String>],categoryName,1
C:\halo-main\application\src\main\java\run\halo\app\content\impl\PostServiceImpl.java,run.halo.app.content.impl.PostServiceImpl,listPost/1[run.halo.app.content.PostQuery],listedPosts,1
C:\halo-main\application\src\main\java\run\halo\app\content\impl\PostServiceImpl.java,run.halo.app.content.impl.PostServiceImpl,listPost/1[run.halo.app.content.PostQuery],comparator,1
C:\halo-main\application\src\main\java\run\halo\app\content\impl\PostServiceImpl.java,run.halo.app.content.impl.PostServiceImpl,listPost/1[run.halo.app.content.PostQuery],listResult,4
C:\halo-main\application\src\main\java\run\halo\app\content\impl\PostServiceImpl.java,run.halo.app.content.impl.PostServiceImpl,listPost/1[run.halo.app.content.PostQuery],query,5
C:\halo-main\application\src\main\java\run\halo\app\content\impl\PostServiceImpl.java,run.halo.app.content.impl.PostServiceImpl,"setOwner/2[java.lang.String,run.halo.app.content.ListedPost]",contributor,4
C:\halo-main\application\src\main\java\run\halo\app\content\impl\PostServiceImpl.java,run.halo.app.content.impl.PostServiceImpl,"setOwner/2[java.lang.String,run.halo.app.content.ListedPost]",ownerName,1
C:\halo-main\application\src\main\java\run\halo\app\content\impl\PostServiceImpl.java,run.halo.app.content.impl.PostServiceImpl,"setOwner/2[java.lang.String,run.halo.app.content.ListedPost]",post,2
C:\halo-main\application\src\main\java\run\halo\app\content\impl\PostServiceImpl.java,run.halo.app.content.impl.PostServiceImpl,"setOwner/2[java.lang.String,run.halo.app.content.ListedPost]",user,3
C:\halo-main\application\src\main\java\run\halo\app\content\impl\PostServiceImpl.java,run.halo.app.content.impl.PostServiceImpl,"PostServiceImpl/3[run.halo.app.content.impl.ReactiveExtensionClient,run.halo.app.metrics.CounterService,run.halo.app.core.extension.service.UserService]",client,3
C:\halo-main\application\src\main\java\run\halo\app\content\impl\PostServiceImpl.java,run.halo.app.content.impl.PostServiceImpl,"PostServiceImpl/3[run.halo.app.content.impl.ReactiveExtensionClient,run.halo.app.metrics.CounterService,run.halo.app.core.extension.service.UserService]",counterService,2
C:\halo-main\application\src\main\java\run\halo\app\content\impl\PostServiceImpl.java,run.halo.app.content.impl.PostServiceImpl,"PostServiceImpl/3[run.halo.app.content.impl.ReactiveExtensionClient,run.halo.app.metrics.CounterService,run.halo.app.core.extension.service.UserService]",userService,2
C:\halo-main\application\src\main\java\run\halo\app\content\impl\PostServiceImpl.java,run.halo.app.content.impl.PostServiceImpl,getListedPost/1[run.halo.app.content.impl.Post],p,1
C:\halo-main\application\src\main\java\run\halo\app\content\impl\PostServiceImpl.java,run.halo.app.content.impl.PostServiceImpl,getListedPost/1[run.halo.app.content.impl.Post],post,7
C:\halo-main\application\src\main\java\run\halo\app\content\impl\PostServiceImpl.java,run.halo.app.content.impl.PostServiceImpl,getListedPost/1[run.halo.app.content.impl.Post],lp,10
C:\halo-main\application\src\main\java\run\halo\app\content\impl\PostServiceImpl.java,run.halo.app.content.impl.PostServiceImpl,getListedPost/1[run.halo.app.content.impl.Post],listedPost,2
C:\halo-main\application\src\main\java\run\halo\app\content\impl\PostServiceImpl.java,run.halo.app.content.impl.PostServiceImpl,"contains/2[java.util.Collection<java.lang.String>,java.util.List<java.lang.String>]",left,3
C:\halo-main\application\src\main\java\run\halo\app\content\impl\PostServiceImpl.java,run.halo.app.content.impl.PostServiceImpl,"contains/2[java.util.Collection<java.lang.String>,java.util.List<java.lang.String>]",right,3
C:\halo-main\application\src\main\java\run\halo\app\content\impl\PostServiceImpl.java,run.halo.app.content.impl.PostServiceImpl,updatePost/1[run.halo.app.content.impl.PostRequest],post,8
C:\halo-main\application\src\main\java\run\halo\app\content\impl\PostServiceImpl.java,run.halo.app.content.impl.PostServiceImpl,updatePost/1[run.halo.app.content.impl.PostRequest],releaseSnapshot,1
C:\halo-main\application\src\main\java\run\halo\app\content\impl\PostServiceImpl.java,run.halo.app.content.impl.PostServiceImpl,updatePost/1[run.halo.app.content.impl.PostRequest],throwable,1
C:\halo-main\application\src\main\java\run\halo\app\content\impl\PostServiceImpl.java,run.halo.app.content.impl.PostServiceImpl,updatePost/1[run.halo.app.content.impl.PostRequest],postRequest,3
C:\halo-main\application\src\main\java\run\halo\app\content\impl\PostServiceImpl.java,run.halo.app.content.impl.PostServiceImpl,updatePost/1[run.halo.app.content.impl.PostRequest],contentWrapper,3
C:\halo-main\application\src\main\java\run\halo\app\content\impl\PostServiceImpl.java,run.halo.app.content.impl.PostServiceImpl,updatePost/1[run.halo.app.content.impl.PostRequest],headSnapshot,2
C:\halo-main\application\src\main\java\run\halo\app\content\impl\PostServiceImpl.java,run.halo.app.content.impl.PostServiceImpl,updatePost/1[run.halo.app.content.impl.PostRequest],baseSnapshot,2
C:\halo-main\application\src\main\java\run\halo\app\content\impl\PostServiceImpl.java,run.halo.app.content.impl.PostServiceImpl,getReleaseContent/1[java.lang.String],post,2
C:\halo-main\application\src\main\java\run\halo\app\content\impl\PostServiceImpl.java,run.halo.app.content.impl.PostServiceImpl,getReleaseContent/1[java.lang.String],releaseSnapshot,1
C:\halo-main\application\src\main\java\run\halo\app\content\impl\PostServiceImpl.java,run.halo.app.content.impl.PostServiceImpl,getReleaseContent/1[java.lang.String],postName,1
C:\halo-main\application\src\main\java\run\halo\app\content\impl\PostServiceImpl.java,run.halo.app.content.impl.PostServiceImpl,listContributors/1[java.util.List<java.lang.String>],contributor,4
C:\halo-main\application\src\main\java\run\halo\app\content\impl\PostServiceImpl.java,run.halo.app.content.impl.PostServiceImpl,listContributors/1[java.util.List<java.lang.String>],usernames,2
C:\halo-main\application\src\main\java\run\halo\app\content\impl\PostServiceImpl.java,run.halo.app.content.impl.PostServiceImpl,listContributors/1[java.util.List<java.lang.String>],user,3
C:\halo-main\application\src\main\java\run\halo\app\content\impl\PostServiceImpl.java,run.halo.app.content.impl.PostServiceImpl,fetchStats/1[run.halo.app.content.impl.Post],post,2
C:\halo-main\application\src\main\java\run\halo\app\content\impl\PostServiceImpl.java,run.halo.app.content.impl.PostServiceImpl,fetchStats/1[run.halo.app.content.impl.Post],name,1
C:\halo-main\application\src\main\java\run\halo\app\content\impl\PostServiceImpl.java,run.halo.app.content.impl.PostServiceImpl,fetchStats/1[run.halo.app.content.impl.Post],counter,4
C:\halo-main\application\src\main\java\run\halo\app\content\impl\PostServiceImpl.java,run.halo.app.content.impl.PostServiceImpl,"setContributors/2[java.util.List<java.lang.String>,run.halo.app.content.ListedPost]",post,3
C:\halo-main\application\src\main\java\run\halo\app\content\impl\PostServiceImpl.java,run.halo.app.content.impl.PostServiceImpl,"setContributors/2[java.util.List<java.lang.String>,run.halo.app.content.ListedPost]",contributors,0
C:\halo-main\application\src\main\java\run\halo\app\content\impl\PostServiceImpl.java,run.halo.app.content.impl.PostServiceImpl,"setContributors/2[java.util.List<java.lang.String>,run.halo.app.content.ListedPost]",contributorNames,1
C:\halo-main\application\src\main\java\run\halo\app\content\impl\PostServiceImpl.java,run.halo.app.content.impl.PostServiceImpl,"setCategories/2[java.util.List<java.lang.String>,run.halo.app.content.ListedPost]",categoryNames,1
C:\halo-main\application\src\main\java\run\halo\app\content\impl\PostServiceImpl.java,run.halo.app.content.impl.PostServiceImpl,"setCategories/2[java.util.List<java.lang.String>,run.halo.app.content.ListedPost]",post,3
C:\halo-main\application\src\main\java\run\halo\app\content\impl\PostServiceImpl.java,run.halo.app.content.impl.PostServiceImpl,"setCategories/2[java.util.List<java.lang.String>,run.halo.app.content.ListedPost]",categories,0
C:\halo-main\application\src\main\java\run\halo\app\content\impl\PostServiceImpl.java,run.halo.app.content.impl.PostServiceImpl,draftPost/1[run.halo.app.content.impl.PostRequest],post,9
C:\halo-main\application\src\main\java\run\halo\app\content\impl\PostServiceImpl.java,run.halo.app.content.impl.PostServiceImpl,draftPost/1[run.halo.app.content.impl.PostRequest],contentRequest,1
C:\halo-main\application\src\main\java\run\halo\app\content\impl\PostServiceImpl.java,run.halo.app.content.impl.PostServiceImpl,draftPost/1[run.halo.app.content.impl.PostRequest],postRequest,4
C:\halo-main\application\src\main\java\run\halo\app\content\impl\PostServiceImpl.java,run.halo.app.content.impl.PostServiceImpl,draftPost/1[run.halo.app.content.impl.PostRequest],contentWrapper,1
C:\halo-main\application\src\main\java\run\halo\app\content\impl\PostServiceImpl.java,run.halo.app.content.impl.PostServiceImpl,draftPost/1[run.halo.app.content.impl.PostRequest],username,1
C:\halo-main\application\src\main\java\run\halo\app\content\impl\PostServiceImpl.java,run.halo.app.content.impl.PostServiceImpl,"waitForPostToDraftConcludingWork/2[java.lang.String,run.halo.app.content.ContentWrapper]",condition,1
C:\halo-main\application\src\main\java\run\halo\app\content\impl\PostServiceImpl.java,run.halo.app.content.impl.PostServiceImpl,"waitForPostToDraftConcludingWork/2[java.lang.String,run.halo.app.content.ContentWrapper]",post,7
C:\halo-main\application\src\main\java\run\halo\app\content\impl\PostServiceImpl.java,run.halo.app.content.impl.PostServiceImpl,"waitForPostToDraftConcludingWork/2[java.lang.String,run.halo.app.content.ContentWrapper]",postName,1
C:\halo-main\application\src\main\java\run\halo\app\content\impl\PostServiceImpl.java,run.halo.app.content.impl.PostServiceImpl,"waitForPostToDraftConcludingWork/2[java.lang.String,run.halo.app.content.ContentWrapper]",contentWrapper,2
C:\halo-main\application\src\main\java\run\halo\app\content\impl\PostServiceImpl.java,run.halo.app.content.impl.PostServiceImpl,"waitForPostToDraftConcludingWork/2[java.lang.String,run.halo.app.content.ContentWrapper]",status,2
C:\halo-main\application\src\main\java\run\halo\app\content\ContentWrapper.java,run.halo.app.content.ContentWrapper,"patchSnapshot/2[run.halo.app.content.Snapshot,run.halo.app.content.Snapshot]",patchSnapshot,9
C:\halo-main\application\src\main\java\run\halo\app\content\ContentWrapper.java,run.halo.app.content.ContentWrapper,"patchSnapshot/2[run.halo.app.content.Snapshot,run.halo.app.content.Snapshot]",patchedRaw,1
C:\halo-main\application\src\main\java\run\halo\app\content\ContentWrapper.java,run.halo.app.content.ContentWrapper,"patchSnapshot/2[run.halo.app.content.Snapshot,run.halo.app.content.Snapshot]",patchedContent,1
C:\halo-main\application\src\main\java\run\halo\app\content\ContentWrapper.java,run.halo.app.content.ContentWrapper,"patchSnapshot/2[run.halo.app.content.Snapshot,run.halo.app.content.Snapshot]",baseSnapshot,4
C:\halo-main\application\src\main\java\run\halo\app\content\ContentWrapper.java,run.halo.app.content.ContentWrapper,"patchSnapshot/2[run.halo.app.content.Snapshot,run.halo.app.content.Snapshot]",baseSnapshotName,1
C:\halo-main\application\src\test\java\run\halo\app\extension\JsonExtensionTest.java,run.halo.app.extension.JsonExtensionTest,serializeEmptyExt/0,ext,1
C:\halo-main\application\src\test\java\run\halo\app\extension\JsonExtensionTest.java,run.halo.app.extension.JsonExtensionTest,serializeEmptyExt/0,json,1
C:\halo-main\application\src\test\java\run\halo\app\extension\JsonExtensionTest.java,run.halo.app.extension.JsonExtensionTest,deserialize/0,ext,12
C:\halo-main\application\src\test\java\run\halo\app\extension\JsonExtensionTest.java,run.halo.app.extension.JsonExtensionTest,deserialize/0,json,1
C:\halo-main\application\src\test\java\run\halo\app\extension\JsonExtensionTest.java,run.halo.app.extension.JsonExtensionTest,serializeExt/0,ext,5
C:\halo-main\application\src\test\java\run\halo\app\extension\JsonExtensionTest.java,run.halo.app.extension.JsonExtensionTest,serializeExt/0,metadata,1
C:\halo-main\application\src\test\java\run\halo\app\theme\endpoint\CommentFinderEndpointTest.java,run.halo.app.theme.endpoint.CommentFinderEndpointTest,listCommentReplies/0,uriBuilder,1
C:\halo-main\application\src\test\java\run\halo\app\theme\endpoint\CommentFinderEndpointTest.java,run.halo.app.theme.endpoint.CommentFinderEndpointTest,listComments/0,ref,9
C:\halo-main\application\src\test\java\run\halo\app\theme\endpoint\CommentFinderEndpointTest.java,run.halo.app.theme.endpoint.CommentFinderEndpointTest,listComments/0,refCaptor,2
C:\halo-main\application\src\test\java\run\halo\app\theme\endpoint\CommentFinderEndpointTest.java,run.halo.app.theme.endpoint.CommentFinderEndpointTest,listComments/0,uriBuilder,1
C:\halo-main\application\src\test\java\run\halo\app\theme\endpoint\CommentFinderEndpointTest.java,run.halo.app.theme.endpoint.CommentFinderEndpointTest,listComments/0,value,1
C:\halo-main\application\src\test\java\run\halo\app\theme\endpoint\CommentFinderEndpointTest.java,run.halo.app.theme.endpoint.CommentFinderEndpointTest,createComment/0,ref,6
C:\halo-main\application\src\test\java\run\halo\app\theme\endpoint\CommentFinderEndpointTest.java,run.halo.app.theme.endpoint.CommentFinderEndpointTest,createComment/0,commentRequest,5
C:\halo-main\application\src\test\java\run\halo\app\theme\endpoint\CommentFinderEndpointTest.java,run.halo.app.theme.endpoint.CommentFinderEndpointTest,createComment/0,value,3
C:\halo-main\application\src\test\java\run\halo\app\theme\endpoint\CommentFinderEndpointTest.java,run.halo.app.theme.endpoint.CommentFinderEndpointTest,createComment/0,captor,2
C:\halo-main\application\src\test\java\run\halo\app\theme\endpoint\CommentFinderEndpointTest.java,run.halo.app.theme.endpoint.CommentFinderEndpointTest,createReply/0,replyRequest,4
C:\halo-main\application\src\test\java\run\halo\app\theme\endpoint\CommentFinderEndpointTest.java,run.halo.app.theme.endpoint.CommentFinderEndpointTest,createReply/0,value,3
C:\halo-main\application\src\test\java\run\halo\app\theme\endpoint\CommentFinderEndpointTest.java,run.halo.app.theme.endpoint.CommentFinderEndpointTest,createReply/0,captor,2
C:\halo-main\application\src\test\java\run\halo\app\theme\router\EmptyView.java,run.halo.app.theme.router.EmptyView,"render/3[java.util.Map<java.lang.String,?>,run.halo.app.theme.router.MediaType,run.halo.app.theme.router.ServerWebExchange]",model,0
C:\halo-main\application\src\test\java\run\halo\app\theme\router\EmptyView.java,run.halo.app.theme.router.EmptyView,"render/3[java.util.Map<java.lang.String,?>,run.halo.app.theme.router.MediaType,run.halo.app.theme.router.ServerWebExchange]",exchange,0
C:\halo-main\application\src\test\java\run\halo\app\theme\router\EmptyView.java,run.halo.app.theme.router.EmptyView,"render/3[java.util.Map<java.lang.String,?>,run.halo.app.theme.router.MediaType,run.halo.app.theme.router.ServerWebExchange]",contentType,0
C:\halo-main\application\src\test\java\run\halo\app\core\extension\endpoint\PluginEndpointTest.java,run.halo.app.core.extension.endpoint.PluginEndpointTest$PluginConfigAndSettingFetchTest,fetchConfig/0,plugin,2
C:\halo-main\application\src\test\java\run\halo\app\core\extension\endpoint\PluginEndpointTest.java,run.halo.app.core.extension.endpoint.PluginEndpointTest$PluginConfigAndSettingFetchTest,fetchSetting/0,plugin,2
C:\halo-main\application\src\main\java\run\halo\app\security\authentication\login\UsernamePasswordLogoutHandler.java,run.halo.app.security.authentication.login.UsernamePasswordLogoutHandler,"filter/2[run.halo.app.security.authentication.login.ServerWebExchange,run.halo.app.security.authentication.login.WebFilterChain]",chain,1
C:\halo-main\application\src\main\java\run\halo\app\security\authentication\login\UsernamePasswordLogoutHandler.java,run.halo.app.security.authentication.login.UsernamePasswordLogoutHandler,"filter/2[run.halo.app.security.authentication.login.ServerWebExchange,run.halo.app.security.authentication.login.WebFilterChain]",exchange,1
C:\halo-main\application\src\main\java\run\halo\app\security\authentication\login\UsernamePasswordLogoutHandler.java,run.halo.app.security.authentication.login.UsernamePasswordLogoutHandler,configureLogoutWebFilter/1[run.halo.app.security.authentication.login.LogoutWebFilter],filter,2
C:\halo-main\application\src\main\java\run\halo\app\security\authentication\login\UsernamePasswordLogoutHandler.java,run.halo.app.security.authentication.login.UsernamePasswordLogoutHandler,configureLogoutWebFilter/1[run.halo.app.security.authentication.login.LogoutWebFilter],securityContextServerLogoutHandler,2
C:\halo-main\application\src\main\java\run\halo\app\security\authentication\login\UsernamePasswordLogoutHandler.java,run.halo.app.security.authentication.login.UsernamePasswordLogoutHandler,UsernamePasswordLogoutHandler/1[run.halo.app.security.authentication.login.ServerSecurityContextRepository],securityContextRepository,2
C:\halo-main\application\src\main\java\run\halo\app\theme\finders\vo\CategoryTreeVo.java,run.halo.app.theme.finders.vo.CategoryTreeVo,from/1[run.halo.app.theme.finders.vo.CategoryVo],category,5
C:\halo-main\application\src\test\java\run\halo\app\config\WebFluxConfigTest.java,run.halo.app.config.WebFluxConfigTest$ConsoleRequest,shouldRedirect/0,index,1
C:\halo-main\application\src\main\java\run\halo\app\security\authentication\login\InvalidEncryptedMessageException.java,run.halo.app.security.authentication.login.InvalidEncryptedMessageException,InvalidEncryptedMessageException/1[java.lang.String],message,1
C:\halo-main\application\src\main\java\run\halo\app\security\authentication\login\InvalidEncryptedMessageException.java,run.halo.app.security.authentication.login.InvalidEncryptedMessageException,"InvalidEncryptedMessageException/2[java.lang.String,java.lang.Throwable]",cause,1
C:\halo-main\application\src\main\java\run\halo\app\security\authentication\login\InvalidEncryptedMessageException.java,run.halo.app.security.authentication.login.InvalidEncryptedMessageException,"InvalidEncryptedMessageException/2[java.lang.String,java.lang.Throwable]",message,1
C:\halo-main\application\src\main\java\run\halo\app\core\extension\endpoint\CustomEndpointsBuilder.java,run.halo.app.core.extension.endpoint.CustomEndpointsBuilder,build/0,routerFunctions,1
C:\halo-main\application\src\main\java\run\halo\app\core\extension\endpoint\CustomEndpointsBuilder.java,run.halo.app.core.extension.endpoint.CustomEndpointsBuilder,build/0,builder,1
C:\halo-main\application\src\main\java\run\halo\app\core\extension\endpoint\CustomEndpointsBuilder.java,run.halo.app.core.extension.endpoint.CustomEndpointsBuilder,build/0,routeBuilder,2
C:\halo-main\application\src\main\java\run\halo\app\core\extension\endpoint\CustomEndpointsBuilder.java,run.halo.app.core.extension.endpoint.CustomEndpointsBuilder,build/0,gv,2
C:\halo-main\application\src\main\java\run\halo\app\core\extension\endpoint\CustomEndpointsBuilder.java,run.halo.app.core.extension.endpoint.CustomEndpointsBuilder,add/1[run.halo.app.core.extension.endpoint.CustomEndpoint],customEndpoint,2
C:\halo-main\application\src\main\java\run\halo\app\core\extension\endpoint\CustomEndpointsBuilder.java,run.halo.app.core.extension.endpoint.CustomEndpointsBuilder,add/1[run.halo.app.core.extension.endpoint.CustomEndpoint],gv,0
C:\halo-main\application\src\main\java\run\halo\app\plugin\extensionpoint\DefaultExtensionGetter.java,run.halo.app.plugin.extensionpoint.DefaultExtensionGetter,getEnabledExtensionByDefinition/1[java.lang.Class<T>],extensionPoint,4
C:\halo-main\application\src\main\java\run\halo\app\plugin\extensionpoint\DefaultExtensionGetter.java,run.halo.app.plugin.extensionpoint.DefaultExtensionGetter,getEnabledExtensionByDefinition/1[java.lang.Class<T>],systemExtsStream,1
C:\halo-main\application\src\main\java\run\halo\app\plugin\extensionpoint\DefaultExtensionGetter.java,run.halo.app.plugin.extensionpoint.DefaultExtensionGetter,getEnabledExtensionByDefinition/1[java.lang.Class<T>],pluginExtsStream,1
C:\halo-main\application\src\main\java\run\halo\app\plugin\extensionpoint\DefaultExtensionGetter.java,run.halo.app.plugin.extensionpoint.DefaultExtensionGetter,getEnabledExtensionByDefinition/1[java.lang.Class<T>],extensionPointDefinition,1
C:\halo-main\application\src\main\java\run\halo\app\plugin\extensionpoint\DefaultExtensionGetter.java,run.halo.app.plugin.extensionpoint.DefaultExtensionGetter,getEnabledExtensionByDefinition/1[java.lang.Class<T>],type,1
C:\halo-main\application\src\main\java\run\halo\app\plugin\extensionpoint\DefaultExtensionGetter.java,run.halo.app.plugin.extensionpoint.DefaultExtensionGetter,getEnabledExtension/1[java.lang.Class<T>],extensionPoint,3
C:\halo-main\application\src\main\java\run\halo\app\plugin\extensionpoint\DefaultExtensionGetter.java,run.halo.app.plugin.extensionpoint.DefaultExtensionGetter,getEnabledExtension/1[java.lang.Class<T>],implClassNames,1
C:\halo-main\application\src\main\java\run\halo\app\plugin\extensionpoint\DefaultExtensionGetter.java,run.halo.app.plugin.extensionpoint.DefaultExtensionGetter,getEnabledExtension/1[java.lang.Class<T>],impl,1
C:\halo-main\application\src\main\java\run\halo\app\plugin\extensionpoint\DefaultExtensionGetter.java,run.halo.app.plugin.extensionpoint.DefaultExtensionGetter,getEnabledExtension/1[java.lang.Class<T>],enabled,1
C:\halo-main\application\src\main\java\run\halo\app\plugin\extensionpoint\DefaultExtensionGetter.java,run.halo.app.plugin.extensionpoint.DefaultExtensionGetter,fetchExtensionPointDefinition/1[java.lang.Class<? extends run.halo.app.plugin.extensionpoint.ExtensionPoint>],extensionPoint,1
C:\halo-main\application\src\main\java\run\halo\app\plugin\extensionpoint\DefaultExtensionGetter.java,run.halo.app.plugin.extensionpoint.DefaultExtensionGetter,fetchExtensionPointDefinition/1[java.lang.Class<? extends run.halo.app.plugin.extensionpoint.ExtensionPoint>],definition,3
C:\halo-main\application\src\main\java\run\halo\app\plugin\extensionpoint\DefaultExtensionGetter.java,run.halo.app.plugin.extensionpoint.DefaultExtensionGetter,getEnabledExtensions/1[java.lang.Class<T>],extensionPoint,3
C:\halo-main\application\src\main\java\run\halo\app\plugin\extensionpoint\DefaultExtensionGetter.java,run.halo.app.plugin.extensionpoint.DefaultExtensionGetter,getEnabledExtensions/1[java.lang.Class<T>],implClassNames,1
C:\halo-main\application\src\main\java\run\halo\app\plugin\extensionpoint\DefaultExtensionGetter.java,run.halo.app.plugin.extensionpoint.DefaultExtensionGetter,getEnabledExtensions/1[java.lang.Class<T>],impl,1
C:\halo-main\application\src\main\java\run\halo\app\plugin\extensionpoint\DefaultExtensionGetter.java,run.halo.app.plugin.extensionpoint.DefaultExtensionGetter,getEnabledExtensions/1[java.lang.Class<T>],extensions,3
C:\halo-main\application\src\main\java\run\halo\app\plugin\extensionpoint\DefaultExtensionGetter.java,run.halo.app.plugin.extensionpoint.DefaultExtensionGetter,getEnabledExtensions/1[java.lang.Class<T>],enabled,1
C:\halo-main\application\src\main\java\run\halo\app\theme\router\factories\CategoriesRouteFactory.java,run.halo.app.theme.router.factories.CategoriesRouteFactory,handlerFunction/0,request,0
C:\halo-main\application\src\main\java\run\halo\app\theme\router\factories\CategoriesRouteFactory.java,run.halo.app.theme.router.factories.CategoriesRouteFactory,create/1[java.lang.String],prefix,1
C:\halo-main\application\src\test\java\run\halo\app\extension\ConfigMapTest.java,run.halo.app.extension.ConfigMapTest,equalsTest/0,metadataB,2
C:\halo-main\application\src\test\java\run\halo\app\extension\ConfigMapTest.java,run.halo.app.extension.ConfigMapTest,equalsTest/0,metadataA,2
C:\halo-main\application\src\test\java\run\halo\app\extension\ConfigMapTest.java,run.halo.app.extension.ConfigMapTest,equalsTest/0,configMapB,5
C:\halo-main\application\src\test\java\run\halo\app\extension\ConfigMapTest.java,run.halo.app.extension.ConfigMapTest,equalsTest/0,configMapA,4
C:\halo-main\application\src\test\java\run\halo\app\extension\ConfigMapTest.java,run.halo.app.extension.ConfigMapTest,configMapTest/0,metadata,2
C:\halo-main\application\src\test\java\run\halo\app\extension\ConfigMapTest.java,run.halo.app.extension.ConfigMapTest,configMapTest/0,data,2
C:\halo-main\application\src\test\java\run\halo\app\extension\ConfigMapTest.java,run.halo.app.extension.ConfigMapTest,configMapTest/0,configMap,3
C:\halo-main\application\src\test\java\run\halo\app\extension\ConfigMapTest.java,run.halo.app.extension.ConfigMapTest,configMapTest/0,argumentCaptor,2
C:\halo-main\application\src\test\java\run\halo\app\extension\ConfigMapTest.java,run.halo.app.extension.ConfigMapTest,configMapTest/0,value,2
C:\halo-main\application\src\test\java\run\halo\app\extension\ConfigMapTest.java,run.halo.app.extension.ConfigMapTest,putDataItem/0,configMap,4
C:\halo-main\application\src\test\java\run\halo\app\extension\ConfigMapTest.java,run.halo.app.extension.ConfigMapTest,yamlTest/0,configMap,4
C:\halo-main\application\src\test\java\run\halo\app\extension\ConfigMapTest.java,run.halo.app.extension.ConfigMapTest,yamlTest/0,unstructureds,2
C:\halo-main\application\src\test\java\run\halo\app\extension\ConfigMapTest.java,run.halo.app.extension.ConfigMapTest,yamlTest/0,unstructured,1
C:\halo-main\application\src\test\java\run\halo\app\extension\ConfigMapTest.java,run.halo.app.extension.ConfigMapTest,yamlTest/0,configMapYaml,1
C:\halo-main\application\src\main\java\run\halo\app\core\extension\reconciler\RoleReconciler.java,run.halo.app.core.extension.reconciler.RoleReconciler,RoleReconciler/1[run.halo.app.core.extension.reconciler.ExtensionClient],client,2
C:\halo-main\application\src\main\java\run\halo\app\core\extension\reconciler\RoleReconciler.java,run.halo.app.core.extension.reconciler.RoleReconciler,setupWith/1[run.halo.app.core.extension.reconciler.ControllerBuilder],builder,1
C:\halo-main\application\src\main\java\run\halo\app\core\extension\reconciler\RoleReconciler.java,run.halo.app.core.extension.reconciler.RoleReconciler,updateLabelsAndAnnotations/1[run.halo.app.core.extension.reconciler.Role],role,3
C:\halo-main\application\src\main\java\run\halo\app\core\extension\reconciler\RoleReconciler.java,run.halo.app.core.extension.reconciler.RoleReconciler,updateLabelsAndAnnotations/1[run.halo.app.core.extension.reconciler.Role],annotations,2
C:\halo-main\application\src\main\java\run\halo\app\core\extension\reconciler\RoleReconciler.java,run.halo.app.core.extension.reconciler.RoleReconciler,updateLabelsAndAnnotations/1[run.halo.app.core.extension.reconciler.Role],freshRole,6
C:\halo-main\application\src\main\java\run\halo\app\core\extension\reconciler\RoleReconciler.java,run.halo.app.core.extension.reconciler.RoleReconciler,updateLabelsAndAnnotations/1[run.halo.app.core.extension.reconciler.Role],labels,2
C:\halo-main\application\src\main\java\run\halo\app\core\extension\reconciler\RoleReconciler.java,run.halo.app.core.extension.reconciler.RoleReconciler,reconcile/1[run.halo.app.core.extension.reconciler.Request],request,1
C:\halo-main\application\src\main\java\run\halo\app\core\extension\reconciler\RoleReconciler.java,run.halo.app.core.extension.reconciler.RoleReconciler,reconcile/1[run.halo.app.core.extension.reconciler.Request],role,2
C:\halo-main\application\src\main\java\run\halo\app\core\extension\reconciler\RoleReconciler.java,run.halo.app.core.extension.reconciler.RoleReconciler,reconcile/1[run.halo.app.core.extension.reconciler.Request],annotations,2
C:\halo-main\application\src\main\java\run\halo\app\plugin\PluginDevelopmentInitializer.java,run.halo.app.plugin.PluginDevelopmentInitializer,"PluginDevelopmentInitializer/3[run.halo.app.plugin.HaloPluginManager,run.halo.app.plugin.PluginProperties,run.halo.app.plugin.ReactiveExtensionClient]",pluginProperties,2
C:\halo-main\application\src\main\java\run\halo\app\plugin\PluginDevelopmentInitializer.java,run.halo.app.plugin.PluginDevelopmentInitializer,"PluginDevelopmentInitializer/3[run.halo.app.plugin.HaloPluginManager,run.halo.app.plugin.PluginProperties,run.halo.app.plugin.ReactiveExtensionClient]",haloPluginManager,2
C:\halo-main\application\src\main\java\run\halo\app\plugin\PluginDevelopmentInitializer.java,run.halo.app.plugin.PluginDevelopmentInitializer,"PluginDevelopmentInitializer/3[run.halo.app.plugin.HaloPluginManager,run.halo.app.plugin.PluginProperties,run.halo.app.plugin.ReactiveExtensionClient]",extensionClient,2
C:\halo-main\application\src\main\java\run\halo\app\plugin\PluginDevelopmentInitializer.java,run.halo.app.plugin.PluginDevelopmentInitializer,onApplicationEvent/1[run.halo.app.plugin.ApplicationReadyEvent],event,0
C:\halo-main\application\src\main\java\run\halo\app\plugin\PluginDevelopmentInitializer.java,run.halo.app.plugin.PluginDevelopmentInitializer,createFixedPluginIfNecessary/0,path,1
C:\halo-main\application\src\main\java\run\halo\app\plugin\PluginDevelopmentInitializer.java,run.halo.app.plugin.PluginDevelopmentInitializer,createFixedPluginIfNecessary/0,plugin,4
C:\halo-main\application\src\main\java\run\halo\app\plugin\PluginDevelopmentInitializer.java,run.halo.app.plugin.PluginDevelopmentInitializer,createFixedPluginIfNecessary/0,t,1
C:\halo-main\application\src\main\java\run\halo\app\plugin\PluginDevelopmentInitializer.java,run.halo.app.plugin.PluginDevelopmentInitializer,createFixedPluginIfNecessary/0,persistent,1
C:\halo-main\application\src\test\java\run\halo\app\core\extension\endpoint\PostEndpointTest.java,run.halo.app.core.extension.endpoint.PostEndpointTest,draftPost/0,post,1
C:\halo-main\application\src\test\java\run\halo\app\core\extension\endpoint\PostEndpointTest.java,run.halo.app.core.extension.endpoint.PostEndpointTest,shouldFailIfWaitTimeoutForPublishedStatus/0,publishedPost,3
C:\halo-main\application\src\test\java\run\halo\app\core\extension\endpoint\PostEndpointTest.java,run.halo.app.core.extension.endpoint.PostEndpointTest,shouldFailIfWaitTimeoutForPublishedStatus/0,post,5
C:\halo-main\application\src\test\java\run\halo\app\core\extension\endpoint\PostEndpointTest.java,run.halo.app.core.extension.endpoint.PostEndpointTest,shouldFailIfWaitTimeoutForPublishedStatus/0,publishedPostSpec,2
C:\halo-main\application\src\test\java\run\halo\app\core\extension\endpoint\PostEndpointTest.java,run.halo.app.core.extension.endpoint.PostEndpointTest,shouldFailIfWaitTimeoutForPublishedStatus/0,publishedMetadata,2
C:\halo-main\application\src\test\java\run\halo\app\core\extension\endpoint\PostEndpointTest.java,run.halo.app.core.extension.endpoint.PostEndpointTest,publishRetryOnOptimisticLockingFailure/0,post,4
C:\halo-main\application\src\test\java\run\halo\app\core\extension\endpoint\PostEndpointTest.java,run.halo.app.core.extension.endpoint.PostEndpointTest,postRequest/1[run.halo.app.core.extension.endpoint.Post],post,1
C:\halo-main\application\src\test\java\run\halo\app\core\extension\endpoint\PostEndpointTest.java,run.halo.app.core.extension.endpoint.PostEndpointTest,updatePost/0,post,1
C:\halo-main\application\src\test\java\run\halo\app\core\extension\endpoint\PostEndpointTest.java,run.halo.app.core.extension.endpoint.PostEndpointTest,publishSuccess/0,publishedPost,3
C:\halo-main\application\src\test\java\run\halo\app\core\extension\endpoint\PostEndpointTest.java,run.halo.app.core.extension.endpoint.PostEndpointTest,publishSuccess/0,post,5
C:\halo-main\application\src\test\java\run\halo\app\core\extension\endpoint\PostEndpointTest.java,run.halo.app.core.extension.endpoint.PostEndpointTest,publishSuccess/0,publishedPostSpec,2
C:\halo-main\application\src\test\java\run\halo\app\core\extension\endpoint\PostEndpointTest.java,run.halo.app.core.extension.endpoint.PostEndpointTest,publishSuccess/0,publishedMetadata,2
C:\halo-main\application\src\test\java\run\halo\app\core\extension\endpoint\PluginEndpointTest.java,run.halo.app.core.extension.endpoint.PluginEndpointTest,createPlugin/1[java.lang.String],name,1
C:\halo-main\application\src\test\java\run\halo\app\core\extension\endpoint\PluginEndpointTest.java,run.halo.app.core.extension.endpoint.PluginEndpointTest,"createPlugin/4[java.lang.String,java.lang.String,java.lang.String,java.lang.Boolean]",metadata,3
C:\halo-main\application\src\test\java\run\halo\app\core\extension\endpoint\PluginEndpointTest.java,run.halo.app.core.extension.endpoint.PluginEndpointTest,"createPlugin/4[java.lang.String,java.lang.String,java.lang.String,java.lang.Boolean]",plugin,3
C:\halo-main\application\src\test\java\run\halo\app\core\extension\endpoint\PluginEndpointTest.java,run.halo.app.core.extension.endpoint.PluginEndpointTest,"createPlugin/4[java.lang.String,java.lang.String,java.lang.String,java.lang.Boolean]",displayName,1
C:\halo-main\application\src\test\java\run\halo\app\core\extension\endpoint\PluginEndpointTest.java,run.halo.app.core.extension.endpoint.PluginEndpointTest,"createPlugin/4[java.lang.String,java.lang.String,java.lang.String,java.lang.Boolean]",name,1
C:\halo-main\application\src\test\java\run\halo\app\core\extension\endpoint\PluginEndpointTest.java,run.halo.app.core.extension.endpoint.PluginEndpointTest,"createPlugin/4[java.lang.String,java.lang.String,java.lang.String,java.lang.Boolean]",description,1
C:\halo-main\application\src\test\java\run\halo\app\core\extension\endpoint\PluginEndpointTest.java,run.halo.app.core.extension.endpoint.PluginEndpointTest,"createPlugin/4[java.lang.String,java.lang.String,java.lang.String,java.lang.Boolean]",enabled,1
C:\halo-main\application\src\test\java\run\halo\app\core\extension\endpoint\PluginEndpointTest.java,run.halo.app.core.extension.endpoint.PluginEndpointTest,"createPlugin/4[java.lang.String,java.lang.String,java.lang.String,java.lang.Boolean]",spec,4
C:\halo-main\application\src\test\java\run\halo\app\core\extension\endpoint\PluginEndpointTest.java,run.halo.app.core.extension.endpoint.PluginEndpointTest,"createPlugin/2[java.lang.String,java.time.Instant]",metadata,3
C:\halo-main\application\src\test\java\run\halo\app\core\extension\endpoint\PluginEndpointTest.java,run.halo.app.core.extension.endpoint.PluginEndpointTest,"createPlugin/2[java.lang.String,java.time.Instant]",plugin,3
C:\halo-main\application\src\test\java\run\halo\app\core\extension\endpoint\PluginEndpointTest.java,run.halo.app.core.extension.endpoint.PluginEndpointTest,"createPlugin/2[java.lang.String,java.time.Instant]",name,1
C:\halo-main\application\src\test\java\run\halo\app\core\extension\endpoint\PluginEndpointTest.java,run.halo.app.core.extension.endpoint.PluginEndpointTest,"createPlugin/2[java.lang.String,java.time.Instant]",creationTimestamp,1
C:\halo-main\application\src\test\java\run\halo\app\core\extension\endpoint\PluginEndpointTest.java,run.halo.app.core.extension.endpoint.PluginEndpointTest,"createPlugin/2[java.lang.String,java.time.Instant]",spec,1
C:\halo-main\application\src\test\java\run\halo\app\theme\router\factories\AuthorPostsRouteFactoryTest.java,run.halo.app.theme.router.factories.AuthorPostsRouteFactoryTest,create/0,routerFunction,1
C:\halo-main\application\src\test\java\run\halo\app\theme\router\factories\AuthorPostsRouteFactoryTest.java,run.halo.app.theme.router.factories.AuthorPostsRouteFactoryTest,create/0,webClient,1
C:\halo-main\application\src\main\java\run\halo\app\theme\ThemeContextBasedVariablesAcquirer.java,run.halo.app.theme.ThemeContextBasedVariablesAcquirer,"ThemeContextBasedVariablesAcquirer/2[run.halo.app.theme.finders.ThemeFinder,run.halo.app.theme.ThemeResolver]",themeResolver,2
C:\halo-main\application\src\main\java\run\halo\app\theme\ThemeContextBasedVariablesAcquirer.java,run.halo.app.theme.ThemeContextBasedVariablesAcquirer,"ThemeContextBasedVariablesAcquirer/2[run.halo.app.theme.finders.ThemeFinder,run.halo.app.theme.ThemeResolver]",themeFinder,2
C:\halo-main\application\src\main\java\run\halo\app\theme\ThemeContextBasedVariablesAcquirer.java,run.halo.app.theme.ThemeContextBasedVariablesAcquirer,acquire/1[run.halo.app.theme.ServerWebExchange],name,1
C:\halo-main\application\src\main\java\run\halo\app\theme\ThemeContextBasedVariablesAcquirer.java,run.halo.app.theme.ThemeContextBasedVariablesAcquirer,acquire/1[run.halo.app.theme.ServerWebExchange],exchange,1
C:\halo-main\application\src\main\java\run\halo\app\theme\ThemeContextBasedVariablesAcquirer.java,run.halo.app.theme.ThemeContextBasedVariablesAcquirer,acquire/1[run.halo.app.theme.ServerWebExchange],themeContext,1
C:\halo-main\application\src\main\java\run\halo\app\theme\ThemeContextBasedVariablesAcquirer.java,run.halo.app.theme.ThemeContextBasedVariablesAcquirer,acquire/1[run.halo.app.theme.ServerWebExchange],themeVo,1
C:\halo-main\application\src\main\java\run\halo\app\metrics\VisitLogWriter.java,run.halo.app.metrics.VisitLogWriter$AsyncLogWriter,writeToDisk/1[java.lang.String],size,1
C:\halo-main\application\src\main\java\run\halo\app\metrics\VisitLogWriter.java,run.halo.app.metrics.VisitLogWriter$AsyncLogWriter,writeToDisk/1[java.lang.String],e,1
C:\halo-main\application\src\main\java\run\halo\app\metrics\VisitLogWriter.java,run.halo.app.metrics.VisitLogWriter$AsyncLogWriter,writeToDisk/1[java.lang.String],format,3
C:\halo-main\application\src\main\java\run\halo\app\metrics\VisitLogWriter.java,run.halo.app.metrics.VisitLogWriter$AsyncLogWriter,writeToDisk/1[java.lang.String],logMsg,1
C:\halo-main\application\src\main\java\run\halo\app\metrics\VisitLogWriter.java,run.halo.app.metrics.VisitLogWriter$AsyncLogWriter,dispose/0,e,0
C:\halo-main\application\src\main\java\run\halo\app\metrics\VisitLogWriter.java,run.halo.app.metrics.VisitLogWriter$AsyncLogWriter,put/1[java.lang.String],logMessage,2
C:\halo-main\application\src\main\java\run\halo\app\metrics\VisitLogWriter.java,run.halo.app.metrics.VisitLogWriter$AsyncLogWriter,writeLog/0,logMessage,3
C:\halo-main\application\src\main\java\run\halo\app\metrics\VisitLogWriter.java,run.halo.app.metrics.VisitLogWriter$AsyncLogWriter,AsyncLogWriter/1[java.nio.file.Path],e,1
C:\halo-main\application\src\main\java\run\halo\app\metrics\VisitLogWriter.java,run.halo.app.metrics.VisitLogWriter$AsyncLogWriter,AsyncLogWriter/1[java.nio.file.Path],logFilePath,1
C:\halo-main\application\src\main\java\run\halo\app\metrics\VisitLogWriter.java,run.halo.app.metrics.VisitLogWriter$AsyncLogWriter,AsyncLogWriter/1[java.nio.file.Path],outputStream,2
C:\halo-main\application\src\main\java\run\halo\app\theme\dialect\TemplateGlobalHeadProcessor.java,run.halo.app.theme.dialect.TemplateGlobalHeadProcessor,TemplateGlobalHeadProcessor/1[run.halo.app.infra.SystemConfigurableEnvironmentFetcher],fetcher,2
C:\halo-main\application\src\main\java\run\halo\app\theme\dialect\TemplateGlobalHeadProcessor.java,run.halo.app.theme.dialect.TemplateGlobalHeadProcessor,isContentTemplate/1[run.halo.app.theme.dialect.ITemplateContext],context,1
C:\halo-main\application\src\main\java\run\halo\app\theme\dialect\TemplateGlobalHeadProcessor.java,run.halo.app.theme.dialect.TemplateGlobalHeadProcessor,isContentTemplate/1[run.halo.app.theme.dialect.ITemplateContext],templateId,2
C:\halo-main\application\src\main\java\run\halo\app\theme\dialect\TemplateGlobalHeadProcessor.java,run.halo.app.theme.dialect.TemplateGlobalHeadProcessor,"process/3[run.halo.app.theme.dialect.ITemplateContext,run.halo.app.theme.dialect.IModel,run.halo.app.theme.dialect.IElementModelStructureHandler]",codeInjection,2
C:\halo-main\application\src\main\java\run\halo\app\theme\dialect\TemplateGlobalHeadProcessor.java,run.halo.app.theme.dialect.TemplateGlobalHeadProcessor,"process/3[run.halo.app.theme.dialect.ITemplateContext,run.halo.app.theme.dialect.IModel,run.halo.app.theme.dialect.IElementModelStructureHandler]",structureHandler,0
C:\halo-main\application\src\main\java\run\halo\app\theme\dialect\TemplateGlobalHeadProcessor.java,run.halo.app.theme.dialect.TemplateGlobalHeadProcessor,"process/3[run.halo.app.theme.dialect.ITemplateContext,run.halo.app.theme.dialect.IModel,run.halo.app.theme.dialect.IElementModelStructureHandler]",context,2
C:\halo-main\application\src\main\java\run\halo\app\theme\dialect\TemplateGlobalHeadProcessor.java,run.halo.app.theme.dialect.TemplateGlobalHeadProcessor,"process/3[run.halo.app.theme.dialect.ITemplateContext,run.halo.app.theme.dialect.IModel,run.halo.app.theme.dialect.IElementModelStructureHandler]",model,2
C:\halo-main\application\src\main\java\run\halo\app\theme\dialect\TemplateGlobalHeadProcessor.java,run.halo.app.theme.dialect.TemplateGlobalHeadProcessor,"process/3[run.halo.app.theme.dialect.ITemplateContext,run.halo.app.theme.dialect.IModel,run.halo.app.theme.dialect.IElementModelStructureHandler]",contentHeader,2
C:\halo-main\application\src\main\java\run\halo\app\theme\dialect\TemplateGlobalHeadProcessor.java,run.halo.app.theme.dialect.TemplateGlobalHeadProcessor,"process/3[run.halo.app.theme.dialect.ITemplateContext,run.halo.app.theme.dialect.IModel,run.halo.app.theme.dialect.IElementModelStructureHandler]",globalHeader,2
C:\halo-main\application\src\main\java\run\halo\app\theme\dialect\TemplateGlobalHeadProcessor.java,run.halo.app.theme.dialect.TemplateGlobalHeadProcessor,"process/3[run.halo.app.theme.dialect.ITemplateContext,run.halo.app.theme.dialect.IModel,run.halo.app.theme.dialect.IElementModelStructureHandler]",modelFactory,2
C:\halo-main\application\src\main\java\run\halo\app\infra\utils\HaloUtils.java,run.halo.app.infra.utils.HaloUtils,readClassPathResourceAsString/1[java.lang.String],e,1
C:\halo-main\application\src\main\java\run\halo\app\infra\utils\HaloUtils.java,run.halo.app.infra.utils.HaloUtils,readClassPathResourceAsString/1[java.lang.String],inputStream,1
C:\halo-main\application\src\main\java\run\halo\app\infra\utils\HaloUtils.java,run.halo.app.infra.utils.HaloUtils,readClassPathResourceAsString/1[java.lang.String],location,2
C:\halo-main\application\src\main\java\run\halo\app\infra\utils\HaloUtils.java,run.halo.app.infra.utils.HaloUtils,readClassPathResourceAsString/1[java.lang.String],classPathResource,1
C:\halo-main\application\src\main\java\run\halo\app\infra\utils\HaloUtils.java,run.halo.app.infra.utils.HaloUtils,getMonthText/1[java.time.Instant],monthValue,1
C:\halo-main\application\src\main\java\run\halo\app\infra\utils\HaloUtils.java,run.halo.app.infra.utils.HaloUtils,getMonthText/1[java.time.Instant],instant,2
C:\halo-main\application\src\main\java\run\halo\app\infra\utils\HaloUtils.java,run.halo.app.infra.utils.HaloUtils,userAgentFrom/1[run.halo.app.infra.utils.ServerRequest],request,1
C:\halo-main\application\src\main\java\run\halo\app\infra\utils\HaloUtils.java,run.halo.app.infra.utils.HaloUtils,userAgentFrom/1[run.halo.app.infra.utils.ServerRequest],userAgent,3
C:\halo-main\application\src\main\java\run\halo\app\infra\utils\HaloUtils.java,run.halo.app.infra.utils.HaloUtils,userAgentFrom/1[run.halo.app.infra.utils.ServerRequest],httpHeaders,2
C:\halo-main\application\src\main\java\run\halo\app\infra\utils\HaloUtils.java,run.halo.app.infra.utils.HaloUtils,getDayText/1[java.time.Instant],dayValue,1
C:\halo-main\application\src\main\java\run\halo\app\infra\utils\HaloUtils.java,run.halo.app.infra.utils.HaloUtils,getDayText/1[java.time.Instant],instant,2
C:\halo-main\application\src\main\java\run\halo\app\infra\utils\HaloUtils.java,run.halo.app.infra.utils.HaloUtils,getYearText/1[java.time.Instant],instant,2
C:\halo-main\application\src\main\java\run\halo\app\core\extension\service\RoleBindingService.java,run.halo.app.core.extension.service.RoleBindingService,listBoundRoleNames/1[java.util.Collection<? extends run.halo.app.core.extension.service.GrantedAuthority>],authorities,0
C:\halo-main\application\src\test\java\run\halo\app\theme\message\ThemeMessageResolutionUtilsTest.java,run.halo.app.theme.message.ThemeMessageResolutionUtilsTest,resolveMessagesForTemplateForEnglish/0,properties,2
C:\halo-main\application\src\test\java\run\halo\app\theme\message\ThemeMessageResolutionUtilsTest.java,run.halo.app.theme.message.ThemeMessageResolutionUtilsTest,resolveMessagesForTemplateForDefault/0,properties,2
C:\halo-main\application\src\test\java\run\halo\app\theme\message\ThemeMessageResolutionUtilsTest.java,run.halo.app.theme.message.ThemeMessageResolutionUtilsTest,messageFormat/0,s,1
C:\halo-main\application\src\main\java\run\halo\app\core\extension\reconciler\AuthProviderReconciler.java,run.halo.app.core.extension.reconciler.AuthProviderReconciler,privileged/1[run.halo.app.core.extension.reconciler.AuthProvider],authProvider,1
C:\halo-main\application\src\main\java\run\halo\app\core\extension\reconciler\AuthProviderReconciler.java,run.halo.app.core.extension.reconciler.AuthProviderReconciler,setupWith/1[run.halo.app.core.extension.reconciler.ControllerBuilder],builder,1
C:\halo-main\application\src\main\java\run\halo\app\core\extension\reconciler\AuthProviderReconciler.java,run.halo.app.core.extension.reconciler.AuthProviderReconciler,reconcile/1[run.halo.app.core.extension.reconciler.Request],request,1
C:\halo-main\application\src\main\java\run\halo\app\core\extension\reconciler\AuthProviderReconciler.java,run.halo.app.core.extension.reconciler.AuthProviderReconciler,handlePrivileged/1[run.halo.app.core.extension.reconciler.AuthProvider],authProvider,2
C:\halo-main\application\src\main\java\run\halo\app\infra\exception\DuplicateNameException.java,run.halo.app.infra.exception.DuplicateNameException,"DuplicateNameException/4[java.lang.String,java.lang.Throwable,java.lang.String,java.lang.Object[]]",reason,1
C:\halo-main\application\src\main\java\run\halo\app\infra\exception\DuplicateNameException.java,run.halo.app.infra.exception.DuplicateNameException,"DuplicateNameException/4[java.lang.String,java.lang.Throwable,java.lang.String,java.lang.Object[]]",messageDetailCode,1
C:\halo-main\application\src\main\java\run\halo\app\infra\exception\DuplicateNameException.java,run.halo.app.infra.exception.DuplicateNameException,"DuplicateNameException/4[java.lang.String,java.lang.Throwable,java.lang.String,java.lang.Object[]]",cause,1
C:\halo-main\application\src\main\java\run\halo\app\infra\exception\DuplicateNameException.java,run.halo.app.infra.exception.DuplicateNameException,"DuplicateNameException/4[java.lang.String,java.lang.Throwable,java.lang.String,java.lang.Object[]]",messageDetailArguments,1
C:\halo-main\application\src\main\java\run\halo\app\infra\exception\DuplicateNameException.java,run.halo.app.infra.exception.DuplicateNameException,"DuplicateNameException/2[java.lang.String,java.lang.Throwable]",reason,1
C:\halo-main\application\src\main\java\run\halo\app\infra\exception\DuplicateNameException.java,run.halo.app.infra.exception.DuplicateNameException,"DuplicateNameException/2[java.lang.String,java.lang.Throwable]",cause,1
C:\halo-main\application\src\main\java\run\halo\app\infra\exception\DuplicateNameException.java,run.halo.app.infra.exception.DuplicateNameException,DuplicateNameException/1[java.lang.String],reason,1
C:\halo-main\application\src\main\java\run\halo\app\security\authorization\RequestInfoFactory.java,run.halo.app.security.authorization.RequestInfoFactory,"RequestInfoFactory/2[java.util.Set<java.lang.String>,java.util.Set<java.lang.String>]",apiPrefixes,1
C:\halo-main\application\src\main\java\run\halo\app\security\authorization\RequestInfoFactory.java,run.halo.app.security.authorization.RequestInfoFactory,"RequestInfoFactory/2[java.util.Set<java.lang.String>,java.util.Set<java.lang.String>]",grouplessApiPrefixes,1
C:\halo-main\application\src\main\java\run\halo\app\security\authorization\RequestInfoFactory.java,run.halo.app.security.authorization.RequestInfoFactory,newRequestInfo/1[run.halo.app.security.authorization.ServerHttpRequest],request,6
C:\halo-main\application\src\main\java\run\halo\app\security\authorization\RequestInfoFactory.java,run.halo.app.security.authorization.RequestInfoFactory,newRequestInfo/1[run.halo.app.security.authorization.ServerHttpRequest],path,1
C:\halo-main\application\src\main\java\run\halo\app\security\authorization\RequestInfoFactory.java,run.halo.app.security.authorization.RequestInfoFactory,newRequestInfo/1[run.halo.app.security.authorization.ServerHttpRequest],specialVerbs,2
C:\halo-main\application\src\main\java\run\halo\app\security\authorization\RequestInfoFactory.java,run.halo.app.security.authorization.RequestInfoFactory,newRequestInfo/1[run.halo.app.security.authorization.ServerHttpRequest],watch,1
C:\halo-main\application\src\main\java\run\halo\app\security\authorization\RequestInfoFactory.java,run.halo.app.security.authorization.RequestInfoFactory,newRequestInfo/1[run.halo.app.security.authorization.ServerHttpRequest],currentParts,30
C:\halo-main\application\src\main\java\run\halo\app\security\authorization\RequestInfoFactory.java,run.halo.app.security.authorization.RequestInfoFactory,newRequestInfo/1[run.halo.app.security.authorization.ServerHttpRequest],namespaceSubresources,1
C:\halo-main\application\src\main\java\run\halo\app\security\authorization\RequestInfoFactory.java,run.halo.app.security.authorization.RequestInfoFactory,newRequestInfo/1[run.halo.app.security.authorization.ServerHttpRequest],deleteAll,1
C:\halo-main\application\src\main\java\run\halo\app\security\authorization\RequestInfoFactory.java,run.halo.app.security.authorization.RequestInfoFactory,newRequestInfo/1[run.halo.app.security.authorization.ServerHttpRequest],requestInfo,37
C:\halo-main\application\src\main\java\run\halo\app\security\authorization\RequestInfoFactory.java,run.halo.app.security.authorization.RequestInfoFactory,splitPath/1[java.lang.String],path,4
C:\halo-main\application\src\main\java\run\halo\app\security\authorization\RequestInfoFactory.java,run.halo.app.security.authorization.RequestInfoFactory,"RequestInfoFactory/3[java.util.Set<java.lang.String>,java.util.Set<java.lang.String>,java.util.Set<java.lang.String>]",specialVerbs,2
C:\halo-main\application\src\main\java\run\halo\app\security\authorization\RequestInfoFactory.java,run.halo.app.security.authorization.RequestInfoFactory,"RequestInfoFactory/3[java.util.Set<java.lang.String>,java.util.Set<java.lang.String>,java.util.Set<java.lang.String>]",apiPrefixes,2
C:\halo-main\application\src\main\java\run\halo\app\security\authorization\RequestInfoFactory.java,run.halo.app.security.authorization.RequestInfoFactory,"RequestInfoFactory/3[java.util.Set<java.lang.String>,java.util.Set<java.lang.String>,java.util.Set<java.lang.String>]",grouplessApiPrefixes,2
C:\halo-main\application\src\main\java\run\halo\app\metrics\VisitedEventReconciler.java,run.halo.app.metrics.VisitedEventReconciler,"VisitCountBucket/2[java.lang.String,int]",visits,0
C:\halo-main\application\src\main\java\run\halo\app\metrics\VisitedEventReconciler.java,run.halo.app.metrics.VisitedEventReconciler,"VisitCountBucket/2[java.lang.String,int]",name,0
C:\halo-main\application\src\main\java\run\halo\app\metrics\VisitedEventReconciler.java,run.halo.app.metrics.VisitedEventReconciler,stop/0,iterator,4
C:\halo-main\application\src\main\java\run\halo\app\metrics\VisitedEventReconciler.java,run.halo.app.metrics.VisitedEventReconciler,stop/0,item,2
C:\halo-main\application\src\main\java\run\halo\app\metrics\VisitedEventReconciler.java,run.halo.app.metrics.VisitedEventReconciler,stop/0,e,1
C:\halo-main\application\src\main\java\run\halo\app\metrics\VisitedEventReconciler.java,run.halo.app.metrics.VisitedEventReconciler,VisitedEventReconciler/1[run.halo.app.metrics.ExtensionClient],client,2
C:\halo-main\application\src\main\java\run\halo\app\metrics\VisitedEventReconciler.java,run.halo.app.metrics.VisitedEventReconciler,setupWith/1[run.halo.app.metrics.ControllerBuilder],builder,0
C:\halo-main\application\src\main\java\run\halo\app\metrics\VisitedEventReconciler.java,run.halo.app.metrics.VisitedEventReconciler,queuedVisitBucketTask/0,iterator,4
C:\halo-main\application\src\main\java\run\halo\app\metrics\VisitedEventReconciler.java,run.halo.app.metrics.VisitedEventReconciler,queuedVisitBucketTask/0,item,2
C:\halo-main\application\src\main\java\run\halo\app\metrics\VisitedEventReconciler.java,run.halo.app.metrics.VisitedEventReconciler,reconcile/1[run.halo.app.metrics.VisitCountBucket],visitCountBucket,2
C:\halo-main\application\src\main\java\run\halo\app\metrics\VisitedEventReconciler.java,run.halo.app.metrics.VisitedEventReconciler,"createOrUpdateVisits/2[java.lang.String,java.lang.Integer]",visits,2
C:\halo-main\application\src\main\java\run\halo\app\metrics\VisitedEventReconciler.java,run.halo.app.metrics.VisitedEventReconciler,"createOrUpdateVisits/2[java.lang.String,java.lang.Integer]",name,2
C:\halo-main\application\src\main\java\run\halo\app\metrics\VisitedEventReconciler.java,run.halo.app.metrics.VisitedEventReconciler,"createOrUpdateVisits/2[java.lang.String,java.lang.Integer]",counter,6
C:\halo-main\application\src\main\java\run\halo\app\metrics\VisitedEventReconciler.java,run.halo.app.metrics.VisitedEventReconciler,"createOrUpdateVisits/2[java.lang.String,java.lang.Integer]",existingVisit,1
C:\halo-main\application\src\test\java\run\halo\app\theme\dialect\CommentElementTagProcessorTest.java,run.halo.app.theme.dialect.CommentElementTagProcessorTest$TestTemplateResolver,"computeTemplateResource/4[run.halo.app.theme.dialect.IEngineConfiguration,java.lang.String,java.lang.String,java.util.Map<java.lang.String,java.lang.Object>]",template,1
C:\halo-main\application\src\test\java\run\halo\app\theme\dialect\CommentElementTagProcessorTest.java,run.halo.app.theme.dialect.CommentElementTagProcessorTest$TestTemplateResolver,"computeTemplateResource/4[run.halo.app.theme.dialect.IEngineConfiguration,java.lang.String,java.lang.String,java.util.Map<java.lang.String,java.lang.Object>]",configuration,0
C:\halo-main\application\src\test\java\run\halo\app\theme\dialect\CommentElementTagProcessorTest.java,run.halo.app.theme.dialect.CommentElementTagProcessorTest$TestTemplateResolver,"computeTemplateResource/4[run.halo.app.theme.dialect.IEngineConfiguration,java.lang.String,java.lang.String,java.util.Map<java.lang.String,java.lang.Object>]",templateResolutionAttributes,0
C:\halo-main\application\src\test\java\run\halo\app\theme\dialect\CommentElementTagProcessorTest.java,run.halo.app.theme.dialect.CommentElementTagProcessorTest$TestTemplateResolver,"computeTemplateResource/4[run.halo.app.theme.dialect.IEngineConfiguration,java.lang.String,java.lang.String,java.util.Map<java.lang.String,java.lang.Object>]",ownerTemplate,0
C:\halo-main\application\src\test\java\run\halo\app\extension\ReactiveExtensionClientTest.java,run.halo.app.extension.ReactiveExtensionClientTest,shouldUpdateSuccessfully/0,updatedFake,3
C:\halo-main\application\src\test\java\run\halo\app\extension\ReactiveExtensionClientTest.java,run.halo.app.extension.ReactiveExtensionClientTest,shouldUpdateSuccessfully/0,fake,2
C:\halo-main\application\src\test\java\run\halo\app\extension\ReactiveExtensionClientTest.java,run.halo.app.extension.ReactiveExtensionClientTest,shouldUpdateSuccessfully/0,storeName,5
C:\halo-main\application\src\test\java\run\halo\app\extension\ReactiveExtensionClientTest.java,run.halo.app.extension.ReactiveExtensionClientTest,shouldUpdateSuccessfully/0,oldFake,2
C:\halo-main\application\src\test\java\run\halo\app\extension\ReactiveExtensionClientTest.java,run.halo.app.extension.ReactiveExtensionClientTest,shouldNotUpdateIfExtensionNotChange/0,fake,2
C:\halo-main\application\src\test\java\run\halo\app\extension\ReactiveExtensionClientTest.java,run.halo.app.extension.ReactiveExtensionClientTest,shouldNotUpdateIfExtensionNotChange/0,storeName,3
C:\halo-main\application\src\test\java\run\halo\app\extension\ReactiveExtensionClientTest.java,run.halo.app.extension.ReactiveExtensionClientTest,shouldNotUpdateIfExtensionNotChange/0,oldFake,1
C:\halo-main\application\src\test\java\run\halo\app\extension\ReactiveExtensionClientTest.java,run.halo.app.extension.ReactiveExtensionClientTest,shouldThrowExceptionIfPrimaryKeyDuplicated/0,fake,3
C:\halo-main\application\src\test\java\run\halo\app\extension\ReactiveExtensionClientTest.java,run.halo.app.extension.ReactiveExtensionClientTest,shouldFetchUnstructuredExtension/0,storeName,5
C:\halo-main\application\src\test\java\run\halo\app\extension\ReactiveExtensionClientTest.java,run.halo.app.extension.ReactiveExtensionClientTest,shouldFetchUnstructuredExtension/0,fake,1
C:\halo-main\application\src\test\java\run\halo\app\extension\ReactiveExtensionClientTest.java,run.halo.app.extension.ReactiveExtensionClientTest,shouldCreateUsingUnstructuredSuccessfully/0,fake,5
C:\halo-main\application\src\test\java\run\halo\app\extension\ReactiveExtensionClientTest.java,run.halo.app.extension.ReactiveExtensionClientTest,shouldUpdateUnstructuredSuccessfully/0,updatedFake,3
C:\halo-main\application\src\test\java\run\halo\app\extension\ReactiveExtensionClientTest.java,run.halo.app.extension.ReactiveExtensionClientTest,shouldUpdateUnstructuredSuccessfully/0,name,5
C:\halo-main\application\src\test\java\run\halo\app\extension\ReactiveExtensionClientTest.java,run.halo.app.extension.ReactiveExtensionClientTest,shouldUpdateUnstructuredSuccessfully/0,fake,1
C:\halo-main\application\src\test\java\run\halo\app\extension\ReactiveExtensionClientTest.java,run.halo.app.extension.ReactiveExtensionClientTest,shouldUpdateUnstructuredSuccessfully/0,oldFake,2
C:\halo-main\application\src\test\java\run\halo\app\extension\ReactiveExtensionClientTest.java,run.halo.app.extension.ReactiveExtensionClientTest,shouldQueryPageableAndCorrectly/0,fake3,5
C:\halo-main\application\src\test\java\run\halo\app\extension\ReactiveExtensionClientTest.java,run.halo.app.extension.ReactiveExtensionClientTest,shouldQueryPageableAndCorrectly/0,fakes,9
C:\halo-main\application\src\test\java\run\halo\app\extension\ReactiveExtensionClientTest.java,run.halo.app.extension.ReactiveExtensionClientTest,shouldQueryPageableAndCorrectly/0,fake2,4
C:\halo-main\application\src\test\java\run\halo\app\extension\ReactiveExtensionClientTest.java,run.halo.app.extension.ReactiveExtensionClientTest,shouldQueryPageableAndCorrectly/0,fake1,4
C:\halo-main\application\src\test\java\run\halo\app\extension\ReactiveExtensionClientTest.java,run.halo.app.extension.ReactiveExtensionClientTest,shouldQueryPageableAndCorrectly/0,fake,3
C:\halo-main\application\src\test\java\run\halo\app\extension\ReactiveExtensionClientTest.java,run.halo.app.extension.ReactiveExtensionClientTest,"createFakeExtension/2[java.lang.String,java.lang.Long]",metadata,3
C:\halo-main\application\src\test\java\run\halo\app\extension\ReactiveExtensionClientTest.java,run.halo.app.extension.ReactiveExtensionClientTest,"createFakeExtension/2[java.lang.String,java.lang.Long]",name,1
C:\halo-main\application\src\test\java\run\halo\app\extension\ReactiveExtensionClientTest.java,run.halo.app.extension.ReactiveExtensionClientTest,"createFakeExtension/2[java.lang.String,java.lang.Long]",fake,4
C:\halo-main\application\src\test\java\run\halo\app\extension\ReactiveExtensionClientTest.java,run.halo.app.extension.ReactiveExtensionClientTest,"createFakeExtension/2[java.lang.String,java.lang.Long]",version,1
C:\halo-main\application\src\test\java\run\halo\app\extension\ReactiveExtensionClientTest.java,run.halo.app.extension.ReactiveExtensionClientTest,shouldReturnExtensionsWithFilterAndSorter/0,fakes,5
C:\halo-main\application\src\test\java\run\halo\app\extension\ReactiveExtensionClientTest.java,run.halo.app.extension.ReactiveExtensionClientTest,shouldReturnExtensionsWithFilterAndSorter/0,fake2,3
C:\halo-main\application\src\test\java\run\halo\app\extension\ReactiveExtensionClientTest.java,run.halo.app.extension.ReactiveExtensionClientTest,shouldReturnExtensionsWithFilterAndSorter/0,fake1,4
C:\halo-main\application\src\test\java\run\halo\app\extension\ReactiveExtensionClientTest.java,run.halo.app.extension.ReactiveExtensionClientTest,shouldReturnExtensionsWithFilterAndSorter/0,name,1
C:\halo-main\application\src\test\java\run\halo\app\extension\ReactiveExtensionClientTest.java,run.halo.app.extension.ReactiveExtensionClientTest,shouldReturnExtensionsWithFilterAndSorter/0,fake,3
C:\halo-main\application\src\test\java\run\halo\app\extension\ReactiveExtensionClientTest.java,run.halo.app.extension.ReactiveExtensionClientTest,"createExtensionStore/2[java.lang.String,java.lang.Long]",name,1
C:\halo-main\application\src\test\java\run\halo\app\extension\ReactiveExtensionClientTest.java,run.halo.app.extension.ReactiveExtensionClientTest,"createExtensionStore/2[java.lang.String,java.lang.Long]",version,1
C:\halo-main\application\src\test\java\run\halo\app\extension\ReactiveExtensionClientTest.java,run.halo.app.extension.ReactiveExtensionClientTest,"createExtensionStore/2[java.lang.String,java.lang.Long]",extensionStore,3
C:\halo-main\application\src\test\java\run\halo\app\extension\ReactiveExtensionClientTest.java,run.halo.app.extension.ReactiveExtensionClientTest,shouldFetchAnExtension/0,storeName,5
C:\halo-main\application\src\test\java\run\halo\app\extension\ReactiveExtensionClientTest.java,run.halo.app.extension.ReactiveExtensionClientTest,shouldFetchAnExtension/0,fake,1
C:\halo-main\application\src\test\java\run\halo\app\extension\ReactiveExtensionClientTest.java,run.halo.app.extension.ReactiveExtensionClientTest,shouldCreateWithGenerateNameSuccessfully/0,ext,2
C:\halo-main\application\src\test\java\run\halo\app\extension\ReactiveExtensionClientTest.java,run.halo.app.extension.ReactiveExtensionClientTest,shouldCreateWithGenerateNameSuccessfully/0,name,1
C:\halo-main\application\src\test\java\run\halo\app\extension\ReactiveExtensionClientTest.java,run.halo.app.extension.ReactiveExtensionClientTest,shouldCreateWithGenerateNameSuccessfully/0,fake,6
C:\halo-main\application\src\test\java\run\halo\app\extension\ReactiveExtensionClientTest.java,run.halo.app.extension.ReactiveExtensionClientTest,shouldFetchNothing/0,fake,1
C:\halo-main\application\src\test\java\run\halo\app\extension\ReactiveExtensionClientTest.java,run.halo.app.extension.ReactiveExtensionClientTest,shouldThrowExceptionIfCreatingWithoutGenerateName/0,fake,3
C:\halo-main\application\src\test\java\run\halo\app\extension\ReactiveExtensionClientTest.java,run.halo.app.extension.ReactiveExtensionClientTest,shouldCreateSuccessfully/0,fake,5
C:\halo-main\application\src\test\java\run\halo\app\extension\ReactiveExtensionClientTest.java,run.halo.app.extension.ReactiveExtensionClientTest,shouldDeleteSuccessfully/0,fake,3
C:\halo-main\application\src\test\java\run\halo\app\extension\ReactiveExtensionClientTest.java,run.halo.app.extension.ReactiveExtensionClientTest,shouldReturnEmptyExtensions/0,fakes,1
C:\halo-main\application\src\test\java\run\halo\app\extension\ReactiveExtensionClientTest.java,run.halo.app.extension.ReactiveExtensionClientTest,createUnstructured/0,extensionJson,1
C:\halo-main\application\src\test\java\run\halo\app\extension\ReactiveExtensionClientTest.java,run.halo.app.extension.ReactiveExtensionClientTest,createExtensionStore/1[java.lang.String],name,1
C:\halo-main\application\src\test\java\run\halo\app\extension\ReactiveExtensionClientTest.java,run.halo.app.extension.ReactiveExtensionClientTest,shouldNotFetchUnstructured/0,unstructuredFake,1
C:\halo-main\application\src\main\java\run\halo\app\extension\gc\GcReconciler.java,run.halo.app.extension.gc.GcReconciler,setupWith/1[run.halo.app.extension.gc.ControllerBuilder],synchronizer,1
C:\halo-main\application\src\main\java\run\halo\app\extension\gc\GcReconciler.java,run.halo.app.extension.gc.GcReconciler,setupWith/1[run.halo.app.extension.gc.ControllerBuilder],builder,0
C:\halo-main\application\src\main\java\run\halo\app\extension\gc\GcReconciler.java,run.halo.app.extension.gc.GcReconciler,setupWith/1[run.halo.app.extension.gc.ControllerBuilder],queue,2
C:\halo-main\application\src\main\java\run\halo\app\extension\gc\GcReconciler.java,run.halo.app.extension.gc.GcReconciler,"GcReconciler/4[run.halo.app.extension.gc.ExtensionClient,run.halo.app.extension.store.ExtensionStoreClient,run.halo.app.extension.ExtensionConverter,run.halo.app.extension.gc.SchemeManager]",schemeManager,2
C:\halo-main\application\src\main\java\run\halo\app\extension\gc\GcReconciler.java,run.halo.app.extension.gc.GcReconciler,"GcReconciler/4[run.halo.app.extension.gc.ExtensionClient,run.halo.app.extension.store.ExtensionStoreClient,run.halo.app.extension.ExtensionConverter,run.halo.app.extension.gc.SchemeManager]",converter,2
C:\halo-main\application\src\main\java\run\halo\app\extension\gc\GcReconciler.java,run.halo.app.extension.gc.GcReconciler,"GcReconciler/4[run.halo.app.extension.gc.ExtensionClient,run.halo.app.extension.store.ExtensionStoreClient,run.halo.app.extension.ExtensionConverter,run.halo.app.extension.gc.SchemeManager]",client,2
C:\halo-main\application\src\main\java\run\halo\app\extension\gc\GcReconciler.java,run.halo.app.extension.gc.GcReconciler,"GcReconciler/4[run.halo.app.extension.gc.ExtensionClient,run.halo.app.extension.store.ExtensionStoreClient,run.halo.app.extension.ExtensionConverter,run.halo.app.extension.gc.SchemeManager]",storeClient,2
C:\halo-main\application\src\main\java\run\halo\app\extension\gc\GcReconciler.java,run.halo.app.extension.gc.GcReconciler,deletable/0,extension,2
C:\halo-main\application\src\main\java\run\halo\app\extension\gc\GcReconciler.java,run.halo.app.extension.gc.GcReconciler,reconcile/1[run.halo.app.extension.gc.GcRequest],request,4
C:\halo-main\application\src\main\java\run\halo\app\extension\gc\GcReconciler.java,run.halo.app.extension.gc.GcReconciler,reconcile/1[run.halo.app.extension.gc.GcRequest],extension,1
C:\halo-main\application\src\main\java\run\halo\app\extension\gc\GcReconciler.java,run.halo.app.extension.gc.GcReconciler,reconcile/1[run.halo.app.extension.gc.GcRequest],extensionStore,2
C:\halo-main\application\src\test\java\run\halo\app\core\extension\service\UserServiceImplTest.java,run.halo.app.core.extension.service.UserServiceImplTest$UpdateWithRawPasswordTest,shouldUpdatePasswordIfNoPasswordBefore/0,extension,1
C:\halo-main\application\src\test\java\run\halo\app\core\extension\service\UserServiceImplTest.java,run.halo.app.core.extension.service.UserServiceImplTest$UpdateWithRawPasswordTest,shouldUpdatePasswordIfNoPasswordBefore/0,newUser,2
C:\halo-main\application\src\test\java\run\halo\app\core\extension\service\UserServiceImplTest.java,run.halo.app.core.extension.service.UserServiceImplTest$UpdateWithRawPasswordTest,shouldUpdatePasswordIfNoPasswordBefore/0,oldUser,2
C:\halo-main\application\src\test\java\run\halo\app\core\extension\service\UserServiceImplTest.java,run.halo.app.core.extension.service.UserServiceImplTest$UpdateWithRawPasswordTest,shouldUpdatePasswordIfNoPasswordBefore/0,user,1
C:\halo-main\application\src\test\java\run\halo\app\core\extension\service\UserServiceImplTest.java,run.halo.app.core.extension.service.UserServiceImplTest$UpdateWithRawPasswordTest,shouldUpdatePasswordWithDifferentPassword/0,extension,1
C:\halo-main\application\src\test\java\run\halo\app\core\extension\service\UserServiceImplTest.java,run.halo.app.core.extension.service.UserServiceImplTest$UpdateWithRawPasswordTest,shouldUpdatePasswordWithDifferentPassword/0,newUser,2
C:\halo-main\application\src\test\java\run\halo\app\core\extension\service\UserServiceImplTest.java,run.halo.app.core.extension.service.UserServiceImplTest$UpdateWithRawPasswordTest,shouldUpdatePasswordWithDifferentPassword/0,oldUser,2
C:\halo-main\application\src\test\java\run\halo\app\core\extension\service\UserServiceImplTest.java,run.halo.app.core.extension.service.UserServiceImplTest$UpdateWithRawPasswordTest,shouldUpdatePasswordWithDifferentPassword/0,user,1
C:\halo-main\application\src\test\java\run\halo\app\core\extension\service\UserServiceImplTest.java,run.halo.app.core.extension.service.UserServiceImplTest$UpdateWithRawPasswordTest,shouldDoNothingIfPasswordNotChanged/0,newUser,0
C:\halo-main\application\src\test\java\run\halo\app\core\extension\service\UserServiceImplTest.java,run.halo.app.core.extension.service.UserServiceImplTest$UpdateWithRawPasswordTest,shouldDoNothingIfPasswordNotChanged/0,oldUser,1
C:\halo-main\application\src\main\java\run\halo\app\extension\store\ExtensionStore.java,run.halo.app.extension.store.ExtensionStore,"ExtensionStore/2[java.lang.String,java.lang.Long]",name,2
C:\halo-main\application\src\main\java\run\halo\app\extension\store\ExtensionStore.java,run.halo.app.extension.store.ExtensionStore,"ExtensionStore/2[java.lang.String,java.lang.Long]",version,2
C:\halo-main\application\src\main\java\run\halo\app\extension\store\ExtensionStore.java,run.halo.app.extension.store.ExtensionStore,"ExtensionStore/2[java.lang.String,byte[]]",data,2
C:\halo-main\application\src\main\java\run\halo\app\extension\store\ExtensionStore.java,run.halo.app.extension.store.ExtensionStore,"ExtensionStore/2[java.lang.String,byte[]]",name,2
C:\halo-main\application\src\main\java\run\halo\app\extension\store\ExtensionStore.java,run.halo.app.extension.store.ExtensionStore,"ExtensionStore/3[java.lang.String,byte[],java.lang.Long]",data,2
C:\halo-main\application\src\main\java\run\halo\app\extension\store\ExtensionStore.java,run.halo.app.extension.store.ExtensionStore,"ExtensionStore/3[java.lang.String,byte[],java.lang.Long]",name,2
C:\halo-main\application\src\main\java\run\halo\app\extension\store\ExtensionStore.java,run.halo.app.extension.store.ExtensionStore,"ExtensionStore/3[java.lang.String,byte[],java.lang.Long]",version,2
C:\halo-main\application\src\main\java\run\halo\app\content\permalinks\PostPermalinkPolicy.java,run.halo.app.content.permalinks.PostPermalinkPolicy,permalink/1[run.halo.app.content.permalinks.Post],post,2
C:\halo-main\application\src\main\java\run\halo\app\content\permalinks\PostPermalinkPolicy.java,run.halo.app.content.permalinks.PostPermalinkPolicy,permalink/1[run.halo.app.content.permalinks.Post],permalinkPattern,1
C:\halo-main\application\src\main\java\run\halo\app\content\permalinks\PostPermalinkPolicy.java,run.halo.app.content.permalinks.PostPermalinkPolicy,permalink/1[run.halo.app.content.permalinks.Post],annotations,1
C:\halo-main\application\src\main\java\run\halo\app\content\permalinks\PostPermalinkPolicy.java,run.halo.app.content.permalinks.PostPermalinkPolicy,"createPermalink/2[run.halo.app.content.permalinks.Post,java.lang.String]",archiveTime,3
C:\halo-main\application\src\main\java\run\halo\app\content\permalinks\PostPermalinkPolicy.java,run.halo.app.content.permalinks.PostPermalinkPolicy,"createPermalink/2[run.halo.app.content.permalinks.Post,java.lang.String]",post,4
C:\halo-main\application\src\main\java\run\halo\app\content\permalinks\PostPermalinkPolicy.java,run.halo.app.content.permalinks.PostPermalinkPolicy,"createPermalink/2[run.halo.app.content.permalinks.Post,java.lang.String]",zonedDateTime,3
C:\halo-main\application\src\main\java\run\halo\app\content\permalinks\PostPermalinkPolicy.java,run.halo.app.content.permalinks.PostPermalinkPolicy,"createPermalink/2[run.halo.app.content.permalinks.Post,java.lang.String]",pattern,1
C:\halo-main\application\src\main\java\run\halo\app\content\permalinks\PostPermalinkPolicy.java,run.halo.app.content.permalinks.PostPermalinkPolicy,"createPermalink/2[run.halo.app.content.permalinks.Post,java.lang.String]",simplifiedPattern,1
C:\halo-main\application\src\main\java\run\halo\app\content\permalinks\PostPermalinkPolicy.java,run.halo.app.content.permalinks.PostPermalinkPolicy,"createPermalink/2[run.halo.app.content.permalinks.Post,java.lang.String]",permalink,1
C:\halo-main\application\src\main\java\run\halo\app\content\permalinks\PostPermalinkPolicy.java,run.halo.app.content.permalinks.PostPermalinkPolicy,"createPermalink/2[run.halo.app.content.permalinks.Post,java.lang.String]",properties,6
C:\halo-main\application\src\test\java\run\halo\app\content\comment\CommentSorterTest.java,run.halo.app.content.comment.CommentSorterTest,sortByCreateTimeDesc/0,createTimeSorter,1
C:\halo-main\application\src\test\java\run\halo\app\content\comment\CommentSorterTest.java,run.halo.app.content.comment.CommentSorterTest,sortByCreateTimeDesc/0,comment,1
C:\halo-main\application\src\test\java\run\halo\app\content\comment\CommentSorterTest.java,run.halo.app.content.comment.CommentSorterTest,sortByCreateTimeDesc/0,commentNames,1
C:\halo-main\application\src\test\java\run\halo\app\content\comment\CommentSorterTest.java,run.halo.app.content.comment.CommentSorterTest,sortByReplyCountDesc/0,createTimeSorter,1
C:\halo-main\application\src\test\java\run\halo\app\content\comment\CommentSorterTest.java,run.halo.app.content.comment.CommentSorterTest,sortByReplyCountDesc/0,comment,1
C:\halo-main\application\src\test\java\run\halo\app\content\comment\CommentSorterTest.java,run.halo.app.content.comment.CommentSorterTest,sortByReplyCountDesc/0,commentNames,1
C:\halo-main\application\src\test\java\run\halo\app\content\comment\CommentSorterTest.java,run.halo.app.content.comment.CommentSorterTest,commentsIncludeNoReply/0,commentE,8
C:\halo-main\application\src\test\java\run\halo\app\content\comment\CommentSorterTest.java,run.halo.app.content.comment.CommentSorterTest,commentsIncludeNoReply/0,commentD,8
C:\halo-main\application\src\test\java\run\halo\app\content\comment\CommentSorterTest.java,run.halo.app.content.comment.CommentSorterTest,commentsIncludeNoReply/0,comments,4
C:\halo-main\application\src\test\java\run\halo\app\content\comment\CommentSorterTest.java,run.halo.app.content.comment.CommentSorterTest,commentsIncludeNoReply/0,now,3
C:\halo-main\application\src\test\java\run\halo\app\content\comment\CommentSorterTest.java,run.halo.app.content.comment.CommentSorterTest,sortByDefaultDesc/0,commentList,1
C:\halo-main\application\src\test\java\run\halo\app\content\comment\CommentSorterTest.java,run.halo.app.content.comment.CommentSorterTest,sortByDefaultDesc/0,comment,3
C:\halo-main\application\src\test\java\run\halo\app\content\comment\CommentSorterTest.java,run.halo.app.content.comment.CommentSorterTest,sortByDefaultDesc/0,defaultComparator,2
C:\halo-main\application\src\test\java\run\halo\app\content\comment\CommentSorterTest.java,run.halo.app.content.comment.CommentSorterTest,sortByDefaultDesc/0,commentNames,1
C:\halo-main\application\src\test\java\run\halo\app\content\comment\CommentSorterTest.java,run.halo.app.content.comment.CommentSorterTest,sortByCreateTimeAsc/0,createTimeSorter,3
C:\halo-main\application\src\test\java\run\halo\app\content\comment\CommentSorterTest.java,run.halo.app.content.comment.CommentSorterTest,sortByCreateTimeAsc/0,comment,3
C:\halo-main\application\src\test\java\run\halo\app\content\comment\CommentSorterTest.java,run.halo.app.content.comment.CommentSorterTest,sortByCreateTimeAsc/0,commentNames,3
C:\halo-main\application\src\test\java\run\halo\app\content\comment\CommentSorterTest.java,run.halo.app.content.comment.CommentSorterTest,sortByLastReplyTimeAsc/0,createTimeSorter,3
C:\halo-main\application\src\test\java\run\halo\app\content\comment\CommentSorterTest.java,run.halo.app.content.comment.CommentSorterTest,sortByLastReplyTimeAsc/0,comment,3
C:\halo-main\application\src\test\java\run\halo\app\content\comment\CommentSorterTest.java,run.halo.app.content.comment.CommentSorterTest,sortByLastReplyTimeAsc/0,commentNames,3
C:\halo-main\application\src\test\java\run\halo\app\content\comment\CommentSorterTest.java,run.halo.app.content.comment.CommentSorterTest,sortByReplyCountAsc/0,createTimeSorter,3
C:\halo-main\application\src\test\java\run\halo\app\content\comment\CommentSorterTest.java,run.halo.app.content.comment.CommentSorterTest,sortByReplyCountAsc/0,comment,3
C:\halo-main\application\src\test\java\run\halo\app\content\comment\CommentSorterTest.java,run.halo.app.content.comment.CommentSorterTest,sortByReplyCountAsc/0,commentNames,3
C:\halo-main\application\src\test\java\run\halo\app\content\comment\CommentSorterTest.java,run.halo.app.content.comment.CommentSorterTest,sortByLastReplyTimeDesc/0,createTimeSorter,1
C:\halo-main\application\src\test\java\run\halo\app\content\comment\CommentSorterTest.java,run.halo.app.content.comment.CommentSorterTest,sortByLastReplyTimeDesc/0,comment,1
C:\halo-main\application\src\test\java\run\halo\app\content\comment\CommentSorterTest.java,run.halo.app.content.comment.CommentSorterTest,sortByLastReplyTimeDesc/0,commentNames,1
C:\halo-main\application\src\test\java\run\halo\app\content\comment\CommentSorterTest.java,run.halo.app.content.comment.CommentSorterTest,comments/0,commentC,10
C:\halo-main\application\src\test\java\run\halo\app\content\comment\CommentSorterTest.java,run.halo.app.content.comment.CommentSorterTest,comments/0,commentB,10
C:\halo-main\application\src\test\java\run\halo\app\content\comment\CommentSorterTest.java,run.halo.app.content.comment.CommentSorterTest,comments/0,commentA,10
C:\halo-main\application\src\test\java\run\halo\app\content\comment\CommentSorterTest.java,run.halo.app.content.comment.CommentSorterTest,comments/0,now,7
C:\halo-main\application\src\main\java\run\halo\app\theme\router\factories\ArchiveRouteFactory.java,run.halo.app.theme.router.factories.ArchiveRouteFactory$ArchivePathVariables,from/1[run.halo.app.theme.router.factories.ServerRequest],request,1
C:\halo-main\application\src\main\java\run\halo\app\theme\router\factories\ArchiveRouteFactory.java,run.halo.app.theme.router.factories.ArchiveRouteFactory$ArchivePathVariables,from/1[run.halo.app.theme.router.factories.ServerRequest],variables,1
C:\halo-main\application\src\test\java\run\halo\app\theme\router\ViewNameResolverTest.java,run.halo.app.theme.router.ViewNameResolverTest,resolveViewNameOrDefault/0,request,3
C:\halo-main\application\src\test\java\run\halo\app\theme\router\ViewNameResolverTest.java,run.halo.app.theme.router.ViewNameResolverTest,resolveViewNameOrDefault/0,viewName,1
C:\halo-main\application\src\test\java\run\halo\app\theme\router\ViewNameResolverTest.java,run.halo.app.theme.router.ViewNameResolverTest,resolveViewNameOrDefault/0,exchange,2
C:\halo-main\application\src\main\java\run\halo\app\core\extension\reconciler\RoleBindingReconciler.java,run.halo.app.core.extension.reconciler.RoleBindingReconciler,reconcile/1[run.halo.app.core.extension.reconciler.Request],request,1
C:\halo-main\application\src\main\java\run\halo\app\core\extension\reconciler\RoleBindingReconciler.java,run.halo.app.core.extension.reconciler.RoleBindingReconciler,reconcile/1[run.halo.app.core.extension.reconciler.Request],oldAnnotations,1
C:\halo-main\application\src\main\java\run\halo\app\core\extension\reconciler\RoleBindingReconciler.java,run.halo.app.core.extension.reconciler.RoleBindingReconciler,reconcile/1[run.halo.app.core.extension.reconciler.Request],roleBinding,1
C:\halo-main\application\src\main\java\run\halo\app\core\extension\reconciler\RoleBindingReconciler.java,run.halo.app.core.extension.reconciler.RoleBindingReconciler,reconcile/1[run.halo.app.core.extension.reconciler.Request],subject,1
C:\halo-main\application\src\main\java\run\halo\app\core\extension\reconciler\RoleBindingReconciler.java,run.halo.app.core.extension.reconciler.RoleBindingReconciler,reconcile/1[run.halo.app.core.extension.reconciler.Request],bindings,1
C:\halo-main\application\src\main\java\run\halo\app\core\extension\reconciler\RoleBindingReconciler.java,run.halo.app.core.extension.reconciler.RoleBindingReconciler,reconcile/1[run.halo.app.core.extension.reconciler.Request],annotations,6
C:\halo-main\application\src\main\java\run\halo\app\core\extension\reconciler\RoleBindingReconciler.java,run.halo.app.core.extension.reconciler.RoleBindingReconciler,reconcile/1[run.halo.app.core.extension.reconciler.Request],usernames,2
C:\halo-main\application\src\main\java\run\halo\app\core\extension\reconciler\RoleBindingReconciler.java,run.halo.app.core.extension.reconciler.RoleBindingReconciler,reconcile/1[run.halo.app.core.extension.reconciler.Request],roleRef,1
C:\halo-main\application\src\main\java\run\halo\app\core\extension\reconciler\RoleBindingReconciler.java,run.halo.app.core.extension.reconciler.RoleBindingReconciler,reconcile/1[run.halo.app.core.extension.reconciler.Request],roleNames,1
C:\halo-main\application\src\main\java\run\halo\app\core\extension\reconciler\RoleBindingReconciler.java,run.halo.app.core.extension.reconciler.RoleBindingReconciler,reconcile/1[run.halo.app.core.extension.reconciler.Request],user,3
C:\halo-main\application\src\main\java\run\halo\app\core\extension\reconciler\RoleBindingReconciler.java,run.halo.app.core.extension.reconciler.RoleBindingReconciler,reconcile/1[run.halo.app.core.extension.reconciler.Request],username,2
C:\halo-main\application\src\main\java\run\halo\app\core\extension\reconciler\RoleBindingReconciler.java,run.halo.app.core.extension.reconciler.RoleBindingReconciler,RoleBindingReconciler/1[run.halo.app.core.extension.reconciler.ExtensionClient],client,2
C:\halo-main\application\src\main\java\run\halo\app\core\extension\reconciler\RoleBindingReconciler.java,run.halo.app.core.extension.reconciler.RoleBindingReconciler,setupWith/1[run.halo.app.core.extension.reconciler.ControllerBuilder],builder,1
C:\halo-main\application\src\main\java\run\halo\app\plugin\HaloPluginManager.java,run.halo.app.plugin.HaloPluginManager,checkExtensionFinderReady/1[run.halo.app.plugin.PluginWrapper],pluginWrapper,1
C:\halo-main\application\src\main\java\run\halo\app\plugin\HaloPluginManager.java,run.halo.app.plugin.HaloPluginManager,getPluginStartingError/1[java.lang.String],pluginId,1
C:\halo-main\application\src\main\java\run\halo\app\plugin\HaloPluginManager.java,run.halo.app.plugin.HaloPluginManager,stopPlugin/1[java.lang.String],pluginId,1
C:\halo-main\application\src\main\java\run\halo\app\plugin\HaloPluginManager.java,run.halo.app.plugin.HaloPluginManager,validatePluginVersion/1[run.halo.app.plugin.PluginWrapper],pluginWrapper,2
C:\halo-main\application\src\main\java\run\halo\app\plugin\HaloPluginManager.java,run.halo.app.plugin.HaloPluginManager,setApplicationContext/1[run.halo.app.plugin.ApplicationContext],rootApplicationContext,2
C:\halo-main\application\src\main\java\run\halo\app\plugin\HaloPluginManager.java,run.halo.app.plugin.HaloPluginManager,reloadPlugins/1[boolean],startedPluginIds,2
C:\halo-main\application\src\main\java\run\halo\app\plugin\HaloPluginManager.java,run.halo.app.plugin.HaloPluginManager,reloadPlugins/1[boolean],plugin,3
C:\halo-main\application\src\main\java\run\halo\app\plugin\HaloPluginManager.java,run.halo.app.plugin.HaloPluginManager,reloadPlugins/1[boolean],pluginId,2
C:\halo-main\application\src\main\java\run\halo\app\plugin\HaloPluginManager.java,run.halo.app.plugin.HaloPluginManager,reloadPlugins/1[boolean],restartStartedOnly,1
C:\halo-main\application\src\main\java\run\halo\app\plugin\HaloPluginManager.java,run.halo.app.plugin.HaloPluginManager,firePluginStateEvent/1[run.halo.app.plugin.PluginStateEvent],event,3
C:\halo-main\application\src\main\java\run\halo\app\plugin\HaloPluginManager.java,run.halo.app.plugin.HaloPluginManager,doStopPlugins/0,e,4
C:\halo-main\application\src\main\java\run\halo\app\plugin\HaloPluginManager.java,run.halo.app.plugin.HaloPluginManager,doStopPlugins/0,itr,3
C:\halo-main\application\src\main\java\run\halo\app\plugin\HaloPluginManager.java,run.halo.app.plugin.HaloPluginManager,doStopPlugins/0,pluginState,2
C:\halo-main\application\src\main\java\run\halo\app\plugin\HaloPluginManager.java,run.halo.app.plugin.HaloPluginManager,doStopPlugins/0,pluginWrapper,11
C:\halo-main\application\src\main\java\run\halo\app\plugin\HaloPluginManager.java,run.halo.app.plugin.HaloPluginManager,"stopPlugin/2[java.lang.String,boolean]",stopDependents,1
C:\halo-main\application\src\main\java\run\halo\app\plugin\HaloPluginManager.java,run.halo.app.plugin.HaloPluginManager,"stopPlugin/2[java.lang.String,boolean]",e,4
C:\halo-main\application\src\main\java\run\halo\app\plugin\HaloPluginManager.java,run.halo.app.plugin.HaloPluginManager,"stopPlugin/2[java.lang.String,boolean]",pluginId,4
C:\halo-main\application\src\main\java\run\halo\app\plugin\HaloPluginManager.java,run.halo.app.plugin.HaloPluginManager,"stopPlugin/2[java.lang.String,boolean]",pluginState,4
C:\halo-main\application\src\main\java\run\halo\app\plugin\HaloPluginManager.java,run.halo.app.plugin.HaloPluginManager,"stopPlugin/2[java.lang.String,boolean]",dependents,3
C:\halo-main\application\src\main\java\run\halo\app\plugin\HaloPluginManager.java,run.halo.app.plugin.HaloPluginManager,"stopPlugin/2[java.lang.String,boolean]",pluginWrapper,12
C:\halo-main\application\src\main\java\run\halo\app\plugin\HaloPluginManager.java,run.halo.app.plugin.HaloPluginManager,"stopPlugin/2[java.lang.String,boolean]",pluginDescriptor,2
C:\halo-main\application\src\main\java\run\halo\app\plugin\HaloPluginManager.java,run.halo.app.plugin.HaloPluginManager,"stopPlugin/2[java.lang.String,boolean]",dependent,2
C:\halo-main\application\src\main\java\run\halo\app\plugin\HaloPluginManager.java,run.halo.app.plugin.HaloPluginManager,releaseAdditionalResources/1[java.lang.String],e,1
C:\halo-main\application\src\main\java\run\halo\app\plugin\HaloPluginManager.java,run.halo.app.plugin.HaloPluginManager,releaseAdditionalResources/1[java.lang.String],pluginId,3
C:\halo-main\application\src\main\java\run\halo\app\plugin\HaloPluginManager.java,run.halo.app.plugin.HaloPluginManager,getPluginApplicationContext/1[java.lang.String],pluginId,1
C:\halo-main\application\src\main\java\run\halo\app\plugin\HaloPluginManager.java,run.halo.app.plugin.HaloPluginManager,loadPluginFromPath/1[java.nio.file.Path],pluginPath,1
C:\halo-main\application\src\main\java\run\halo\app\plugin\HaloPluginManager.java,run.halo.app.plugin.HaloPluginManager,loadPluginFromPath/1[java.nio.file.Path],pluginWrapper,2
C:\halo-main\application\src\main\java\run\halo\app\plugin\HaloPluginManager.java,run.halo.app.plugin.HaloPluginManager,doStartPlugin/1[java.lang.String],dependency,3
C:\halo-main\application\src\main\java\run\halo\app\plugin\HaloPluginManager.java,run.halo.app.plugin.HaloPluginManager,doStartPlugin/1[java.lang.String],e,3
C:\halo-main\application\src\main\java\run\halo\app\plugin\HaloPluginManager.java,run.halo.app.plugin.HaloPluginManager,doStartPlugin/1[java.lang.String],pluginId,5
C:\halo-main\application\src\main\java\run\halo\app\plugin\HaloPluginManager.java,run.halo.app.plugin.HaloPluginManager,doStartPlugin/1[java.lang.String],pluginState,5
C:\halo-main\application\src\main\java\run\halo\app\plugin\HaloPluginManager.java,run.halo.app.plugin.HaloPluginManager,doStartPlugin/1[java.lang.String],pluginWrapper,15
C:\halo-main\application\src\main\java\run\halo\app\plugin\HaloPluginManager.java,run.halo.app.plugin.HaloPluginManager,doStartPlugin/1[java.lang.String],pluginDescriptor,4
C:\halo-main\application\src\main\java\run\halo\app\plugin\HaloPluginManager.java,run.halo.app.plugin.HaloPluginManager,reloadPlugin/1[java.lang.String],ex,0
C:\halo-main\application\src\main\java\run\halo\app\plugin\HaloPluginManager.java,run.halo.app.plugin.HaloPluginManager,reloadPlugin/1[java.lang.String],plugin,1
C:\halo-main\application\src\main\java\run\halo\app\plugin\HaloPluginManager.java,run.halo.app.plugin.HaloPluginManager,reloadPlugin/1[java.lang.String],pluginId,4
C:\halo-main\application\src\main\java\run\halo\app\plugin\HaloPluginManager.java,run.halo.app.plugin.HaloPluginManager,startPlugin/1[java.lang.String],pluginId,1
C:\halo-main\application\src\main\java\run\halo\app\plugin\HaloPluginManager.java,run.halo.app.plugin.HaloPluginManager,removePluginComponentsCache/1[java.lang.String],pluginId,1
C:\halo-main\application\src\main\java\run\halo\app\plugin\HaloPluginManager.java,run.halo.app.plugin.HaloPluginManager,startPlugins/0,e,4
C:\halo-main\application\src\main\java\run\halo\app\plugin\HaloPluginManager.java,run.halo.app.plugin.HaloPluginManager,startPlugins/0,pluginState,3
C:\halo-main\application\src\main\java\run\halo\app\plugin\HaloPluginManager.java,run.halo.app.plugin.HaloPluginManager,startPlugins/0,pluginWrapper,17
C:\halo-main\application\src\main\java\run\halo\app\plugin\HaloPluginManager.java,run.halo.app.plugin.HaloPluginManager,startPlugins/0,ts,1
C:\halo-main\application\src\main\java\run\halo\app\plugin\HaloPluginManager.java,run.halo.app.plugin.HaloPluginManager,HaloPluginManager/1[java.nio.file.Path],pluginsRoot,1
C:\halo-main\application\src\test\java\run\halo\app\content\comment\CommentQueryTest.java,run.halo.app.content.comment.CommentQueryTest,getAllowNotification/0,queryParams,7
C:\halo-main\application\src\test\java\run\halo\app\content\comment\CommentQueryTest.java,run.halo.app.content.comment.CommentQueryTest,getAllowNotification/0,commentQuery,3
C:\halo-main\application\src\test\java\run\halo\app\content\comment\CommentQueryTest.java,run.halo.app.content.comment.CommentQueryTest,getApproved/0,queryParams,7
C:\halo-main\application\src\test\java\run\halo\app\content\comment\CommentQueryTest.java,run.halo.app.content.comment.CommentQueryTest,getApproved/0,commentQuery,3
C:\halo-main\application\src\test\java\run\halo\app\content\comment\CommentQueryTest.java,run.halo.app.content.comment.CommentQueryTest,getOwnerName/0,queryParams,7
C:\halo-main\application\src\test\java\run\halo\app\content\comment\CommentQueryTest.java,run.halo.app.content.comment.CommentQueryTest,getOwnerName/0,commentQuery,3
C:\halo-main\application\src\test\java\run\halo\app\content\comment\CommentQueryTest.java,run.halo.app.content.comment.CommentQueryTest,getSort/0,queryParams,7
C:\halo-main\application\src\test\java\run\halo\app\content\comment\CommentQueryTest.java,run.halo.app.content.comment.CommentQueryTest,getSort/0,commentQuery,3
C:\halo-main\application\src\test\java\run\halo\app\content\comment\CommentQueryTest.java,run.halo.app.content.comment.CommentQueryTest,getSortOrder/0,queryParams,7
C:\halo-main\application\src\test\java\run\halo\app\content\comment\CommentQueryTest.java,run.halo.app.content.comment.CommentQueryTest,getSortOrder/0,commentQuery,3
C:\halo-main\application\src\test\java\run\halo\app\content\comment\CommentQueryTest.java,run.halo.app.content.comment.CommentQueryTest,getKeyword/0,queryParams,7
C:\halo-main\application\src\test\java\run\halo\app\content\comment\CommentQueryTest.java,run.halo.app.content.comment.CommentQueryTest,getKeyword/0,commentQuery,3
C:\halo-main\application\src\test\java\run\halo\app\content\comment\CommentQueryTest.java,run.halo.app.content.comment.CommentQueryTest,getSubjectKind/0,queryParams,7
C:\halo-main\application\src\test\java\run\halo\app\content\comment\CommentQueryTest.java,run.halo.app.content.comment.CommentQueryTest,getSubjectKind/0,commentQuery,3
C:\halo-main\application\src\test\java\run\halo\app\content\comment\CommentQueryTest.java,run.halo.app.content.comment.CommentQueryTest,getSubjectName/0,queryParams,7
C:\halo-main\application\src\test\java\run\halo\app\content\comment\CommentQueryTest.java,run.halo.app.content.comment.CommentQueryTest,getSubjectName/0,commentQuery,3
C:\halo-main\application\src\test\java\run\halo\app\content\comment\CommentQueryTest.java,run.halo.app.content.comment.CommentQueryTest,getTop/0,queryParams,7
C:\halo-main\application\src\test\java\run\halo\app\content\comment\CommentQueryTest.java,run.halo.app.content.comment.CommentQueryTest,getTop/0,commentQuery,3
C:\halo-main\application\src\test\java\run\halo\app\content\comment\CommentQueryTest.java,run.halo.app.content.comment.CommentQueryTest,getHidden/0,queryParams,7
C:\halo-main\application\src\test\java\run\halo\app\content\comment\CommentQueryTest.java,run.halo.app.content.comment.CommentQueryTest,getHidden/0,commentQuery,3
C:\halo-main\application\src\test\java\run\halo\app\content\comment\CommentQueryTest.java,run.halo.app.content.comment.CommentQueryTest,getOwnerKind/0,queryParams,7
C:\halo-main\application\src\test\java\run\halo\app\content\comment\CommentQueryTest.java,run.halo.app.content.comment.CommentQueryTest,getOwnerKind/0,commentQuery,3
C:\halo-main\application\src\main\java\run\halo\app\content\comment\OwnerInfo.java,run.halo.app.content.comment.OwnerInfo,from/1[Comment.CommentOwner],owner,6
C:\halo-main\application\src\main\java\run\halo\app\content\comment\OwnerInfo.java,run.halo.app.content.comment.OwnerInfo,from/1[run.halo.app.content.comment.User],user,5
C:\halo-main\application\src\main\java\run\halo\app\extension\controller\ControllerManager.java,run.halo.app.extension.controller.ControllerManager,stop/1[run.halo.app.extension.controller.Reconciler<Reconciler.Request>],reconciler,0
C:\halo-main\application\src\main\java\run\halo\app\extension\controller\ControllerManager.java,run.halo.app.extension.controller.ControllerManager,start/1[run.halo.app.extension.controller.Reconciler<Reconciler.Request>],reconciler,0
C:\halo-main\application\src\main\java\run\halo\app\plugin\PluginConst.java,run.halo.app.plugin.PluginConst,assertsRoutePrefix/1[java.lang.String],pluginName,1
C:\halo-main\application\src\test\java\run\halo\app\extension\UnstructuredTest.java,run.halo.app.extension.UnstructuredTest,createUnstructured/0,unstructured,4
C:\halo-main\application\src\test\java\run\halo\app\extension\UnstructuredTest.java,run.halo.app.extension.UnstructuredTest,shouldGetExtensionCorrectly/0,extension,3
C:\halo-main\application\src\test\java\run\halo\app\extension\UnstructuredTest.java,run.halo.app.extension.UnstructuredTest,shouldDeserializeCorrectly/0,extension,1
C:\halo-main\application\src\test\java\run\halo\app\extension\UnstructuredTest.java,run.halo.app.extension.UnstructuredTest,shouldDeserializeCorrectly/0,gotJson,1
C:\halo-main\application\src\test\java\run\halo\app\extension\UnstructuredTest.java,run.halo.app.extension.UnstructuredTest,shouldSetCreationTimestamp/0,extension,3
C:\halo-main\application\src\test\java\run\halo\app\extension\UnstructuredTest.java,run.halo.app.extension.UnstructuredTest,shouldSetCreationTimestamp/0,metadata,2
C:\halo-main\application\src\test\java\run\halo\app\extension\UnstructuredTest.java,run.halo.app.extension.UnstructuredTest,shouldSetCreationTimestamp/0,extensionMap,1
C:\halo-main\application\src\test\java\run\halo\app\extension\UnstructuredTest.java,run.halo.app.extension.UnstructuredTest,shouldSetCreationTimestamp/0,afterChange,1
C:\halo-main\application\src\test\java\run\halo\app\extension\UnstructuredTest.java,run.halo.app.extension.UnstructuredTest,shouldSetCreationTimestamp/0,beforeChange,1
C:\halo-main\application\src\test\java\run\halo\app\extension\UnstructuredTest.java,run.halo.app.extension.UnstructuredTest,shouldSerializeCorrectly/0,extension,1
C:\halo-main\application\src\test\java\run\halo\app\extension\UnstructuredTest.java,run.halo.app.extension.UnstructuredTest,shouldSerializeCorrectly/0,extensionMap,1
C:\halo-main\application\src\test\java\run\halo\app\extension\UnstructuredTest.java,run.halo.app.extension.UnstructuredTest,shouldSerializeCorrectly/0,gotNode,1
C:\halo-main\application\src\test\java\run\halo\app\extension\UnstructuredTest.java,run.halo.app.extension.UnstructuredTest,shouldSetExtensionCorrectly/0,extension,3
C:\halo-main\application\src\test\java\run\halo\app\extension\UnstructuredTest.java,run.halo.app.extension.UnstructuredTest,createMetadata/0,metadata,5
C:\halo-main\application\src\test\java\run\halo\app\extension\UnstructuredTest.java,run.halo.app.extension.UnstructuredTest,shouldNotBeEqual/0,another,2
C:\halo-main\application\src\test\java\run\halo\app\extension\UnstructuredTest.java,run.halo.app.extension.UnstructuredTest,shouldGetFinalizersCorrectly/0,extension,1
C:\halo-main\application\src\main\java\run\halo\app\plugin\PluginAutoConfiguration.java,run.halo.app.plugin.PluginAutoConfiguration$Anonymous1$Anonymous2,"createPluginClassLoader/2[java.nio.file.Path,run.halo.app.plugin.PluginDescriptor]",pluginPath,0
C:\halo-main\application\src\main\java\run\halo\app\plugin\PluginAutoConfiguration.java,run.halo.app.plugin.PluginAutoConfiguration$Anonymous1$Anonymous2,"createPluginClassLoader/2[java.nio.file.Path,run.halo.app.plugin.PluginDescriptor]",pluginDescriptor,1
C:\halo-main\application\src\main\java\run\halo\app\plugin\PluginAutoConfiguration.java,run.halo.app.plugin.PluginAutoConfiguration$Anonymous1$Anonymous2,"loadPlugin/2[java.nio.file.Path,run.halo.app.plugin.PluginDescriptor]",classesDirectory,1
C:\halo-main\application\src\main\java\run\halo\app\plugin\PluginAutoConfiguration.java,run.halo.app.plugin.PluginAutoConfiguration$Anonymous1$Anonymous2,"loadPlugin/2[java.nio.file.Path,run.halo.app.plugin.PluginDescriptor]",pluginPath,1
C:\halo-main\application\src\main\java\run\halo\app\plugin\PluginAutoConfiguration.java,run.halo.app.plugin.PluginAutoConfiguration$Anonymous1$Anonymous2,"loadPlugin/2[java.nio.file.Path,run.halo.app.plugin.PluginDescriptor]",libDirectory,1
C:\halo-main\application\src\main\java\run\halo\app\plugin\PluginAutoConfiguration.java,run.halo.app.plugin.PluginAutoConfiguration$Anonymous1$Anonymous2,"loadPlugin/2[java.nio.file.Path,run.halo.app.plugin.PluginDescriptor]",pluginDescriptor,1
C:\halo-main\application\src\main\java\run\halo\app\plugin\PluginAutoConfiguration.java,run.halo.app.plugin.PluginAutoConfiguration$Anonymous1$Anonymous3,"loadPlugin/2[java.nio.file.Path,run.halo.app.plugin.PluginDescriptor]",pluginPath,1
C:\halo-main\application\src\main\java\run\halo\app\plugin\PluginAutoConfiguration.java,run.halo.app.plugin.PluginAutoConfiguration$Anonymous1$Anonymous3,"loadPlugin/2[java.nio.file.Path,run.halo.app.plugin.PluginDescriptor]",pluginClassLoader,2
C:\halo-main\application\src\main\java\run\halo\app\plugin\PluginAutoConfiguration.java,run.halo.app.plugin.PluginAutoConfiguration$Anonymous1$Anonymous3,"loadPlugin/2[java.nio.file.Path,run.halo.app.plugin.PluginDescriptor]",pluginDescriptor,1
C:\halo-main\application\src\main\java\run\halo\app\theme\finders\PostFinder.java,run.halo.app.theme.finders.PostFinder,content/1[java.lang.String],postName,0
C:\halo-main\application\src\main\java\run\halo\app\theme\finders\PostFinder.java,run.halo.app.theme.finders.PostFinder,"archives/4[java.lang.Integer,java.lang.Integer,java.lang.String,java.lang.String]",size,0
C:\halo-main\application\src\main\java\run\halo\app\theme\finders\PostFinder.java,run.halo.app.theme.finders.PostFinder,"archives/4[java.lang.Integer,java.lang.Integer,java.lang.String,java.lang.String]",month,0
C:\halo-main\application\src\main\java\run\halo\app\theme\finders\PostFinder.java,run.halo.app.theme.finders.PostFinder,"archives/4[java.lang.Integer,java.lang.Integer,java.lang.String,java.lang.String]",year,0
C:\halo-main\application\src\main\java\run\halo\app\theme\finders\PostFinder.java,run.halo.app.theme.finders.PostFinder,"archives/4[java.lang.Integer,java.lang.Integer,java.lang.String,java.lang.String]",page,0
C:\halo-main\application\src\main\java\run\halo\app\theme\finders\PostFinder.java,run.halo.app.theme.finders.PostFinder,"listByTag/3[java.lang.Integer,java.lang.Integer,java.lang.String]",size,0
C:\halo-main\application\src\main\java\run\halo\app\theme\finders\PostFinder.java,run.halo.app.theme.finders.PostFinder,"listByTag/3[java.lang.Integer,java.lang.Integer,java.lang.String]",page,0
C:\halo-main\application\src\main\java\run\halo\app\theme\finders\PostFinder.java,run.halo.app.theme.finders.PostFinder,"listByTag/3[java.lang.Integer,java.lang.Integer,java.lang.String]",tag,0
C:\halo-main\application\src\main\java\run\halo\app\theme\finders\PostFinder.java,run.halo.app.theme.finders.PostFinder,"archives/2[java.lang.Integer,java.lang.Integer]",size,0
C:\halo-main\application\src\main\java\run\halo\app\theme\finders\PostFinder.java,run.halo.app.theme.finders.PostFinder,"archives/2[java.lang.Integer,java.lang.Integer]",page,0
C:\halo-main\application\src\main\java\run\halo\app\theme\finders\PostFinder.java,run.halo.app.theme.finders.PostFinder,"listByOwner/3[java.lang.Integer,java.lang.Integer,java.lang.String]",owner,0
C:\halo-main\application\src\main\java\run\halo\app\theme\finders\PostFinder.java,run.halo.app.theme.finders.PostFinder,"listByOwner/3[java.lang.Integer,java.lang.Integer,java.lang.String]",size,0
C:\halo-main\application\src\main\java\run\halo\app\theme\finders\PostFinder.java,run.halo.app.theme.finders.PostFinder,"listByOwner/3[java.lang.Integer,java.lang.Integer,java.lang.String]",page,0
C:\halo-main\application\src\main\java\run\halo\app\theme\finders\PostFinder.java,run.halo.app.theme.finders.PostFinder,"archives/3[java.lang.Integer,java.lang.Integer,java.lang.String]",size,0
C:\halo-main\application\src\main\java\run\halo\app\theme\finders\PostFinder.java,run.halo.app.theme.finders.PostFinder,"archives/3[java.lang.Integer,java.lang.Integer,java.lang.String]",year,0
C:\halo-main\application\src\main\java\run\halo\app\theme\finders\PostFinder.java,run.halo.app.theme.finders.PostFinder,"archives/3[java.lang.Integer,java.lang.Integer,java.lang.String]",page,0
C:\halo-main\application\src\main\java\run\halo\app\theme\finders\PostFinder.java,run.halo.app.theme.finders.PostFinder,"list/2[java.lang.Integer,java.lang.Integer]",size,0
C:\halo-main\application\src\main\java\run\halo\app\theme\finders\PostFinder.java,run.halo.app.theme.finders.PostFinder,"list/2[java.lang.Integer,java.lang.Integer]",page,0
C:\halo-main\application\src\main\java\run\halo\app\theme\finders\PostFinder.java,run.halo.app.theme.finders.PostFinder,cursor/1[java.lang.String],current,0
C:\halo-main\application\src\main\java\run\halo\app\theme\finders\PostFinder.java,run.halo.app.theme.finders.PostFinder,getByName/1[java.lang.String],postName,0
C:\halo-main\application\src\main\java\run\halo\app\theme\finders\PostFinder.java,run.halo.app.theme.finders.PostFinder,"listByCategory/3[java.lang.Integer,java.lang.Integer,java.lang.String]",size,0
C:\halo-main\application\src\main\java\run\halo\app\theme\finders\PostFinder.java,run.halo.app.theme.finders.PostFinder,"listByCategory/3[java.lang.Integer,java.lang.Integer,java.lang.String]",page,0
C:\halo-main\application\src\main\java\run\halo\app\theme\finders\PostFinder.java,run.halo.app.theme.finders.PostFinder,"listByCategory/3[java.lang.Integer,java.lang.Integer,java.lang.String]",categoryName,0
C:\halo-main\application\src\main\java\run\halo\app\security\authorization\AuthorizationRuleResolver.java,run.halo.app.security.authorization.AuthorizationRuleResolver,rulesFor/1[run.halo.app.security.authorization.UserDetails],user,0
C:\halo-main\application\src\main\java\run\halo\app\security\authorization\AuthorizationRuleResolver.java,run.halo.app.security.authorization.AuthorizationRuleResolver,"visitRulesFor/2[run.halo.app.security.authorization.UserDetails,run.halo.app.security.authorization.RuleAccumulator]",visitor,0
C:\halo-main\application\src\main\java\run\halo\app\security\authorization\AuthorizationRuleResolver.java,run.halo.app.security.authorization.AuthorizationRuleResolver,"visitRulesFor/2[run.halo.app.security.authorization.UserDetails,run.halo.app.security.authorization.RuleAccumulator]",user,0
C:\halo-main\application\src\main\java\run\halo\app\security\authorization\AuthorizationRuleResolver.java,run.halo.app.security.authorization.AuthorizationRuleResolver,"visitRules/2[run.halo.app.security.authorization.UserDetails,run.halo.app.security.authorization.RequestInfo]",requestInfo,0
C:\halo-main\application\src\main\java\run\halo\app\security\authorization\AuthorizationRuleResolver.java,run.halo.app.security.authorization.AuthorizationRuleResolver,"visitRules/2[run.halo.app.security.authorization.UserDetails,run.halo.app.security.authorization.RequestInfo]",user,0
C:\halo-main\application\src\main\java\run\halo\app\search\post\LucenePostSearchService.java,run.halo.app.search.post.LucenePostSearchService,search/1[run.halo.app.search.post.SearchParam],hits,2
C:\halo-main\application\src\main\java\run\halo\app\search\post\LucenePostSearchService.java,run.halo.app.search.post.LucenePostSearchService,search/1[run.halo.app.search.post.SearchParam],result,6
C:\halo-main\application\src\main\java\run\halo\app\search\post\LucenePostSearchService.java,run.halo.app.search.post.LucenePostSearchService,search/1[run.halo.app.search.post.SearchParam],searcher,2
C:\halo-main\application\src\main\java\run\halo\app\search\post\LucenePostSearchService.java,run.halo.app.search.post.LucenePostSearchService,search/1[run.halo.app.search.post.SearchParam],highlighter,2
C:\halo-main\application\src\main\java\run\halo\app\search\post\LucenePostSearchService.java,run.halo.app.search.post.LucenePostSearchService,search/1[run.halo.app.search.post.SearchParam],param,6
C:\halo-main\application\src\main\java\run\halo\app\search\post\LucenePostSearchService.java,run.halo.app.search.post.LucenePostSearchService,search/1[run.halo.app.search.post.SearchParam],watch,3
C:\halo-main\application\src\main\java\run\halo\app\search\post\LucenePostSearchService.java,run.halo.app.search.post.LucenePostSearchService,search/1[run.halo.app.search.post.SearchParam],dirReader,1
C:\halo-main\application\src\main\java\run\halo\app\search\post\LucenePostSearchService.java,run.halo.app.search.post.LucenePostSearchService,search/1[run.halo.app.search.post.SearchParam],query,2
C:\halo-main\application\src\main\java\run\halo\app\search\post\LucenePostSearchService.java,run.halo.app.search.post.LucenePostSearchService,search/1[run.halo.app.search.post.SearchParam],topDocs,3
C:\halo-main\application\src\main\java\run\halo\app\search\post\LucenePostSearchService.java,run.halo.app.search.post.LucenePostSearchService,search/1[run.halo.app.search.post.SearchParam],scoreDoc,1
C:\halo-main\application\src\main\java\run\halo\app\search\post\LucenePostSearchService.java,run.halo.app.search.post.LucenePostSearchService,search/1[run.halo.app.search.post.SearchParam],keyword,2
C:\halo-main\application\src\main\java\run\halo\app\search\post\LucenePostSearchService.java,run.halo.app.search.post.LucenePostSearchService,LucenePostSearchService/1[run.halo.app.infra.properties.HaloProperties],haloProperties,1
C:\halo-main\application\src\main\java\run\halo\app\search\post\LucenePostSearchService.java,run.halo.app.search.post.LucenePostSearchService,LucenePostSearchService/1[run.halo.app.infra.properties.HaloProperties],postIdxPath,1
C:\halo-main\application\src\main\java\run\halo\app\search\post\LucenePostSearchService.java,run.halo.app.search.post.LucenePostSearchService,removeDocuments/1[java.util.Set<java.lang.String>],postNames,1
C:\halo-main\application\src\main\java\run\halo\app\search\post\LucenePostSearchService.java,run.halo.app.search.post.LucenePostSearchService,removeDocuments/1[java.util.Set<java.lang.String>],terms,2
C:\halo-main\application\src\main\java\run\halo\app\search\post\LucenePostSearchService.java,run.halo.app.search.post.LucenePostSearchService,removeDocuments/1[java.util.Set<java.lang.String>],writeConfig,2
C:\halo-main\application\src\main\java\run\halo\app\search\post\LucenePostSearchService.java,run.halo.app.search.post.LucenePostSearchService,removeDocuments/1[java.util.Set<java.lang.String>],seqNum,1
C:\halo-main\application\src\main\java\run\halo\app\search\post\LucenePostSearchService.java,run.halo.app.search.post.LucenePostSearchService,removeDocuments/1[java.util.Set<java.lang.String>],postName,1
C:\halo-main\application\src\main\java\run\halo\app\search\post\LucenePostSearchService.java,run.halo.app.search.post.LucenePostSearchService,removeDocuments/1[java.util.Set<java.lang.String>],writer,1
C:\halo-main\application\src\main\java\run\halo\app\search\post\LucenePostSearchService.java,run.halo.app.search.post.LucenePostSearchService,addDocuments/1[java.util.List<run.halo.app.search.post.PostDoc>],post,3
C:\halo-main\application\src\main\java\run\halo\app\search\post\LucenePostSearchService.java,run.halo.app.search.post.LucenePostSearchService,addDocuments/1[java.util.List<run.halo.app.search.post.PostDoc>],e,1
C:\halo-main\application\src\main\java\run\halo\app\search\post\LucenePostSearchService.java,run.halo.app.search.post.LucenePostSearchService,addDocuments/1[java.util.List<run.halo.app.search.post.PostDoc>],writeConfig,2
C:\halo-main\application\src\main\java\run\halo\app\search\post\LucenePostSearchService.java,run.halo.app.search.post.LucenePostSearchService,addDocuments/1[java.util.List<run.halo.app.search.post.PostDoc>],seqNum,1
C:\halo-main\application\src\main\java\run\halo\app\search\post\LucenePostSearchService.java,run.halo.app.search.post.LucenePostSearchService,addDocuments/1[java.util.List<run.halo.app.search.post.PostDoc>],doc,1
C:\halo-main\application\src\main\java\run\halo\app\search\post\LucenePostSearchService.java,run.halo.app.search.post.LucenePostSearchService,addDocuments/1[java.util.List<run.halo.app.search.post.PostDoc>],writer,1
C:\halo-main\application\src\main\java\run\halo\app\search\post\LucenePostSearchService.java,run.halo.app.search.post.LucenePostSearchService,addDocuments/1[java.util.List<run.halo.app.search.post.PostDoc>],posts,1
C:\halo-main\application\src\main\java\run\halo\app\search\post\LucenePostSearchService.java,run.halo.app.search.post.LucenePostSearchService,convert/1[run.halo.app.search.post.PostDoc],post,7
C:\halo-main\application\src\main\java\run\halo\app\search\post\LucenePostSearchService.java,run.halo.app.search.post.LucenePostSearchService,convert/1[run.halo.app.search.post.PostDoc],publishTimestamp,3
C:\halo-main\application\src\main\java\run\halo\app\search\post\LucenePostSearchService.java,run.halo.app.search.post.LucenePostSearchService,convert/1[run.halo.app.search.post.PostDoc],doc,8
C:\halo-main\application\src\main\java\run\halo\app\search\post\LucenePostSearchService.java,run.halo.app.search.post.LucenePostSearchService,convert/1[run.halo.app.search.post.PostDoc],content,3
C:\halo-main\application\src\main\java\run\halo\app\search\post\LucenePostSearchService.java,run.halo.app.search.post.LucenePostSearchService,"getHighlightedText/4[run.halo.app.search.post.Document,java.lang.String,run.halo.app.search.post.Highlighter,int]",highlightedText,2
C:\halo-main\application\src\main\java\run\halo\app\search\post\LucenePostSearchService.java,run.halo.app.search.post.LucenePostSearchService,"getHighlightedText/4[run.halo.app.search.post.Document,java.lang.String,run.halo.app.search.post.Highlighter,int]",field,3
C:\halo-main\application\src\main\java\run\halo\app\search\post\LucenePostSearchService.java,run.halo.app.search.post.LucenePostSearchService,"getHighlightedText/4[run.halo.app.search.post.Document,java.lang.String,run.halo.app.search.post.Highlighter,int]",highlighter,1
C:\halo-main\application\src\main\java\run\halo\app\search\post\LucenePostSearchService.java,run.halo.app.search.post.LucenePostSearchService,"getHighlightedText/4[run.halo.app.search.post.Document,java.lang.String,run.halo.app.search.post.Highlighter,int]",doc,2
C:\halo-main\application\src\main\java\run\halo\app\search\post\LucenePostSearchService.java,run.halo.app.search.post.LucenePostSearchService,"getHighlightedText/4[run.halo.app.search.post.Document,java.lang.String,run.halo.app.search.post.Highlighter,int]",iae,2
C:\halo-main\application\src\main\java\run\halo\app\search\post\LucenePostSearchService.java,run.halo.app.search.post.LucenePostSearchService,"getHighlightedText/4[run.halo.app.search.post.Document,java.lang.String,run.halo.app.search.post.Highlighter,int]",fieldValue,1
C:\halo-main\application\src\main\java\run\halo\app\search\post\LucenePostSearchService.java,run.halo.app.search.post.LucenePostSearchService,"getHighlightedText/4[run.halo.app.search.post.Document,java.lang.String,run.halo.app.search.post.Highlighter,int]",maxLength,1
C:\halo-main\application\src\main\java\run\halo\app\search\post\LucenePostSearchService.java,run.halo.app.search.post.LucenePostSearchService,buildQuery/1[java.lang.String],keyword,2
C:\halo-main\application\src\main\java\run\halo\app\search\post\LucenePostSearchService.java,run.halo.app.search.post.LucenePostSearchService,"convert/2[run.halo.app.search.post.Document,run.halo.app.search.post.Highlighter]",highlighter,2
C:\halo-main\application\src\main\java\run\halo\app\search\post\LucenePostSearchService.java,run.halo.app.search.post.LucenePostSearchService,"convert/2[run.halo.app.search.post.Document,run.halo.app.search.post.Highlighter]",post,6
C:\halo-main\application\src\main\java\run\halo\app\search\post\LucenePostSearchService.java,run.halo.app.search.post.LucenePostSearchService,"convert/2[run.halo.app.search.post.Document,run.halo.app.search.post.Highlighter]",publishTimestamp,1
C:\halo-main\application\src\main\java\run\halo\app\search\post\LucenePostSearchService.java,run.halo.app.search.post.LucenePostSearchService,"convert/2[run.halo.app.search.post.Document,run.halo.app.search.post.Highlighter]",doc,5
C:\halo-main\application\src\main\java\run\halo\app\search\post\LucenePostSearchService.java,run.halo.app.search.post.LucenePostSearchService,"convert/2[run.halo.app.search.post.Document,run.halo.app.search.post.Highlighter]",title,1
C:\halo-main\application\src\main\java\run\halo\app\search\post\LucenePostSearchService.java,run.halo.app.search.post.LucenePostSearchService,"convert/2[run.halo.app.search.post.Document,run.halo.app.search.post.Highlighter]",content,1
C:\halo-main\application\src\test\java\run\halo\app\content\impl\PostServiceImplTest.java,run.halo.app.content.impl.PostServiceImplTest,listPredicate/0,post,14
C:\halo-main\application\src\test\java\run\halo\app\content\impl\PostServiceImplTest.java,run.halo.app.content.impl.PostServiceImplTest,listPredicate/0,test,17
C:\halo-main\application\src\test\java\run\halo\app\content\impl\PostServiceImplTest.java,run.halo.app.content.impl.PostServiceImplTest,listPredicate/0,postQuery,7
C:\halo-main\application\src\test\java\run\halo\app\content\impl\PostServiceImplTest.java,run.halo.app.content.impl.PostServiceImplTest,listPredicate/0,multiValueMap,7
C:\halo-main\application\src\main\java\run\halo\app\core\extension\reconciler\CommentReconciler.java,run.halo.app.core.extension.reconciler.CommentReconciler,"CommentReconciler/2[run.halo.app.core.extension.reconciler.ExtensionClient,run.halo.app.core.extension.reconciler.SchemeManager]",schemeManager,2
C:\halo-main\application\src\main\java\run\halo\app\core\extension\reconciler\CommentReconciler.java,run.halo.app.core.extension.reconciler.CommentReconciler,"CommentReconciler/2[run.halo.app.core.extension.reconciler.ExtensionClient,run.halo.app.core.extension.reconciler.SchemeManager]",client,2
C:\halo-main\application\src\main\java\run\halo\app\core\extension\reconciler\CommentReconciler.java,run.halo.app.core.extension.reconciler.CommentReconciler,groupVersionKind/1[run.halo.app.core.extension.reconciler.Ref],ref,4
C:\halo-main\application\src\main\java\run\halo\app\core\extension\reconciler\CommentReconciler.java,run.halo.app.core.extension.reconciler.CommentReconciler,addFinalizerIfNecessary/1[run.halo.app.core.extension.reconciler.Comment],finalizers,2
C:\halo-main\application\src\main\java\run\halo\app\core\extension\reconciler\CommentReconciler.java,run.halo.app.core.extension.reconciler.CommentReconciler,addFinalizerIfNecessary/1[run.halo.app.core.extension.reconciler.Comment],oldComment,2
C:\halo-main\application\src\main\java\run\halo\app\core\extension\reconciler\CommentReconciler.java,run.halo.app.core.extension.reconciler.CommentReconciler,addFinalizerIfNecessary/1[run.halo.app.core.extension.reconciler.Comment],comment,3
C:\halo-main\application\src\main\java\run\halo\app\core\extension\reconciler\CommentReconciler.java,run.halo.app.core.extension.reconciler.CommentReconciler,addFinalizerIfNecessary/1[run.halo.app.core.extension.reconciler.Comment],newFinalizers,4
C:\halo-main\application\src\main\java\run\halo\app\core\extension\reconciler\CommentReconciler.java,run.halo.app.core.extension.reconciler.CommentReconciler,updateSameSubjectRefCommentCounter/1[run.halo.app.core.extension.reconciler.Ref],approvedTotalCount,2
C:\halo-main\application\src\main\java\run\halo\app\core\extension\reconciler\CommentReconciler.java,run.halo.app.core.extension.reconciler.CommentReconciler,updateSameSubjectRefCommentCounter/1[run.halo.app.core.extension.reconciler.Ref],comments,2
C:\halo-main\application\src\main\java\run\halo\app\core\extension\reconciler\CommentReconciler.java,run.halo.app.core.extension.reconciler.CommentReconciler,updateSameSubjectRefCommentCounter/1[run.halo.app.core.extension.reconciler.Ref],scheme,1
C:\halo-main\application\src\main\java\run\halo\app\core\extension\reconciler\CommentReconciler.java,run.halo.app.core.extension.reconciler.CommentReconciler,updateSameSubjectRefCommentCounter/1[run.halo.app.core.extension.reconciler.Ref],commentSubjectRef,4
C:\halo-main\application\src\main\java\run\halo\app\core\extension\reconciler\CommentReconciler.java,run.halo.app.core.extension.reconciler.CommentReconciler,updateSameSubjectRefCommentCounter/1[run.halo.app.core.extension.reconciler.Ref],comment,4
C:\halo-main\application\src\main\java\run\halo\app\core\extension\reconciler\CommentReconciler.java,run.halo.app.core.extension.reconciler.CommentReconciler,updateSameSubjectRefCommentCounter/1[run.halo.app.core.extension.reconciler.Ref],counter,7
C:\halo-main\application\src\main\java\run\halo\app\core\extension\reconciler\CommentReconciler.java,run.halo.app.core.extension.reconciler.CommentReconciler,updateSameSubjectRefCommentCounter/1[run.halo.app.core.extension.reconciler.Ref],totalCount,2
C:\halo-main\application\src\main\java\run\halo\app\core\extension\reconciler\CommentReconciler.java,run.halo.app.core.extension.reconciler.CommentReconciler,updateSameSubjectRefCommentCounter/1[run.halo.app.core.extension.reconciler.Ref],groupVersionKind,3
C:\halo-main\application\src\main\java\run\halo\app\core\extension\reconciler\CommentReconciler.java,run.halo.app.core.extension.reconciler.CommentReconciler,updateSameSubjectRefCommentCounter/1[run.halo.app.core.extension.reconciler.Ref],counterName,2
C:\halo-main\application\src\main\java\run\halo\app\core\extension\reconciler\CommentReconciler.java,run.halo.app.core.extension.reconciler.CommentReconciler,updateUnReplyCountIfNecessary/1[run.halo.app.core.extension.reconciler.Comment],commentName,1
C:\halo-main\application\src\main\java\run\halo\app\core\extension\reconciler\CommentReconciler.java,run.halo.app.core.extension.reconciler.CommentReconciler,updateUnReplyCountIfNecessary/1[run.halo.app.core.extension.reconciler.Comment],replies,1
C:\halo-main\application\src\main\java\run\halo\app\core\extension\reconciler\CommentReconciler.java,run.halo.app.core.extension.reconciler.CommentReconciler,updateUnReplyCountIfNecessary/1[run.halo.app.core.extension.reconciler.Comment],lastReadTime,5
C:\halo-main\application\src\main\java\run\halo\app\core\extension\reconciler\CommentReconciler.java,run.halo.app.core.extension.reconciler.CommentReconciler,updateUnReplyCountIfNecessary/1[run.halo.app.core.extension.reconciler.Comment],annotations,2
C:\halo-main\application\src\main\java\run\halo\app\core\extension\reconciler\CommentReconciler.java,run.halo.app.core.extension.reconciler.CommentReconciler,updateUnReplyCountIfNecessary/1[run.halo.app.core.extension.reconciler.Comment],comment,4
C:\halo-main\application\src\main\java\run\halo\app\core\extension\reconciler\CommentReconciler.java,run.halo.app.core.extension.reconciler.CommentReconciler,updateUnReplyCountIfNecessary/1[run.halo.app.core.extension.reconciler.Comment],lastReadTimeAnno,1
C:\halo-main\application\src\main\java\run\halo\app\core\extension\reconciler\CommentReconciler.java,run.halo.app.core.extension.reconciler.CommentReconciler,updateUnReplyCountIfNecessary/1[run.halo.app.core.extension.reconciler.Comment],reply,2
C:\halo-main\application\src\main\java\run\halo\app\core\extension\reconciler\CommentReconciler.java,run.halo.app.core.extension.reconciler.CommentReconciler,setupWith/1[run.halo.app.core.extension.reconciler.ControllerBuilder],builder,1
C:\halo-main\application\src\main\java\run\halo\app\core\extension\reconciler\CommentReconciler.java,run.halo.app.core.extension.reconciler.CommentReconciler,cleanUpResources/1[run.halo.app.core.extension.reconciler.Comment],comment,2
C:\halo-main\application\src\main\java\run\halo\app\core\extension\reconciler\CommentReconciler.java,run.halo.app.core.extension.reconciler.CommentReconciler,cleanUpResources/1[run.halo.app.core.extension.reconciler.Comment],reply,1
C:\halo-main\application\src\main\java\run\halo\app\core\extension\reconciler\CommentReconciler.java,run.halo.app.core.extension.reconciler.CommentReconciler,isDeleted/1[run.halo.app.core.extension.reconciler.Comment],comment,1
C:\halo-main\application\src\main\java\run\halo\app\core\extension\reconciler\CommentReconciler.java,run.halo.app.core.extension.reconciler.CommentReconciler,reconcileStatus/1[java.lang.String],oldComment,1
C:\halo-main\application\src\main\java\run\halo\app\core\extension\reconciler\CommentReconciler.java,run.halo.app.core.extension.reconciler.CommentReconciler,reconcileStatus/1[java.lang.String],name,1
C:\halo-main\application\src\main\java\run\halo\app\core\extension\reconciler\CommentReconciler.java,run.halo.app.core.extension.reconciler.CommentReconciler,reconcileStatus/1[java.lang.String],comment,5
C:\halo-main\application\src\main\java\run\halo\app\core\extension\reconciler\CommentReconciler.java,run.halo.app.core.extension.reconciler.CommentReconciler,reconcileStatus/1[java.lang.String],status,2
C:\halo-main\application\src\main\java\run\halo\app\core\extension\reconciler\CommentReconciler.java,run.halo.app.core.extension.reconciler.CommentReconciler,cleanUpResourcesAndRemoveFinalizer/1[java.lang.String],commentName,1
C:\halo-main\application\src\main\java\run\halo\app\core\extension\reconciler\CommentReconciler.java,run.halo.app.core.extension.reconciler.CommentReconciler,cleanUpResourcesAndRemoveFinalizer/1[java.lang.String],comment,4
C:\halo-main\application\src\main\java\run\halo\app\core\extension\reconciler\CommentReconciler.java,run.halo.app.core.extension.reconciler.CommentReconciler,reconcile/1[run.halo.app.core.extension.reconciler.Request],request,4
C:\halo-main\application\src\main\java\run\halo\app\core\extension\reconciler\CommentReconciler.java,run.halo.app.core.extension.reconciler.CommentReconciler,reconcile/1[run.halo.app.core.extension.reconciler.Request],comment,3
C:\halo-main\application\src\main\java\run\halo\app\core\extension\reconciler\CommentReconciler.java,run.halo.app.core.extension.reconciler.CommentReconciler,compatibleCreationTime/1[java.lang.String],creationTime,5
C:\halo-main\application\src\main\java\run\halo\app\core\extension\reconciler\CommentReconciler.java,run.halo.app.core.extension.reconciler.CommentReconciler,compatibleCreationTime/1[java.lang.String],oldCreationTime,1
C:\halo-main\application\src\main\java\run\halo\app\core\extension\reconciler\CommentReconciler.java,run.halo.app.core.extension.reconciler.CommentReconciler,compatibleCreationTime/1[java.lang.String],name,1
C:\halo-main\application\src\main\java\run\halo\app\core\extension\reconciler\CommentReconciler.java,run.halo.app.core.extension.reconciler.CommentReconciler,compatibleCreationTime/1[java.lang.String],comment,5
C:\halo-main\application\src\test\java\run\halo\app\core\extension\theme\ThemeEndpointTest.java,run.halo.app.core.extension.theme.ThemeEndpointTest$UpdateThemeConfigTest,updateWhenConfigMapNameIsNull/0,theme,4
C:\halo-main\application\src\test\java\run\halo\app\core\extension\theme\ThemeEndpointTest.java,run.halo.app.core.extension.theme.ThemeEndpointTest$UpdateThemeConfigTest,updateWhenConfigMapNameNotMatch/0,configMap,3
C:\halo-main\application\src\test\java\run\halo\app\core\extension\theme\ThemeEndpointTest.java,run.halo.app.core.extension.theme.ThemeEndpointTest$UpdateThemeConfigTest,updateWhenConfigMapNameNotMatch/0,theme,4
C:\halo-main\application\src\test\java\run\halo\app\core\extension\theme\ThemeEndpointTest.java,run.halo.app.core.extension.theme.ThemeEndpointTest$UpdateThemeConfigTest,updateWhenConfigMapNameMatch/0,configMap,3
C:\halo-main\application\src\test\java\run\halo\app\core\extension\theme\ThemeEndpointTest.java,run.halo.app.core.extension.theme.ThemeEndpointTest$UpdateThemeConfigTest,updateWhenConfigMapNameMatch/0,theme,4
C:\halo-main\application\src\main\java\run\halo\app\event\post\ReplyEvent.java,run.halo.app.event.post.ReplyEvent,"ReplyEvent/2[java.lang.Object,run.halo.app.event.post.Reply]",source,1
C:\halo-main\application\src\main\java\run\halo\app\event\post\ReplyEvent.java,run.halo.app.event.post.ReplyEvent,"ReplyEvent/2[java.lang.Object,run.halo.app.event.post.Reply]",reply,2
C:\halo-main\application\src\main\java\run\halo\app\theme\finders\vo\CategoryVo.java,run.halo.app.theme.finders.vo.CategoryVo,from/1[run.halo.app.theme.finders.vo.Category],category,4
C:\halo-main\application\src\main\java\run\halo\app\core\extension\reconciler\PluginReconciler.java,run.halo.app.core.extension.reconciler.PluginReconciler,reconcile/1[run.halo.app.core.extension.reconciler.Request],request,3
C:\halo-main\application\src\main\java\run\halo\app\core\extension\reconciler\PluginReconciler.java,run.halo.app.core.extension.reconciler.PluginReconciler,reconcile/1[run.halo.app.core.extension.reconciler.Request],plugin,3
C:\halo-main\application\src\main\java\run\halo\app\core\extension\reconciler\PluginReconciler.java,run.halo.app.core.extension.reconciler.PluginReconciler,initialReverseProxyName/1[java.lang.String],pluginName,1
C:\halo-main\application\src\main\java\run\halo\app\core\extension\reconciler\PluginReconciler.java,run.halo.app.core.extension.reconciler.PluginReconciler,"applyVersioningToStaticResource/2[java.lang.String,java.lang.String]",path,3
C:\halo-main\application\src\main\java\run\halo\app\core\extension\reconciler\PluginReconciler.java,run.halo.app.core.extension.reconciler.PluginReconciler,"applyVersioningToStaticResource/2[java.lang.String,java.lang.String]",pluginVersion,1
C:\halo-main\application\src\main\java\run\halo\app\core\extension\reconciler\PluginReconciler.java,run.halo.app.core.extension.reconciler.PluginReconciler,"lookupPluginSetting/2[java.lang.String,java.lang.String]",existing,2
C:\halo-main\application\src\main\java\run\halo\app\core\extension\reconciler\PluginReconciler.java,run.halo.app.core.extension.reconciler.PluginReconciler,"lookupPluginSetting/2[java.lang.String,java.lang.String]",resource,1
C:\halo-main\application\src\main\java\run\halo\app\core\extension\reconciler\PluginReconciler.java,run.halo.app.core.extension.reconciler.PluginReconciler,"lookupPluginSetting/2[java.lang.String,java.lang.String]",unstructured,5
C:\halo-main\application\src\main\java\run\halo\app\core\extension\reconciler\PluginReconciler.java,run.halo.app.core.extension.reconciler.PluginReconciler,"lookupPluginSetting/2[java.lang.String,java.lang.String]",name,2
C:\halo-main\application\src\main\java\run\halo\app\core\extension\reconciler\PluginReconciler.java,run.halo.app.core.extension.reconciler.PluginReconciler,"lookupPluginSetting/2[java.lang.String,java.lang.String]",pluginWrapper,4
C:\halo-main\application\src\main\java\run\halo\app\core\extension\reconciler\PluginReconciler.java,run.halo.app.core.extension.reconciler.PluginReconciler,"lookupPluginSetting/2[java.lang.String,java.lang.String]",resourceLoader,1
C:\halo-main\application\src\main\java\run\halo\app\core\extension\reconciler\PluginReconciler.java,run.halo.app.core.extension.reconciler.PluginReconciler,"lookupPluginSetting/2[java.lang.String,java.lang.String]",settingName,3
C:\halo-main\application\src\main\java\run\halo\app\core\extension\reconciler\PluginReconciler.java,run.halo.app.core.extension.reconciler.PluginReconciler,"lookupPluginSetting/2[java.lang.String,java.lang.String]",groupVersionKind,1
C:\halo-main\application\src\main\java\run\halo\app\core\extension\reconciler\PluginReconciler.java,run.halo.app.core.extension.reconciler.PluginReconciler,"lookupPluginSetting/2[java.lang.String,java.lang.String]",settingGvk,1
C:\halo-main\application\src\main\java\run\halo\app\core\extension\reconciler\PluginReconciler.java,run.halo.app.core.extension.reconciler.PluginReconciler,doStop/1[java.lang.String],condition,1
C:\halo-main\application\src\main\java\run\halo\app\core\extension\reconciler\PluginReconciler.java,run.halo.app.core.extension.reconciler.PluginReconciler,doStop/1[java.lang.String],plugin,2
C:\halo-main\application\src\main\java\run\halo\app\core\extension\reconciler\PluginReconciler.java,run.halo.app.core.extension.reconciler.PluginReconciler,doStop/1[java.lang.String],oldStatus,1
C:\halo-main\application\src\main\java\run\halo\app\core\extension\reconciler\PluginReconciler.java,run.halo.app.core.extension.reconciler.PluginReconciler,doStop/1[java.lang.String],name,3
C:\halo-main\application\src\main\java\run\halo\app\core\extension\reconciler\PluginReconciler.java,run.halo.app.core.extension.reconciler.PluginReconciler,doStop/1[java.lang.String],currentState,2
C:\halo-main\application\src\main\java\run\halo\app\core\extension\reconciler\PluginReconciler.java,run.halo.app.core.extension.reconciler.PluginReconciler,doStop/1[java.lang.String],status,7
C:\halo-main\application\src\main\java\run\halo\app\core\extension\reconciler\PluginReconciler.java,run.halo.app.core.extension.reconciler.PluginReconciler,waitForSettingCreation/1[run.halo.app.core.extension.reconciler.Plugin],settingFromYaml,4
C:\halo-main\application\src\main\java\run\halo\app\core\extension\reconciler\PluginReconciler.java,run.halo.app.core.extension.reconciler.PluginReconciler,waitForSettingCreation/1[run.halo.app.core.extension.reconciler.Plugin],condition,1
C:\halo-main\application\src\main\java\run\halo\app\core\extension\reconciler\PluginReconciler.java,run.halo.app.core.extension.reconciler.PluginReconciler,waitForSettingCreation/1[run.halo.app.core.extension.reconciler.Plugin],settingAnnotations,1
C:\halo-main\application\src\main\java\run\halo\app\core\extension\reconciler\PluginReconciler.java,run.halo.app.core.extension.reconciler.PluginReconciler,waitForSettingCreation/1[run.halo.app.core.extension.reconciler.Plugin],plugin,5
C:\halo-main\application\src\main\java\run\halo\app\core\extension\reconciler\PluginReconciler.java,run.halo.app.core.extension.reconciler.PluginReconciler,waitForSettingCreation/1[run.halo.app.core.extension.reconciler.Plugin],pluginName,1
C:\halo-main\application\src\main\java\run\halo\app\core\extension\reconciler\PluginReconciler.java,run.halo.app.core.extension.reconciler.PluginReconciler,waitForSettingCreation/1[run.halo.app.core.extension.reconciler.Plugin],configMapNameToUse,2
C:\halo-main\application\src\main\java\run\halo\app\core\extension\reconciler\PluginReconciler.java,run.halo.app.core.extension.reconciler.PluginReconciler,waitForSettingCreation/1[run.halo.app.core.extension.reconciler.Plugin],settingOption,1
C:\halo-main\application\src\main\java\run\halo\app\core\extension\reconciler\PluginReconciler.java,run.halo.app.core.extension.reconciler.PluginReconciler,waitForSettingCreation/1[run.halo.app.core.extension.reconciler.Plugin],settingName,5
C:\halo-main\application\src\main\java\run\halo\app\core\extension\reconciler\PluginReconciler.java,run.halo.app.core.extension.reconciler.PluginReconciler,waitForSettingCreation/1[run.halo.app.core.extension.reconciler.Plugin],setting,4
C:\halo-main\application\src\main\java\run\halo\app\core\extension\reconciler\PluginReconciler.java,run.halo.app.core.extension.reconciler.PluginReconciler,waitForSettingCreation/1[run.halo.app.core.extension.reconciler.Plugin],status,4
C:\halo-main\application\src\main\java\run\halo\app\core\extension\reconciler\PluginReconciler.java,run.halo.app.core.extension.reconciler.PluginReconciler,stopAction/1[java.lang.String],termination,1
C:\halo-main\application\src\main\java\run\halo\app\core\extension\reconciler\PluginReconciler.java,run.halo.app.core.extension.reconciler.PluginReconciler,stopAction/1[java.lang.String],name,1
C:\halo-main\application\src\main\java\run\halo\app\core\extension\reconciler\PluginReconciler.java,run.halo.app.core.extension.reconciler.PluginReconciler,stopAction/1[java.lang.String],currentState,1
C:\halo-main\application\src\main\java\run\halo\app\core\extension\reconciler\PluginReconciler.java,run.halo.app.core.extension.reconciler.PluginReconciler,addFinalizerIfNecessary/1[run.halo.app.core.extension.reconciler.Plugin],finalizers,2
C:\halo-main\application\src\main\java\run\halo\app\core\extension\reconciler\PluginReconciler.java,run.halo.app.core.extension.reconciler.PluginReconciler,addFinalizerIfNecessary/1[run.halo.app.core.extension.reconciler.Plugin],plugin,4
C:\halo-main\application\src\main\java\run\halo\app\core\extension\reconciler\PluginReconciler.java,run.halo.app.core.extension.reconciler.PluginReconciler,addFinalizerIfNecessary/1[run.halo.app.core.extension.reconciler.Plugin],oldPlugin,2
C:\halo-main\application\src\main\java\run\halo\app\core\extension\reconciler\PluginReconciler.java,run.halo.app.core.extension.reconciler.PluginReconciler,addFinalizerIfNecessary/1[run.halo.app.core.extension.reconciler.Plugin],newFinalizers,4
C:\halo-main\application\src\main\java\run\halo\app\core\extension\reconciler\PluginReconciler.java,run.halo.app.core.extension.reconciler.PluginReconciler,"persistenceFailureStatus/2[java.lang.String,java.lang.Throwable]",condition,1
C:\halo-main\application\src\main\java\run\halo\app\core\extension\reconciler\PluginReconciler.java,run.halo.app.core.extension.reconciler.PluginReconciler,"persistenceFailureStatus/2[java.lang.String,java.lang.Throwable]",plugin,2
C:\halo-main\application\src\main\java\run\halo\app\core\extension\reconciler\PluginReconciler.java,run.halo.app.core.extension.reconciler.PluginReconciler,"persistenceFailureStatus/2[java.lang.String,java.lang.Throwable]",pluginName,2
C:\halo-main\application\src\main\java\run\halo\app\core\extension\reconciler\PluginReconciler.java,run.halo.app.core.extension.reconciler.PluginReconciler,"persistenceFailureStatus/2[java.lang.String,java.lang.Throwable]",e,1
C:\halo-main\application\src\main\java\run\halo\app\core\extension\reconciler\PluginReconciler.java,run.halo.app.core.extension.reconciler.PluginReconciler,"persistenceFailureStatus/2[java.lang.String,java.lang.Throwable]",oldStatus,1
C:\halo-main\application\src\main\java\run\halo\app\core\extension\reconciler\PluginReconciler.java,run.halo.app.core.extension.reconciler.PluginReconciler,"persistenceFailureStatus/2[java.lang.String,java.lang.Throwable]",pluginWrapper,1
C:\halo-main\application\src\main\java\run\halo\app\core\extension\reconciler\PluginReconciler.java,run.halo.app.core.extension.reconciler.PluginReconciler,"persistenceFailureStatus/2[java.lang.String,java.lang.Throwable]",status,5
C:\halo-main\application\src\main\java\run\halo\app\core\extension\reconciler\PluginReconciler.java,run.halo.app.core.extension.reconciler.PluginReconciler,doStart/1[java.lang.String],jsBundlePath,3
C:\halo-main\application\src\main\java\run\halo\app\core\extension\reconciler\PluginReconciler.java,run.halo.app.core.extension.reconciler.PluginReconciler,doStart/1[java.lang.String],descriptor,1
C:\halo-main\application\src\main\java\run\halo\app\core\extension\reconciler\PluginReconciler.java,run.halo.app.core.extension.reconciler.PluginReconciler,doStart/1[java.lang.String],message,2
C:\halo-main\application\src\main\java\run\halo\app\core\extension\reconciler\PluginReconciler.java,run.halo.app.core.extension.reconciler.PluginReconciler,doStart/1[java.lang.String],cssBundlePath,3
C:\halo-main\application\src\main\java\run\halo\app\core\extension\reconciler\PluginReconciler.java,run.halo.app.core.extension.reconciler.PluginReconciler,doStart/1[java.lang.String],staringErrorInfo,2
C:\halo-main\application\src\main\java\run\halo\app\core\extension\reconciler\PluginReconciler.java,run.halo.app.core.extension.reconciler.PluginReconciler,doStart/1[java.lang.String],pluginVersion,2
C:\halo-main\application\src\main\java\run\halo\app\core\extension\reconciler\PluginReconciler.java,run.halo.app.core.extension.reconciler.PluginReconciler,doStart/1[java.lang.String],condition,1
C:\halo-main\application\src\main\java\run\halo\app\core\extension\reconciler\PluginReconciler.java,run.halo.app.core.extension.reconciler.PluginReconciler,doStart/1[java.lang.String],plugin,4
C:\halo-main\application\src\main\java\run\halo\app\core\extension\reconciler\PluginReconciler.java,run.halo.app.core.extension.reconciler.PluginReconciler,doStart/1[java.lang.String],oldStatus,1
C:\halo-main\application\src\main\java\run\halo\app\core\extension\reconciler\PluginReconciler.java,run.halo.app.core.extension.reconciler.PluginReconciler,doStart/1[java.lang.String],name,6
C:\halo-main\application\src\main\java\run\halo\app\core\extension\reconciler\PluginReconciler.java,run.halo.app.core.extension.reconciler.PluginReconciler,doStart/1[java.lang.String],pluginWrapper,3
C:\halo-main\application\src\main\java\run\halo\app\core\extension\reconciler\PluginReconciler.java,run.halo.app.core.extension.reconciler.PluginReconciler,doStart/1[java.lang.String],currentState,2
C:\halo-main\application\src\main\java\run\halo\app\core\extension\reconciler\PluginReconciler.java,run.halo.app.core.extension.reconciler.PluginReconciler,doStart/1[java.lang.String],status,7
C:\halo-main\application\src\main\java\run\halo\app\core\extension\reconciler\PluginReconciler.java,run.halo.app.core.extension.reconciler.PluginReconciler,cleanUpResources/1[run.halo.app.core.extension.reconciler.Plugin],initialReverseProxyName,4
C:\halo-main\application\src\main\java\run\halo\app\core\extension\reconciler\PluginReconciler.java,run.halo.app.core.extension.reconciler.PluginReconciler,cleanUpResources/1[run.halo.app.core.extension.reconciler.Plugin],item,0
C:\halo-main\application\src\main\java\run\halo\app\core\extension\reconciler\PluginReconciler.java,run.halo.app.core.extension.reconciler.PluginReconciler,cleanUpResources/1[run.halo.app.core.extension.reconciler.Plugin],plugin,2
C:\halo-main\application\src\main\java\run\halo\app\core\extension\reconciler\PluginReconciler.java,run.halo.app.core.extension.reconciler.PluginReconciler,cleanUpResources/1[run.halo.app.core.extension.reconciler.Plugin],e,1
C:\halo-main\application\src\main\java\run\halo\app\core\extension\reconciler\PluginReconciler.java,run.halo.app.core.extension.reconciler.PluginReconciler,cleanUpResources/1[run.halo.app.core.extension.reconciler.Plugin],name,4
C:\halo-main\application\src\main\java\run\halo\app\core\extension\reconciler\PluginReconciler.java,run.halo.app.core.extension.reconciler.PluginReconciler,cleanUpResources/1[run.halo.app.core.extension.reconciler.Plugin],callback,1
C:\halo-main\application\src\main\java\run\halo\app\core\extension\reconciler\PluginReconciler.java,run.halo.app.core.extension.reconciler.PluginReconciler,cleanUpResources/1[run.halo.app.core.extension.reconciler.Plugin],pluginWrapper,3
C:\halo-main\application\src\main\java\run\halo\app\core\extension\reconciler\PluginReconciler.java,run.halo.app.core.extension.reconciler.PluginReconciler,cleanUpResources/1[run.halo.app.core.extension.reconciler.Plugin],settingName,3
C:\halo-main\application\src\main\java\run\halo\app\core\extension\reconciler\PluginReconciler.java,run.halo.app.core.extension.reconciler.PluginReconciler,cleanUpResources/1[run.halo.app.core.extension.reconciler.Plugin],setting,0
C:\halo-main\application\src\main\java\run\halo\app\core\extension\reconciler\PluginReconciler.java,run.halo.app.core.extension.reconciler.PluginReconciler,ensurePluginLoaded/0,loadedPluginWrapperMap,1
C:\halo-main\application\src\main\java\run\halo\app\core\extension\reconciler\PluginReconciler.java,run.halo.app.core.extension.reconciler.PluginReconciler,ensurePluginLoaded/0,path,2
C:\halo-main\application\src\main\java\run\halo\app\core\extension\reconciler\PluginReconciler.java,run.halo.app.core.extension.reconciler.PluginReconciler,ensurePluginLoaded/0,loadedPlugins,1
C:\halo-main\application\src\main\java\run\halo\app\core\extension\reconciler\PluginReconciler.java,run.halo.app.core.extension.reconciler.PluginReconciler,ensurePluginLoaded/0,item,1
C:\halo-main\application\src\main\java\run\halo\app\core\extension\reconciler\PluginReconciler.java,run.halo.app.core.extension.reconciler.PluginReconciler,cleanUpResourcesAndRemoveFinalizer/1[java.lang.String],plugin,4
C:\halo-main\application\src\main\java\run\halo\app\core\extension\reconciler\PluginReconciler.java,run.halo.app.core.extension.reconciler.PluginReconciler,cleanUpResourcesAndRemoveFinalizer/1[java.lang.String],pluginName,1
C:\halo-main\application\src\main\java\run\halo\app\core\extension\reconciler\PluginReconciler.java,run.halo.app.core.extension.reconciler.PluginReconciler,"updateStatus/2[java.lang.String,Plugin.PluginStatus]",plugin,3
C:\halo-main\application\src\main\java\run\halo\app\core\extension\reconciler\PluginReconciler.java,run.halo.app.core.extension.reconciler.PluginReconciler,"updateStatus/2[java.lang.String,Plugin.PluginStatus]",oldStatus,1
C:\halo-main\application\src\main\java\run\halo\app\core\extension\reconciler\PluginReconciler.java,run.halo.app.core.extension.reconciler.PluginReconciler,"updateStatus/2[java.lang.String,Plugin.PluginStatus]",name,1
C:\halo-main\application\src\main\java\run\halo\app\core\extension\reconciler\PluginReconciler.java,run.halo.app.core.extension.reconciler.PluginReconciler,"updateStatus/2[java.lang.String,Plugin.PluginStatus]",status,3
C:\halo-main\application\src\main\java\run\halo\app\core\extension\reconciler\PluginReconciler.java,run.halo.app.core.extension.reconciler.PluginReconciler,getPluginWrapper/1[java.lang.String],condition,1
C:\halo-main\application\src\main\java\run\halo\app\core\extension\reconciler\PluginReconciler.java,run.halo.app.core.extension.reconciler.PluginReconciler,getPluginWrapper/1[java.lang.String],name,4
C:\halo-main\application\src\main\java\run\halo\app\core\extension\reconciler\PluginReconciler.java,run.halo.app.core.extension.reconciler.PluginReconciler,getPluginWrapper/1[java.lang.String],pluginWrapper,4
C:\halo-main\application\src\main\java\run\halo\app\core\extension\reconciler\PluginReconciler.java,run.halo.app.core.extension.reconciler.PluginReconciler,getPluginWrapper/1[java.lang.String],status,4
C:\halo-main\application\src\main\java\run\halo\app\core\extension\reconciler\PluginReconciler.java,run.halo.app.core.extension.reconciler.PluginReconciler,getPluginWrapper/1[java.lang.String],errorMsg,2
C:\halo-main\application\src\main\java\run\halo\app\core\extension\reconciler\PluginReconciler.java,run.halo.app.core.extension.reconciler.PluginReconciler,startAction/1[java.lang.String],termination,1
C:\halo-main\application\src\main\java\run\halo\app\core\extension\reconciler\PluginReconciler.java,run.halo.app.core.extension.reconciler.PluginReconciler,startAction/1[java.lang.String],name,1
C:\halo-main\application\src\main\java\run\halo\app\core\extension\reconciler\PluginReconciler.java,run.halo.app.core.extension.reconciler.PluginReconciler,startAction/1[java.lang.String],currentState,1
C:\halo-main\application\src\main\java\run\halo\app\core\extension\reconciler\PluginReconciler.java,run.halo.app.core.extension.reconciler.PluginReconciler,shouldReconcileStopState/1[run.halo.app.core.extension.reconciler.Plugin],plugin,2
C:\halo-main\application\src\main\java\run\halo\app\core\extension\reconciler\PluginReconciler.java,run.halo.app.core.extension.reconciler.PluginReconciler,shouldReconcileStopState/1[run.halo.app.core.extension.reconciler.Plugin],pluginWrapper,1
C:\halo-main\application\src\main\java\run\halo\app\core\extension\reconciler\PluginReconciler.java,run.halo.app.core.extension.reconciler.PluginReconciler,getStaringErrorInfo/1[java.lang.String],name,2
C:\halo-main\application\src\main\java\run\halo\app\core\extension\reconciler\PluginReconciler.java,run.halo.app.core.extension.reconciler.PluginReconciler,getStaringErrorInfo/1[java.lang.String],startingError,3
C:\halo-main\application\src\main\java\run\halo\app\core\extension\reconciler\PluginReconciler.java,run.halo.app.core.extension.reconciler.PluginReconciler,shouldReconcileStartState/1[run.halo.app.core.extension.reconciler.Plugin],plugin,2
C:\halo-main\application\src\main\java\run\halo\app\core\extension\reconciler\PluginReconciler.java,run.halo.app.core.extension.reconciler.PluginReconciler,shouldReconcileStartState/1[run.halo.app.core.extension.reconciler.Plugin],pluginWrapper,1
C:\halo-main\application\src\main\java\run\halo\app\core\extension\reconciler\PluginReconciler.java,run.halo.app.core.extension.reconciler.PluginReconciler,readinessDetection/1[java.lang.String],plugin,5
C:\halo-main\application\src\main\java\run\halo\app\core\extension\reconciler\PluginReconciler.java,run.halo.app.core.extension.reconciler.PluginReconciler,readinessDetection/1[java.lang.String],name,2
C:\halo-main\application\src\main\java\run\halo\app\core\extension\reconciler\PluginReconciler.java,run.halo.app.core.extension.reconciler.PluginReconciler,readinessDetection/1[java.lang.String],pluginWrapper,1
C:\halo-main\application\src\main\java\run\halo\app\core\extension\reconciler\PluginReconciler.java,run.halo.app.core.extension.reconciler.PluginReconciler,readinessDetection/1[java.lang.String],status,2
C:\halo-main\application\src\main\java\run\halo\app\core\extension\reconciler\PluginReconciler.java,run.halo.app.core.extension.reconciler.PluginReconciler,"stateTransition/3[java.lang.String,java.util.function.Function<run.halo.app.core.extension.reconciler.PluginState,java.lang.Boolean>,run.halo.app.core.extension.reconciler.PluginState]",desiredState,2
C:\halo-main\application\src\main\java\run\halo\app\core\extension\reconciler\PluginReconciler.java,run.halo.app.core.extension.reconciler.PluginReconciler,"stateTransition/3[java.lang.String,java.util.function.Function<run.halo.app.core.extension.reconciler.PluginState,java.lang.Boolean>,run.halo.app.core.extension.reconciler.PluginState]",maxRetries,1
C:\halo-main\application\src\main\java\run\halo\app\core\extension\reconciler\PluginReconciler.java,run.halo.app.core.extension.reconciler.PluginReconciler,"stateTransition/3[java.lang.String,java.util.function.Function<run.halo.app.core.extension.reconciler.PluginState,java.lang.Boolean>,run.halo.app.core.extension.reconciler.PluginState]",stateAction,1
C:\halo-main\application\src\main\java\run\halo\app\core\extension\reconciler\PluginReconciler.java,run.halo.app.core.extension.reconciler.PluginReconciler,"stateTransition/3[java.lang.String,java.util.function.Function<run.halo.app.core.extension.reconciler.PluginState,java.lang.Boolean>,run.halo.app.core.extension.reconciler.PluginState]",e,2
C:\halo-main\application\src\main\java\run\halo\app\core\extension\reconciler\PluginReconciler.java,run.halo.app.core.extension.reconciler.PluginReconciler,"stateTransition/3[java.lang.String,java.util.function.Function<run.halo.app.core.extension.reconciler.PluginState,java.lang.Boolean>,run.halo.app.core.extension.reconciler.PluginState]",name,3
C:\halo-main\application\src\main\java\run\halo\app\core\extension\reconciler\PluginReconciler.java,run.halo.app.core.extension.reconciler.PluginReconciler,"stateTransition/3[java.lang.String,java.util.function.Function<run.halo.app.core.extension.reconciler.PluginState,java.lang.Boolean>,run.halo.app.core.extension.reconciler.PluginState]",i,3
C:\halo-main\application\src\main\java\run\halo\app\core\extension\reconciler\PluginReconciler.java,run.halo.app.core.extension.reconciler.PluginReconciler,"stateTransition/3[java.lang.String,java.util.function.Function<run.halo.app.core.extension.reconciler.PluginState,java.lang.Boolean>,run.halo.app.core.extension.reconciler.PluginState]",pluginWrapper,2
C:\halo-main\application\src\main\java\run\halo\app\core\extension\reconciler\PluginReconciler.java,run.halo.app.core.extension.reconciler.PluginReconciler,"stateTransition/3[java.lang.String,java.util.function.Function<run.halo.app.core.extension.reconciler.PluginState,java.lang.Boolean>,run.halo.app.core.extension.reconciler.PluginState]",currentState,4
C:\halo-main\application\src\main\java\run\halo\app\core\extension\reconciler\PluginReconciler.java,run.halo.app.core.extension.reconciler.PluginReconciler,reconcilePluginState/1[java.lang.String],plugin,2
C:\halo-main\application\src\main\java\run\halo\app\core\extension\reconciler\PluginReconciler.java,run.halo.app.core.extension.reconciler.PluginReconciler,reconcilePluginState/1[java.lang.String],name,4
C:\halo-main\application\src\main\java\run\halo\app\core\extension\reconciler\PluginReconciler.java,run.halo.app.core.extension.reconciler.PluginReconciler,setupWith/1[run.halo.app.core.extension.reconciler.ControllerBuilder],builder,1
C:\halo-main\application\src\main\java\run\halo\app\core\extension\reconciler\PluginReconciler.java,run.halo.app.core.extension.reconciler.PluginReconciler,isDevelopmentMode/1[java.lang.String],name,1
C:\halo-main\application\src\main\java\run\halo\app\core\extension\reconciler\PluginReconciler.java,run.halo.app.core.extension.reconciler.PluginReconciler,isDevelopmentMode/1[java.lang.String],pluginWrapper,2
C:\halo-main\application\src\main\java\run\halo\app\core\extension\reconciler\PluginReconciler.java,run.halo.app.core.extension.reconciler.PluginReconciler,createInitialReverseProxyIfNotPresent/1[run.halo.app.core.extension.reconciler.Plugin],plugin,2
C:\halo-main\application\src\main\java\run\halo\app\core\extension\reconciler\PluginReconciler.java,run.halo.app.core.extension.reconciler.PluginReconciler,createInitialReverseProxyIfNotPresent/1[run.halo.app.core.extension.reconciler.Plugin],reverseProxyName,2
C:\halo-main\application\src\main\java\run\halo\app\core\extension\reconciler\PluginReconciler.java,run.halo.app.core.extension.reconciler.PluginReconciler,createInitialReverseProxyIfNotPresent/1[run.halo.app.core.extension.reconciler.Plugin],pluginName,3
C:\halo-main\application\src\main\java\run\halo\app\core\extension\reconciler\PluginReconciler.java,run.halo.app.core.extension.reconciler.PluginReconciler,createInitialReverseProxyIfNotPresent/1[run.halo.app.core.extension.reconciler.Plugin],reverseProxy,9
C:\halo-main\application\src\main\java\run\halo\app\core\extension\reconciler\PluginReconciler.java,run.halo.app.core.extension.reconciler.PluginReconciler,createInitialReverseProxyIfNotPresent/1[run.halo.app.core.extension.reconciler.Plugin],logo,4
C:\halo-main\application\src\main\java\run\halo\app\core\extension\reconciler\PluginReconciler.java,run.halo.app.core.extension.reconciler.PluginReconciler,createInitialReverseProxyIfNotPresent/1[run.halo.app.core.extension.reconciler.Plugin],persisted,1
C:\halo-main\application\src\main\java\run\halo\app\core\extension\reconciler\PluginReconciler.java,run.halo.app.core.extension.reconciler.PluginReconciler,createInitialReverseProxyIfNotPresent/1[run.halo.app.core.extension.reconciler.Plugin],logoRule,1
C:\halo-main\application\src\main\java\run\halo\app\core\extension\reconciler\PluginReconciler.java,run.halo.app.core.extension.reconciler.PluginReconciler,generateAccessibleLogoUrl/1[run.halo.app.core.extension.reconciler.Plugin],versionedLogo,1
C:\halo-main\application\src\main\java\run\halo\app\core\extension\reconciler\PluginReconciler.java,run.halo.app.core.extension.reconciler.PluginReconciler,generateAccessibleLogoUrl/1[run.halo.app.core.extension.reconciler.Plugin],plugin,4
C:\halo-main\application\src\main\java\run\halo\app\core\extension\reconciler\PluginReconciler.java,run.halo.app.core.extension.reconciler.PluginReconciler,generateAccessibleLogoUrl/1[run.halo.app.core.extension.reconciler.Plugin],logo,4
C:\halo-main\application\src\main\java\run\halo\app\core\extension\reconciler\PluginReconciler.java,run.halo.app.core.extension.reconciler.PluginReconciler,generateAccessibleLogoUrl/1[run.halo.app.core.extension.reconciler.Plugin],assetsPrefix,1
C:\halo-main\application\src\main\java\run\halo\app\core\extension\reconciler\PluginReconciler.java,run.halo.app.core.extension.reconciler.PluginReconciler,generateAccessibleLogoUrl/1[run.halo.app.core.extension.reconciler.Plugin],status,2
C:\halo-main\application\src\main\java\run\halo\app\plugin\PluginCompositeRouterFunction.java,run.halo.app.plugin.PluginCompositeRouterFunction,route/1[run.halo.app.plugin.ServerRequest],request,1
C:\halo-main\application\src\main\java\run\halo\app\plugin\PluginCompositeRouterFunction.java,run.halo.app.plugin.PluginCompositeRouterFunction,route/1[run.halo.app.plugin.ServerRequest],routerFunction,1
C:\halo-main\application\src\main\java\run\halo\app\plugin\PluginCompositeRouterFunction.java,run.halo.app.plugin.PluginCompositeRouterFunction,PluginCompositeRouterFunction/1[run.halo.app.plugin.resources.ReverseProxyRouterFunctionRegistry],reverseProxyRouterFunctionFactory,2
C:\halo-main\application\src\main\java\run\halo\app\plugin\PluginCompositeRouterFunction.java,run.halo.app.plugin.PluginCompositeRouterFunction,accept/1[RouterFunctions.Visitor],routerFunction,1
C:\halo-main\application\src\main\java\run\halo\app\plugin\PluginCompositeRouterFunction.java,run.halo.app.plugin.PluginCompositeRouterFunction,accept/1[RouterFunctions.Visitor],visitor,1
C:\halo-main\application\src\main\java\run\halo\app\plugin\PluginCompositeRouterFunction.java,run.halo.app.plugin.PluginCompositeRouterFunction,routerFunctions/0,router,1
C:\halo-main\application\src\main\java\run\halo\app\plugin\PluginCompositeRouterFunction.java,run.halo.app.plugin.PluginCompositeRouterFunction,routerFunctions/0,applicationContext,1
C:\halo-main\application\src\main\java\run\halo\app\plugin\PluginCompositeRouterFunction.java,run.halo.app.plugin.PluginCompositeRouterFunction,routerFunctions/0,routerFunctionStream,1
C:\halo-main\application\src\main\java\run\halo\app\theme\finders\vo\SinglePageVo.java,run.halo.app.theme.finders.vo.SinglePageVo,from/1[run.halo.app.theme.finders.vo.SinglePage],pageStatus,1
C:\halo-main\application\src\main\java\run\halo\app\theme\finders\vo\SinglePageVo.java,run.halo.app.theme.finders.vo.SinglePageVo,from/1[run.halo.app.theme.finders.vo.SinglePage],singlePage,4
C:\halo-main\application\src\main\java\run\halo\app\theme\finders\vo\SinglePageVo.java,run.halo.app.theme.finders.vo.SinglePageVo,from/1[run.halo.app.theme.finders.vo.SinglePage],spec,2
C:\halo-main\application\src\test\java\run\halo\app\extension\router\ExtensionUpdateHandlerTest.java,run.halo.app.extension.router.ExtensionUpdateHandlerTest,shouldReturnErrorWhenNoNameProvided/0,updateHandler,1
C:\halo-main\application\src\test\java\run\halo\app\extension\router\ExtensionUpdateHandlerTest.java,run.halo.app.extension.router.ExtensionUpdateHandlerTest,shouldReturnErrorWhenNoNameProvided/0,scheme,1
C:\halo-main\application\src\test\java\run\halo\app\extension\router\ExtensionUpdateHandlerTest.java,run.halo.app.extension.router.ExtensionUpdateHandlerTest,shouldReturnErrorWhenNoNameProvided/0,serverRequest,1
C:\halo-main\application\src\test\java\run\halo\app\extension\router\ExtensionUpdateHandlerTest.java,run.halo.app.extension.router.ExtensionUpdateHandlerTest,shouldReturnErrorWhenExtensionNotFound/0,updateHandler,1
C:\halo-main\application\src\test\java\run\halo\app\extension\router\ExtensionUpdateHandlerTest.java,run.halo.app.extension.router.ExtensionUpdateHandlerTest,shouldReturnErrorWhenExtensionNotFound/0,responseMono,1
C:\halo-main\application\src\test\java\run\halo\app\extension\router\ExtensionUpdateHandlerTest.java,run.halo.app.extension.router.ExtensionUpdateHandlerTest,shouldReturnErrorWhenExtensionNotFound/0,metadata,2
C:\halo-main\application\src\test\java\run\halo\app\extension\router\ExtensionUpdateHandlerTest.java,run.halo.app.extension.router.ExtensionUpdateHandlerTest,shouldReturnErrorWhenExtensionNotFound/0,extension,1
C:\halo-main\application\src\test\java\run\halo\app\extension\router\ExtensionUpdateHandlerTest.java,run.halo.app.extension.router.ExtensionUpdateHandlerTest,shouldReturnErrorWhenExtensionNotFound/0,scheme,1
C:\halo-main\application\src\test\java\run\halo\app\extension\router\ExtensionUpdateHandlerTest.java,run.halo.app.extension.router.ExtensionUpdateHandlerTest,shouldReturnErrorWhenExtensionNotFound/0,unstructured,4
C:\halo-main\application\src\test\java\run\halo\app\extension\router\ExtensionUpdateHandlerTest.java,run.halo.app.extension.router.ExtensionUpdateHandlerTest,shouldReturnErrorWhenExtensionNotFound/0,serverRequest,1
C:\halo-main\application\src\test\java\run\halo\app\extension\router\ExtensionUpdateHandlerTest.java,run.halo.app.extension.router.ExtensionUpdateHandlerTest,shouldBuildPathPatternCorrectly/0,updateHandler,1
C:\halo-main\application\src\test\java\run\halo\app\extension\router\ExtensionUpdateHandlerTest.java,run.halo.app.extension.router.ExtensionUpdateHandlerTest,shouldBuildPathPatternCorrectly/0,scheme,1
C:\halo-main\application\src\test\java\run\halo\app\extension\router\ExtensionUpdateHandlerTest.java,run.halo.app.extension.router.ExtensionUpdateHandlerTest,shouldBuildPathPatternCorrectly/0,pathPattern,2
C:\halo-main\application\src\test\java\run\halo\app\extension\router\ExtensionUpdateHandlerTest.java,run.halo.app.extension.router.ExtensionUpdateHandlerTest,shouldHandleCorrectly/0,updateHandler,1
C:\halo-main\application\src\test\java\run\halo\app\extension\router\ExtensionUpdateHandlerTest.java,run.halo.app.extension.router.ExtensionUpdateHandlerTest,shouldHandleCorrectly/0,responseMono,1
C:\halo-main\application\src\test\java\run\halo\app\extension\router\ExtensionUpdateHandlerTest.java,run.halo.app.extension.router.ExtensionUpdateHandlerTest,shouldHandleCorrectly/0,metadata,3
C:\halo-main\application\src\test\java\run\halo\app\extension\router\ExtensionUpdateHandlerTest.java,run.halo.app.extension.router.ExtensionUpdateHandlerTest,shouldHandleCorrectly/0,scheme,1
C:\halo-main\application\src\test\java\run\halo\app\extension\router\ExtensionUpdateHandlerTest.java,run.halo.app.extension.router.ExtensionUpdateHandlerTest,shouldHandleCorrectly/0,response,4
C:\halo-main\application\src\test\java\run\halo\app\extension\router\ExtensionUpdateHandlerTest.java,run.halo.app.extension.router.ExtensionUpdateHandlerTest,shouldHandleCorrectly/0,unstructured,8
C:\halo-main\application\src\test\java\run\halo\app\extension\router\ExtensionUpdateHandlerTest.java,run.halo.app.extension.router.ExtensionUpdateHandlerTest,shouldHandleCorrectly/0,fake,1
C:\halo-main\application\src\test\java\run\halo\app\extension\router\ExtensionUpdateHandlerTest.java,run.halo.app.extension.router.ExtensionUpdateHandlerTest,shouldHandleCorrectly/0,serverRequest,1
C:\halo-main\application\src\test\java\run\halo\app\extension\router\ExtensionUpdateHandlerTest.java,run.halo.app.extension.router.ExtensionUpdateHandlerTest,shouldReturnErrorWhenNoBodyProvided/0,updateHandler,1
C:\halo-main\application\src\test\java\run\halo\app\extension\router\ExtensionUpdateHandlerTest.java,run.halo.app.extension.router.ExtensionUpdateHandlerTest,shouldReturnErrorWhenNoBodyProvided/0,responseMono,1
C:\halo-main\application\src\test\java\run\halo\app\extension\router\ExtensionUpdateHandlerTest.java,run.halo.app.extension.router.ExtensionUpdateHandlerTest,shouldReturnErrorWhenNoBodyProvided/0,scheme,1
C:\halo-main\application\src\test\java\run\halo\app\extension\router\ExtensionUpdateHandlerTest.java,run.halo.app.extension.router.ExtensionUpdateHandlerTest,shouldReturnErrorWhenNoBodyProvided/0,serverRequest,1
C:\halo-main\application\src\test\java\run\halo\app\core\extension\reconciler\PluginReconcilerTest.java,run.halo.app.core.extension.reconciler.PluginReconcilerTest$PluginLogoTest,absoluteUriWithQueryParam/0,plugin,5
C:\halo-main\application\src\test\java\run\halo\app\core\extension\reconciler\PluginReconcilerTest.java,run.halo.app.core.extension.reconciler.PluginReconcilerTest$PluginLogoTest,logoIsNull/0,plugin,5
C:\halo-main\application\src\test\java\run\halo\app\core\extension\reconciler\PluginReconcilerTest.java,run.halo.app.core.extension.reconciler.PluginReconcilerTest$PluginLogoTest,absoluteUri/0,plugin,5
C:\halo-main\application\src\test\java\run\halo\app\core\extension\reconciler\PluginReconcilerTest.java,run.halo.app.core.extension.reconciler.PluginReconcilerTest$PluginLogoTest,relativePath/0,plugin,7
C:\halo-main\application\src\test\java\run\halo\app\core\extension\reconciler\PluginReconcilerTest.java,run.halo.app.core.extension.reconciler.PluginReconcilerTest$PluginLogoTest,dataBlob/0,plugin,7
C:\halo-main\application\src\test\java\run\halo\app\core\extension\reconciler\PluginReconcilerTest.java,run.halo.app.core.extension.reconciler.PluginReconcilerTest$PluginLogoTest,logoIsEmpty/0,plugin,5
C:\halo-main\application\src\test\java\run\halo\app\core\extension\endpoint\PluginEndpointTest.java,run.halo.app.core.extension.endpoint.PluginEndpointTest$UpdatePluginConfigTest,updateWhenConfigMapNameIsNull/0,plugin,2
C:\halo-main\application\src\test\java\run\halo\app\core\extension\endpoint\PluginEndpointTest.java,run.halo.app.core.extension.endpoint.PluginEndpointTest$UpdatePluginConfigTest,updateWhenConfigMapNameNotMatch/0,plugin,2
C:\halo-main\application\src\test\java\run\halo\app\core\extension\endpoint\PluginEndpointTest.java,run.halo.app.core.extension.endpoint.PluginEndpointTest$UpdatePluginConfigTest,updateWhenConfigMapNameNotMatch/0,configMap,3
C:\halo-main\application\src\test\java\run\halo\app\core\extension\endpoint\PluginEndpointTest.java,run.halo.app.core.extension.endpoint.PluginEndpointTest$UpdatePluginConfigTest,updateWhenConfigMapNameMatch/0,plugin,2
C:\halo-main\application\src\test\java\run\halo\app\core\extension\endpoint\PluginEndpointTest.java,run.halo.app.core.extension.endpoint.PluginEndpointTest$UpdatePluginConfigTest,updateWhenConfigMapNameMatch/0,configMap,3
C:\halo-main\application\src\test\java\run\halo\app\extension\ExtensionUtilTest.java,run.halo.app.extension.ExtensionUtilTest,buildStoreName/0,storeName,3
C:\halo-main\application\src\test\java\run\halo\app\extension\ExtensionUtilTest.java,run.halo.app.extension.ExtensionUtilTest,buildStoreNamePrefix/0,prefix,3
C:\halo-main\application\src\test\java\run\halo\app\plugin\DefaultSettingFetcherTest.java,run.halo.app.plugin.DefaultSettingFetcherTest,buildConfigMap/0,metadata,3
C:\halo-main\application\src\test\java\run\halo\app\plugin\DefaultSettingFetcherTest.java,run.halo.app.plugin.DefaultSettingFetcherTest,buildConfigMap/0,configMap,5
C:\halo-main\application\src\test\java\run\halo\app\plugin\DefaultSettingFetcherTest.java,run.halo.app.plugin.DefaultSettingFetcherTest,"Sns/6[java.lang.String,java.lang.String,java.lang.String,java.lang.String,java.util.Map<java.lang.String,java.lang.Object>,java.util.List<java.lang.Integer>]",github,0
C:\halo-main\application\src\test\java\run\halo\app\plugin\DefaultSettingFetcherTest.java,run.halo.app.plugin.DefaultSettingFetcherTest,"Sns/6[java.lang.String,java.lang.String,java.lang.String,java.lang.String,java.util.Map<java.lang.String,java.lang.Object>,java.util.List<java.lang.Integer>]",twitter,0
C:\halo-main\application\src\test\java\run\halo\app\plugin\DefaultSettingFetcherTest.java,run.halo.app.plugin.DefaultSettingFetcherTest,"Sns/6[java.lang.String,java.lang.String,java.lang.String,java.lang.String,java.util.Map<java.lang.String,java.lang.Object>,java.util.List<java.lang.Integer>]",instagram,0
C:\halo-main\application\src\test\java\run\halo\app\plugin\DefaultSettingFetcherTest.java,run.halo.app.plugin.DefaultSettingFetcherTest,"Sns/6[java.lang.String,java.lang.String,java.lang.String,java.lang.String,java.util.Map<java.lang.String,java.lang.Object>,java.util.List<java.lang.Integer>]",user,0
C:\halo-main\application\src\test\java\run\halo\app\plugin\DefaultSettingFetcherTest.java,run.halo.app.plugin.DefaultSettingFetcherTest,"Sns/6[java.lang.String,java.lang.String,java.lang.String,java.lang.String,java.util.Map<java.lang.String,java.lang.Object>,java.util.List<java.lang.Integer>]",email,0
C:\halo-main\application\src\test\java\run\halo\app\plugin\DefaultSettingFetcherTest.java,run.halo.app.plugin.DefaultSettingFetcherTest,"Sns/6[java.lang.String,java.lang.String,java.lang.String,java.lang.String,java.util.Map<java.lang.String,java.lang.Object>,java.util.List<java.lang.Integer>]",nums,0
C:\halo-main\application\src\test\java\run\halo\app\plugin\DefaultSettingFetcherTest.java,run.halo.app.plugin.DefaultSettingFetcherTest,getValues/0,values,2
C:\halo-main\application\src\test\java\run\halo\app\plugin\DefaultSettingFetcherTest.java,run.halo.app.plugin.DefaultSettingFetcherTest,getValues/0,callAgain,1
C:\halo-main\application\src\test\java\run\halo\app\plugin\DefaultSettingFetcherTest.java,run.halo.app.plugin.DefaultSettingFetcherTest,getGroupForObject/0,missing,1
C:\halo-main\application\src\test\java\run\halo\app\plugin\DefaultSettingFetcherTest.java,run.halo.app.plugin.DefaultSettingFetcherTest,getGroupForObject/0,sns,2
C:\halo-main\application\src\test\java\run\halo\app\plugin\DefaultSettingFetcherTest.java,run.halo.app.plugin.DefaultSettingFetcherTest,buildPlugin/0,pluginMetadata,2
C:\halo-main\application\src\test\java\run\halo\app\plugin\DefaultSettingFetcherTest.java,run.halo.app.plugin.DefaultSettingFetcherTest,buildPlugin/0,pluginSpec,3
C:\halo-main\application\src\test\java\run\halo\app\plugin\DefaultSettingFetcherTest.java,run.halo.app.plugin.DefaultSettingFetcherTest,buildPlugin/0,plugin,5
C:\halo-main\application\src\test\java\run\halo\app\plugin\DefaultSettingFetcherTest.java,run.halo.app.plugin.DefaultSettingFetcherTest,getGroup/0,emptyNode,1
C:\halo-main\application\src\test\java\run\halo\app\plugin\DefaultSettingFetcherTest.java,run.halo.app.plugin.DefaultSettingFetcherTest,getGroup/0,jsonNode,4
C:\halo-main\application\src\test\java\run\halo\app\plugin\DefaultSettingFetcherTest.java,run.halo.app.plugin.DefaultSettingFetcherTest,setUp/0,plugin,1
C:\halo-main\application\src\test\java\run\halo\app\plugin\DefaultSettingFetcherTest.java,run.halo.app.plugin.DefaultSettingFetcherTest,setUp/0,configMap,1
C:\halo-main\application\src\test\java\run\halo\app\plugin\DefaultSettingFetcherTest.java,run.halo.app.plugin.DefaultSettingFetcherTest,setUp/0,reactiveSettingFetcher,1
C:\halo-main\application\src\main\java\run\halo\app\theme\dialect\GlobalHeadInjectionProcessor.java,run.halo.app.theme.dialect.GlobalHeadInjectionProcessor,getTemplateHeadProcessors/1[run.halo.app.theme.dialect.ITemplateContext],componentsFinder,1
C:\halo-main\application\src\main\java\run\halo\app\theme\dialect\GlobalHeadInjectionProcessor.java,run.halo.app.theme.dialect.GlobalHeadInjectionProcessor,getTemplateHeadProcessors/1[run.halo.app.theme.dialect.ITemplateContext],appCtx,1
C:\halo-main\application\src\main\java\run\halo\app\theme\dialect\GlobalHeadInjectionProcessor.java,run.halo.app.theme.dialect.GlobalHeadInjectionProcessor,getTemplateHeadProcessors/1[run.halo.app.theme.dialect.ITemplateContext],context,1
C:\halo-main\application\src\main\java\run\halo\app\theme\dialect\GlobalHeadInjectionProcessor.java,run.halo.app.theme.dialect.GlobalHeadInjectionProcessor,"doProcess/3[run.halo.app.theme.dialect.ITemplateContext,run.halo.app.theme.dialect.IModel,run.halo.app.theme.dialect.IElementModelStructureHandler]",templateHeadProcessors,1
C:\halo-main\application\src\main\java\run\halo\app\theme\dialect\GlobalHeadInjectionProcessor.java,run.halo.app.theme.dialect.GlobalHeadInjectionProcessor,"doProcess/3[run.halo.app.theme.dialect.ITemplateContext,run.halo.app.theme.dialect.IModel,run.halo.app.theme.dialect.IElementModelStructureHandler]",processedAlready,1
C:\halo-main\application\src\main\java\run\halo\app\theme\dialect\GlobalHeadInjectionProcessor.java,run.halo.app.theme.dialect.GlobalHeadInjectionProcessor,"doProcess/3[run.halo.app.theme.dialect.ITemplateContext,run.halo.app.theme.dialect.IModel,run.halo.app.theme.dialect.IElementModelStructureHandler]",structureHandler,2
C:\halo-main\application\src\main\java\run\halo\app\theme\dialect\GlobalHeadInjectionProcessor.java,run.halo.app.theme.dialect.GlobalHeadInjectionProcessor,"doProcess/3[run.halo.app.theme.dialect.ITemplateContext,run.halo.app.theme.dialect.IModel,run.halo.app.theme.dialect.IElementModelStructureHandler]",modelToInsert,2
C:\halo-main\application\src\main\java\run\halo\app\theme\dialect\GlobalHeadInjectionProcessor.java,run.halo.app.theme.dialect.GlobalHeadInjectionProcessor,"doProcess/3[run.halo.app.theme.dialect.ITemplateContext,run.halo.app.theme.dialect.IModel,run.halo.app.theme.dialect.IElementModelStructureHandler]",context,4
C:\halo-main\application\src\main\java\run\halo\app\theme\dialect\GlobalHeadInjectionProcessor.java,run.halo.app.theme.dialect.GlobalHeadInjectionProcessor,"doProcess/3[run.halo.app.theme.dialect.ITemplateContext,run.halo.app.theme.dialect.IModel,run.halo.app.theme.dialect.IElementModelStructureHandler]",model,2
C:\halo-main\application\src\main\java\run\halo\app\theme\dialect\GlobalHeadInjectionProcessor.java,run.halo.app.theme.dialect.GlobalHeadInjectionProcessor,"doProcess/3[run.halo.app.theme.dialect.ITemplateContext,run.halo.app.theme.dialect.IModel,run.halo.app.theme.dialect.IElementModelStructureHandler]",processor,1
C:\halo-main\application\src\main\java\run\halo\app\theme\dialect\GlobalHeadInjectionProcessor.java,run.halo.app.theme.dialect.GlobalHeadInjectionProcessor,"doProcess/3[run.halo.app.theme.dialect.ITemplateContext,run.halo.app.theme.dialect.IModel,run.halo.app.theme.dialect.IElementModelStructureHandler]",modelFactory,1
C:\halo-main\application\src\main\java\run\halo\app\theme\dialect\GlobalHeadInjectionProcessor.java,run.halo.app.theme.dialect.GlobalHeadInjectionProcessor,GlobalHeadInjectionProcessor/1[java.lang.String],dialectPrefix,1
C:\halo-main\application\src\test\java\run\halo\app\extension\ListResultTest.java,run.halo.app.extension.ListResultTest,generateGenericClass/0,fakeListClass,3
C:\halo-main\application\src\test\java\run\halo\app\extension\ListResultTest.java,run.halo.app.extension.ListResultTest,generateGenericClassForClassParam/0,fakeListClass,3
C:\halo-main\application\src\test\java\run\halo\app\extension\ListResultTest.java,run.halo.app.extension.ListResultTest,totalPages/0,listResult,7
C:\halo-main\application\src\main\java\run\halo\app\event\post\ReplyDeletedEvent.java,run.halo.app.event.post.ReplyDeletedEvent,"ReplyDeletedEvent/2[java.lang.Object,run.halo.app.event.post.Reply]",source,1
C:\halo-main\application\src\main\java\run\halo\app\event\post\ReplyDeletedEvent.java,run.halo.app.event.post.ReplyDeletedEvent,"ReplyDeletedEvent/2[java.lang.Object,run.halo.app.event.post.Reply]",reply,1
C:\halo-main\application\src\test\java\run\halo\app\extension\DefaultSchemeManagerTest.java,run.halo.app.extension.DefaultSchemeManagerTest,shouldGetSchemeWhenRegistered/0,scheme,1
C:\halo-main\application\src\test\java\run\halo\app\extension\DefaultSchemeManagerTest.java,run.halo.app.extension.DefaultSchemeManagerTest,shouldGetSchemeWhenRegistered/0,gvk,5
C:\halo-main\application\src\test\java\run\halo\app\extension\DefaultSchemeManagerTest.java,run.halo.app.extension.DefaultSchemeManagerTest,shouldGetNothingWhenUnregistered/0,scheme,1
C:\halo-main\application\src\test\java\run\halo\app\extension\DefaultSchemeManagerTest.java,run.halo.app.extension.DefaultSchemeManagerTest,shouldGetNothingWhenUnregistered/0,gvk,2
C:\halo-main\application\src\test\java\run\halo\app\extension\DefaultSchemeManagerTest.java,run.halo.app.extension.DefaultSchemeManagerTest,shouldUnregisterSuccessfully/0,scheme,2
C:\halo-main\application\src\test\java\run\halo\app\extension\DefaultSchemeManagerTest.java,run.halo.app.extension.DefaultSchemeManagerTest,shouldTriggerOnChangeOnlyOnceWhenRegisterTwice/0,watcher,3
C:\halo-main\application\src\test\java\run\halo\app\extension\DefaultSchemeManagerTest.java,run.halo.app.extension.DefaultSchemeManagerTest,shouldReturnCopyOnWriteList/0,scheme,0
C:\halo-main\application\src\test\java\run\halo\app\extension\DefaultSchemeManagerTest.java,run.halo.app.extension.DefaultSchemeManagerTest,shouldReturnCopyOnWriteList/0,schemes,2
C:\halo-main\application\src\test\java\run\halo\app\extension\DefaultSchemeManagerTest.java,run.halo.app.extension.DefaultSchemeManagerTest,shouldTriggerOnChangeOnlyOnceWhenUnregisterTwice/0,watcher,3
C:\halo-main\application\src\test\java\run\halo\app\extension\DefaultSchemeManagerTest.java,run.halo.app.extension.DefaultSchemeManagerTest,shouldTriggerOnChangeOnlyOnceWhenUnregisterTwice/0,scheme,2
C:\halo-main\application\src\main\java\run\halo\app\theme\finders\impl\TagFinderImpl.java,run.halo.app.theme.finders.impl.TagFinderImpl,getByName/1[java.lang.String],name,1
C:\halo-main\application\src\main\java\run\halo\app\theme\finders\impl\TagFinderImpl.java,run.halo.app.theme.finders.impl.TagFinderImpl,getByNames/1[java.util.List<java.lang.String>],names,1
C:\halo-main\application\src\main\java\run\halo\app\theme\finders\impl\TagFinderImpl.java,run.halo.app.theme.finders.impl.TagFinderImpl,sizeNullSafe/1[java.lang.Integer],size,1
C:\halo-main\application\src\main\java\run\halo\app\theme\finders\impl\TagFinderImpl.java,run.halo.app.theme.finders.impl.TagFinderImpl,"list/2[java.lang.Integer,java.lang.Integer]",size,2
C:\halo-main\application\src\main\java\run\halo\app\theme\finders\impl\TagFinderImpl.java,run.halo.app.theme.finders.impl.TagFinderImpl,"list/2[java.lang.Integer,java.lang.Integer]",tagVos,1
C:\halo-main\application\src\main\java\run\halo\app\theme\finders\impl\TagFinderImpl.java,run.halo.app.theme.finders.impl.TagFinderImpl,"list/2[java.lang.Integer,java.lang.Integer]",page,2
C:\halo-main\application\src\main\java\run\halo\app\theme\finders\impl\TagFinderImpl.java,run.halo.app.theme.finders.impl.TagFinderImpl,"list/2[java.lang.Integer,java.lang.Integer]",list,4
C:\halo-main\application\src\main\java\run\halo\app\theme\finders\impl\TagFinderImpl.java,run.halo.app.theme.finders.impl.TagFinderImpl,TagFinderImpl/1[run.halo.app.theme.finders.impl.ReactiveExtensionClient],client,2
C:\halo-main\application\src\main\java\run\halo\app\theme\finders\impl\TagFinderImpl.java,run.halo.app.theme.finders.impl.TagFinderImpl,pageNullSafe/1[java.lang.Integer],page,1
C:\halo-main\application\src\main\java\run\halo\app\plugin\PluginCreatedEventReconciler.java,run.halo.app.plugin.PluginCreatedEventReconciler,PluginCreatedEventReconciler/1[run.halo.app.plugin.ReactiveExtensionClient],client,2
C:\halo-main\application\src\main\java\run\halo\app\plugin\PluginCreatedEventReconciler.java,run.halo.app.plugin.PluginCreatedEventReconciler,setupWith/1[run.halo.app.plugin.ControllerBuilder],builder,0
C:\halo-main\application\src\main\java\run\halo\app\plugin\PluginCreatedEventReconciler.java,run.halo.app.plugin.PluginCreatedEventReconciler,reconcile/1[run.halo.app.plugin.event.PluginCreatedEvent],pluginCreatedEvent,1
C:\halo-main\application\src\main\java\run\halo\app\plugin\PluginCreatedEventReconciler.java,run.halo.app.plugin.PluginCreatedEventReconciler,reconcile/1[run.halo.app.plugin.event.PluginCreatedEvent],pluginName,1
C:\halo-main\application\src\main\java\run\halo\app\plugin\PluginCreatedEventReconciler.java,run.halo.app.plugin.PluginCreatedEventReconciler,reconcile/1[run.halo.app.plugin.event.PluginCreatedEvent],e,1
C:\halo-main\application\src\main\java\run\halo\app\plugin\PluginCreatedEventReconciler.java,run.halo.app.plugin.PluginCreatedEventReconciler,ensureConfigMapNameNotEmptyIfSettingIsNotBlank/1[java.lang.String],plugin,5
C:\halo-main\application\src\main\java\run\halo\app\plugin\PluginCreatedEventReconciler.java,run.halo.app.plugin.PluginCreatedEventReconciler,ensureConfigMapNameNotEmptyIfSettingIsNotBlank/1[java.lang.String],pluginName,2
C:\halo-main\application\src\main\java\run\halo\app\plugin\PluginCreatedEventReconciler.java,run.halo.app.plugin.PluginCreatedEventReconciler,handlePluginCreated/1[run.halo.app.plugin.event.PluginCreatedEvent],pluginCreatedEvent,1
C:\halo-main\application\src\main\java\run\halo\app\theme\engine\HaloTemplateEngine.java,run.halo.app.theme.engine.HaloTemplateEngine,HaloTemplateEngine/1[run.halo.app.theme.engine.IMessageResolver],messageResolver,2
C:\halo-main\application\src\main\java\run\halo\app\theme\engine\HaloTemplateEngine.java,run.halo.app.theme.engine.HaloTemplateEngine,"processStream/7[java.lang.String,java.util.Set<java.lang.String>,run.halo.app.theme.engine.IContext,run.halo.app.theme.engine.DataBufferFactory,run.halo.app.theme.engine.MediaType,java.nio.charset.Charset,int]",template,1
C:\halo-main\application\src\main\java\run\halo\app\theme\engine\HaloTemplateEngine.java,run.halo.app.theme.engine.HaloTemplateEngine,"processStream/7[java.lang.String,java.util.Set<java.lang.String>,run.halo.app.theme.engine.IContext,run.halo.app.theme.engine.DataBufferFactory,run.halo.app.theme.engine.MediaType,java.nio.charset.Charset,int]",charset,1
C:\halo-main\application\src\main\java\run\halo\app\theme\engine\HaloTemplateEngine.java,run.halo.app.theme.engine.HaloTemplateEngine,"processStream/7[java.lang.String,java.util.Set<java.lang.String>,run.halo.app.theme.engine.IContext,run.halo.app.theme.engine.DataBufferFactory,run.halo.app.theme.engine.MediaType,java.nio.charset.Charset,int]",context,1
C:\halo-main\application\src\main\java\run\halo\app\theme\engine\HaloTemplateEngine.java,run.halo.app.theme.engine.HaloTemplateEngine,"processStream/7[java.lang.String,java.util.Set<java.lang.String>,run.halo.app.theme.engine.IContext,run.halo.app.theme.engine.DataBufferFactory,run.halo.app.theme.engine.MediaType,java.nio.charset.Charset,int]",publisher,3
C:\halo-main\application\src\main\java\run\halo\app\theme\engine\HaloTemplateEngine.java,run.halo.app.theme.engine.HaloTemplateEngine,"processStream/7[java.lang.String,java.util.Set<java.lang.String>,run.halo.app.theme.engine.IContext,run.halo.app.theme.engine.DataBufferFactory,run.halo.app.theme.engine.MediaType,java.nio.charset.Charset,int]",mediaType,1
C:\halo-main\application\src\main\java\run\halo\app\theme\engine\HaloTemplateEngine.java,run.halo.app.theme.engine.HaloTemplateEngine,"processStream/7[java.lang.String,java.util.Set<java.lang.String>,run.halo.app.theme.engine.IContext,run.halo.app.theme.engine.DataBufferFactory,run.halo.app.theme.engine.MediaType,java.nio.charset.Charset,int]",responseMaxChunkSizeBytes,1
C:\halo-main\application\src\main\java\run\halo\app\theme\engine\HaloTemplateEngine.java,run.halo.app.theme.engine.HaloTemplateEngine,"processStream/7[java.lang.String,java.util.Set<java.lang.String>,run.halo.app.theme.engine.IContext,run.halo.app.theme.engine.DataBufferFactory,run.halo.app.theme.engine.MediaType,java.nio.charset.Charset,int]",markupSelectors,1
C:\halo-main\application\src\main\java\run\halo\app\theme\engine\HaloTemplateEngine.java,run.halo.app.theme.engine.HaloTemplateEngine,"processStream/7[java.lang.String,java.util.Set<java.lang.String>,run.halo.app.theme.engine.IContext,run.halo.app.theme.engine.DataBufferFactory,run.halo.app.theme.engine.MediaType,java.nio.charset.Charset,int]",bufferFactory,1
C:\halo-main\application\src\main\java\run\halo\app\core\extension\reconciler\SystemSettingReconciler.java,run.halo.app.core.extension.reconciler.SystemSettingReconciler$RouteRuleReconciler,reconcileCategoriesRule/1[java.lang.String],oldRules,3
C:\halo-main\application\src\main\java\run\halo\app\core\extension\reconciler\SystemSettingReconciler.java,run.halo.app.core.extension.reconciler.SystemSettingReconciler$RouteRuleReconciler,reconcileCategoriesRule/1[java.lang.String],configMap,3
C:\halo-main\application\src\main\java\run\halo\app\core\extension\reconciler\SystemSettingReconciler.java,run.halo.app.core.extension.reconciler.SystemSettingReconciler$RouteRuleReconciler,reconcileCategoriesRule/1[java.lang.String],newRules,5
C:\halo-main\application\src\main\java\run\halo\app\core\extension\reconciler\SystemSettingReconciler.java,run.halo.app.core.extension.reconciler.SystemSettingReconciler$RouteRuleReconciler,reconcileCategoriesRule/1[java.lang.String],name,1
C:\halo-main\application\src\main\java\run\halo\app\core\extension\reconciler\SystemSettingReconciler.java,run.halo.app.core.extension.reconciler.SystemSettingReconciler$RouteRuleReconciler,reconcileCategoriesRule/1[java.lang.String],oldCategoriesPrefix,3
C:\halo-main\application\src\main\java\run\halo\app\core\extension\reconciler\SystemSettingReconciler.java,run.halo.app.core.extension.reconciler.SystemSettingReconciler$RouteRuleReconciler,reconcile/1[java.lang.String],name,4
C:\halo-main\application\src\main\java\run\halo\app\core\extension\reconciler\SystemSettingReconciler.java,run.halo.app.core.extension.reconciler.SystemSettingReconciler$RouteRuleReconciler,reconcileTagsRule/1[java.lang.String],oldRules,3
C:\halo-main\application\src\main\java\run\halo\app\core\extension\reconciler\SystemSettingReconciler.java,run.halo.app.core.extension.reconciler.SystemSettingReconciler$RouteRuleReconciler,reconcileTagsRule/1[java.lang.String],configMap,3
C:\halo-main\application\src\main\java\run\halo\app\core\extension\reconciler\SystemSettingReconciler.java,run.halo.app.core.extension.reconciler.SystemSettingReconciler$RouteRuleReconciler,reconcileTagsRule/1[java.lang.String],newRules,5
C:\halo-main\application\src\main\java\run\halo\app\core\extension\reconciler\SystemSettingReconciler.java,run.halo.app.core.extension.reconciler.SystemSettingReconciler$RouteRuleReconciler,reconcileTagsRule/1[java.lang.String],name,1
C:\halo-main\application\src\main\java\run\halo\app\core\extension\reconciler\SystemSettingReconciler.java,run.halo.app.core.extension.reconciler.SystemSettingReconciler$RouteRuleReconciler,reconcileTagsRule/1[java.lang.String],oldTagsPrefix,3
C:\halo-main\application\src\main\java\run\halo\app\core\extension\reconciler\SystemSettingReconciler.java,run.halo.app.core.extension.reconciler.SystemSettingReconciler$RouteRuleReconciler,reconcilePostRule/1[java.lang.String],oldRules,3
C:\halo-main\application\src\main\java\run\halo\app\core\extension\reconciler\SystemSettingReconciler.java,run.halo.app.core.extension.reconciler.SystemSettingReconciler$RouteRuleReconciler,reconcilePostRule/1[java.lang.String],oldPostPattern,3
C:\halo-main\application\src\main\java\run\halo\app\core\extension\reconciler\SystemSettingReconciler.java,run.halo.app.core.extension.reconciler.SystemSettingReconciler$RouteRuleReconciler,reconcilePostRule/1[java.lang.String],configMap,3
C:\halo-main\application\src\main\java\run\halo\app\core\extension\reconciler\SystemSettingReconciler.java,run.halo.app.core.extension.reconciler.SystemSettingReconciler$RouteRuleReconciler,reconcilePostRule/1[java.lang.String],newRules,5
C:\halo-main\application\src\main\java\run\halo\app\core\extension\reconciler\SystemSettingReconciler.java,run.halo.app.core.extension.reconciler.SystemSettingReconciler$RouteRuleReconciler,reconcilePostRule/1[java.lang.String],name,1
C:\halo-main\application\src\main\java\run\halo\app\core\extension\reconciler\SystemSettingReconciler.java,run.halo.app.core.extension.reconciler.SystemSettingReconciler$RouteRuleReconciler,getOldRouteRulesFromAnno/1[run.halo.app.core.extension.reconciler.ConfigMap],oldRulesJson,3
C:\halo-main\application\src\main\java\run\halo\app\core\extension\reconciler\SystemSettingReconciler.java,run.halo.app.core.extension.reconciler.SystemSettingReconciler$RouteRuleReconciler,getOldRouteRulesFromAnno/1[run.halo.app.core.extension.reconciler.ConfigMap],configMap,1
C:\halo-main\application\src\main\java\run\halo\app\core\extension\reconciler\SystemSettingReconciler.java,run.halo.app.core.extension.reconciler.SystemSettingReconciler$RouteRuleReconciler,getOldRouteRulesFromAnno/1[run.halo.app.core.extension.reconciler.ConfigMap],annotations,1
C:\halo-main\application\src\main\java\run\halo\app\core\extension\reconciler\SystemSettingReconciler.java,run.halo.app.core.extension.reconciler.SystemSettingReconciler$RouteRuleReconciler,getAnnotationsSafe/1[run.halo.app.core.extension.reconciler.ConfigMap],configMap,2
C:\halo-main\application\src\main\java\run\halo\app\core\extension\reconciler\SystemSettingReconciler.java,run.halo.app.core.extension.reconciler.SystemSettingReconciler$RouteRuleReconciler,getAnnotationsSafe/1[run.halo.app.core.extension.reconciler.ConfigMap],annotations,4
C:\halo-main\application\src\main\java\run\halo\app\core\extension\reconciler\SystemSettingReconciler.java,run.halo.app.core.extension.reconciler.SystemSettingReconciler$RouteRuleReconciler,"changePostPatternPrefixIfNecessary/2[java.lang.String,SystemSetting.ThemeRouteRules]",newRules,4
C:\halo-main\application\src\main\java\run\halo\app\core\extension\reconciler\SystemSettingReconciler.java,run.halo.app.core.extension.reconciler.SystemSettingReconciler$RouteRuleReconciler,"changePostPatternPrefixIfNecessary/2[java.lang.String,SystemSetting.ThemeRouteRules]",newArchivesPrefix,2
C:\halo-main\application\src\main\java\run\halo\app\core\extension\reconciler\SystemSettingReconciler.java,run.halo.app.core.extension.reconciler.SystemSettingReconciler$RouteRuleReconciler,"changePostPatternPrefixIfNecessary/2[java.lang.String,SystemSetting.ThemeRouteRules]",oldArchivePrefix,3
C:\halo-main\application\src\main\java\run\halo\app\core\extension\reconciler\SystemSettingReconciler.java,run.halo.app.core.extension.reconciler.SystemSettingReconciler$RouteRuleReconciler,"changePostPatternPrefixIfNecessary/2[java.lang.String,SystemSetting.ThemeRouteRules]",postPatternToUpdate,1
C:\halo-main\application\src\main\java\run\halo\app\core\extension\reconciler\SystemSettingReconciler.java,run.halo.app.core.extension.reconciler.SystemSettingReconciler$RouteRuleReconciler,"changePostPatternPrefixIfNecessary/2[java.lang.String,SystemSetting.ThemeRouteRules]",oldPrefix,2
C:\halo-main\application\src\main\java\run\halo\app\core\extension\reconciler\SystemSettingReconciler.java,run.halo.app.core.extension.reconciler.SystemSettingReconciler$RouteRuleReconciler,"changePostPatternPrefixIfNecessary/2[java.lang.String,SystemSetting.ThemeRouteRules]",postPattern,2
C:\halo-main\application\src\main\java\run\halo\app\core\extension\reconciler\SystemSettingReconciler.java,run.halo.app.core.extension.reconciler.SystemSettingReconciler$RouteRuleReconciler,reconcileArchivesRule/1[java.lang.String],oldRules,6
C:\halo-main\application\src\main\java\run\halo\app\core\extension\reconciler\SystemSettingReconciler.java,run.halo.app.core.extension.reconciler.SystemSettingReconciler$RouteRuleReconciler,reconcileArchivesRule/1[java.lang.String],oldPostPattern,2
C:\halo-main\application\src\main\java\run\halo\app\core\extension\reconciler\SystemSettingReconciler.java,run.halo.app.core.extension.reconciler.SystemSettingReconciler$RouteRuleReconciler,reconcileArchivesRule/1[java.lang.String],configMap,3
C:\halo-main\application\src\main\java\run\halo\app\core\extension\reconciler\SystemSettingReconciler.java,run.halo.app.core.extension.reconciler.SystemSettingReconciler$RouteRuleReconciler,reconcileArchivesRule/1[java.lang.String],newRules,9
C:\halo-main\application\src\main\java\run\halo\app\core\extension\reconciler\SystemSettingReconciler.java,run.halo.app.core.extension.reconciler.SystemSettingReconciler$RouteRuleReconciler,reconcileArchivesRule/1[java.lang.String],archivesPrefixChanged,2
C:\halo-main\application\src\main\java\run\halo\app\core\extension\reconciler\SystemSettingReconciler.java,run.halo.app.core.extension.reconciler.SystemSettingReconciler$RouteRuleReconciler,reconcileArchivesRule/1[java.lang.String],name,1
C:\halo-main\application\src\main\java\run\halo\app\core\extension\reconciler\SystemSettingReconciler.java,run.halo.app.core.extension.reconciler.SystemSettingReconciler$RouteRuleReconciler,reconcileArchivesRule/1[java.lang.String],oldArchivesPrefix,3
C:\halo-main\application\src\main\java\run\halo\app\core\extension\reconciler\SystemSettingReconciler.java,run.halo.app.core.extension.reconciler.SystemSettingReconciler$RouteRuleReconciler,reconcileArchivesRule/1[java.lang.String],postPatternChanged,2
C:\halo-main\application\src\main\java\run\halo\app\core\extension\reconciler\SystemSettingReconciler.java,run.halo.app.core.extension.reconciler.SystemSettingReconciler$RouteRuleReconciler,"updateNewRuleToConfigMap/3[run.halo.app.core.extension.reconciler.ConfigMap,SystemSetting.ThemeRouteRules,SystemSetting.ThemeRouteRules]",oldRules,1
C:\halo-main\application\src\main\java\run\halo\app\core\extension\reconciler\SystemSettingReconciler.java,run.halo.app.core.extension.reconciler.SystemSettingReconciler$RouteRuleReconciler,"updateNewRuleToConfigMap/3[run.halo.app.core.extension.reconciler.ConfigMap,SystemSetting.ThemeRouteRules,SystemSetting.ThemeRouteRules]",configMap,3
C:\halo-main\application\src\main\java\run\halo\app\core\extension\reconciler\SystemSettingReconciler.java,run.halo.app.core.extension.reconciler.SystemSettingReconciler$RouteRuleReconciler,"updateNewRuleToConfigMap/3[run.halo.app.core.extension.reconciler.ConfigMap,SystemSetting.ThemeRouteRules,SystemSetting.ThemeRouteRules]",newRules,1
C:\halo-main\application\src\main\java\run\halo\app\core\extension\reconciler\SystemSettingReconciler.java,run.halo.app.core.extension.reconciler.SystemSettingReconciler$RouteRuleReconciler,"updateNewRuleToConfigMap/3[run.halo.app.core.extension.reconciler.ConfigMap,SystemSetting.ThemeRouteRules,SystemSetting.ThemeRouteRules]",annotations,1
C:\halo-main\application\src\main\java\run\halo\app\core\extension\reconciler\SystemSettingReconciler.java,run.halo.app.core.extension.reconciler.SystemSettingReconciler$RouteRuleReconciler,getRouteRules/1[run.halo.app.core.extension.reconciler.ConfigMap],data,1
C:\halo-main\application\src\main\java\run\halo\app\core\extension\reconciler\SystemSettingReconciler.java,run.halo.app.core.extension.reconciler.SystemSettingReconciler$RouteRuleReconciler,getRouteRules/1[run.halo.app.core.extension.reconciler.ConfigMap],configMap,1
C:\halo-main\application\src\test\java\run\halo\app\plugin\resources\ReverseProxyRouterFunctionFactoryTest.java,run.halo.app.plugin.resources.ReverseProxyRouterFunctionFactoryTest,create/0,routerFunction,1
C:\halo-main\application\src\test\java\run\halo\app\plugin\resources\ReverseProxyRouterFunctionFactoryTest.java,run.halo.app.plugin.resources.ReverseProxyRouterFunctionFactoryTest,mockReverseProxy/0,metadata,2
C:\halo-main\application\src\test\java\run\halo\app\plugin\resources\ReverseProxyRouterFunctionFactoryTest.java,run.halo.app.plugin.resources.ReverseProxyRouterFunctionFactoryTest,mockReverseProxy/0,reverseProxy,3
C:\halo-main\application\src\test\java\run\halo\app\plugin\resources\ReverseProxyRouterFunctionFactoryTest.java,run.halo.app.plugin.resources.ReverseProxyRouterFunctionFactoryTest,mockReverseProxy/0,reverseProxyRule,1
C:\halo-main\application\src\test\java\run\halo\app\extension\router\ExtensionDeleteHandlerTest.java,run.halo.app.extension.router.ExtensionDeleteHandlerTest,shouldReturnErrorWhenNoNameProvided/0,scheme,1
C:\halo-main\application\src\test\java\run\halo\app\extension\router\ExtensionDeleteHandlerTest.java,run.halo.app.extension.router.ExtensionDeleteHandlerTest,shouldReturnErrorWhenNoNameProvided/0,deleteHandler,1
C:\halo-main\application\src\test\java\run\halo\app\extension\router\ExtensionDeleteHandlerTest.java,run.halo.app.extension.router.ExtensionDeleteHandlerTest,shouldReturnErrorWhenNoNameProvided/0,serverRequest,1
C:\halo-main\application\src\test\java\run\halo\app\extension\router\ExtensionDeleteHandlerTest.java,run.halo.app.extension.router.ExtensionDeleteHandlerTest,shouldReturnErrorWhenExtensionNotFound/0,responseMono,1
C:\halo-main\application\src\test\java\run\halo\app\extension\router\ExtensionDeleteHandlerTest.java,run.halo.app.extension.router.ExtensionDeleteHandlerTest,shouldReturnErrorWhenExtensionNotFound/0,scheme,1
C:\halo-main\application\src\test\java\run\halo\app\extension\router\ExtensionDeleteHandlerTest.java,run.halo.app.extension.router.ExtensionDeleteHandlerTest,shouldReturnErrorWhenExtensionNotFound/0,deleteHandler,1
C:\halo-main\application\src\test\java\run\halo\app\extension\router\ExtensionDeleteHandlerTest.java,run.halo.app.extension.router.ExtensionDeleteHandlerTest,shouldReturnErrorWhenExtensionNotFound/0,serverRequest,1
C:\halo-main\application\src\test\java\run\halo\app\extension\router\ExtensionDeleteHandlerTest.java,run.halo.app.extension.router.ExtensionDeleteHandlerTest,shouldBuildPathPatternCorrectly/0,scheme,1
C:\halo-main\application\src\test\java\run\halo\app\extension\router\ExtensionDeleteHandlerTest.java,run.halo.app.extension.router.ExtensionDeleteHandlerTest,shouldBuildPathPatternCorrectly/0,deleteHandler,1
C:\halo-main\application\src\test\java\run\halo\app\extension\router\ExtensionDeleteHandlerTest.java,run.halo.app.extension.router.ExtensionDeleteHandlerTest,shouldBuildPathPatternCorrectly/0,pathPattern,2
C:\halo-main\application\src\test\java\run\halo\app\extension\router\ExtensionDeleteHandlerTest.java,run.halo.app.extension.router.ExtensionDeleteHandlerTest,shouldHandleCorrectly/0,responseMono,1
C:\halo-main\application\src\test\java\run\halo\app\extension\router\ExtensionDeleteHandlerTest.java,run.halo.app.extension.router.ExtensionDeleteHandlerTest,shouldHandleCorrectly/0,metadata,3
C:\halo-main\application\src\test\java\run\halo\app\extension\router\ExtensionDeleteHandlerTest.java,run.halo.app.extension.router.ExtensionDeleteHandlerTest,shouldHandleCorrectly/0,scheme,1
C:\halo-main\application\src\test\java\run\halo\app\extension\router\ExtensionDeleteHandlerTest.java,run.halo.app.extension.router.ExtensionDeleteHandlerTest,shouldHandleCorrectly/0,response,4
C:\halo-main\application\src\test\java\run\halo\app\extension\router\ExtensionDeleteHandlerTest.java,run.halo.app.extension.router.ExtensionDeleteHandlerTest,shouldHandleCorrectly/0,unstructured,4
C:\halo-main\application\src\test\java\run\halo\app\extension\router\ExtensionDeleteHandlerTest.java,run.halo.app.extension.router.ExtensionDeleteHandlerTest,shouldHandleCorrectly/0,deleteHandler,1
C:\halo-main\application\src\test\java\run\halo\app\extension\router\ExtensionDeleteHandlerTest.java,run.halo.app.extension.router.ExtensionDeleteHandlerTest,shouldHandleCorrectly/0,fake,5
C:\halo-main\application\src\test\java\run\halo\app\extension\router\ExtensionDeleteHandlerTest.java,run.halo.app.extension.router.ExtensionDeleteHandlerTest,shouldHandleCorrectly/0,serverRequest,1
C:\halo-main\application\src\main\java\run\halo\app\security\SuperAdminInitializer.java,run.halo.app.security.SuperAdminInitializer,initialize/1[run.halo.app.security.ApplicationReadyEvent],readyEvent,0
C:\halo-main\application\src\main\java\run\halo\app\security\SuperAdminInitializer.java,run.halo.app.security.SuperAdminInitializer,initialize/1[run.halo.app.security.ApplicationReadyEvent],admin,2
C:\halo-main\application\src\main\java\run\halo\app\security\SuperAdminInitializer.java,run.halo.app.security.SuperAdminInitializer,initialize/1[run.halo.app.security.ApplicationReadyEvent],binding,1
C:\halo-main\application\src\main\java\run\halo\app\security\SuperAdminInitializer.java,run.halo.app.security.SuperAdminInitializer,getPassword/0,password,4
C:\halo-main\application\src\main\java\run\halo\app\security\SuperAdminInitializer.java,run.halo.app.security.SuperAdminInitializer,"SuperAdminInitializer/3[run.halo.app.security.ReactiveExtensionClient,run.halo.app.security.PasswordEncoder,run.halo.app.infra.properties.SecurityProperties.Initializer]",passwordEncoder,2
C:\halo-main\application\src\main\java\run\halo\app\security\SuperAdminInitializer.java,run.halo.app.security.SuperAdminInitializer,"SuperAdminInitializer/3[run.halo.app.security.ReactiveExtensionClient,run.halo.app.security.PasswordEncoder,run.halo.app.infra.properties.SecurityProperties.Initializer]",client,2
C:\halo-main\application\src\main\java\run\halo\app\security\SuperAdminInitializer.java,run.halo.app.security.SuperAdminInitializer,"SuperAdminInitializer/3[run.halo.app.security.ReactiveExtensionClient,run.halo.app.security.PasswordEncoder,run.halo.app.infra.properties.SecurityProperties.Initializer]",initializer,2
C:\halo-main\application\src\main\java\run\halo\app\security\SuperAdminInitializer.java,run.halo.app.security.SuperAdminInitializer,bindAdminAndSuperRole/1[run.halo.app.security.User],metadata,2
C:\halo-main\application\src\main\java\run\halo\app\security\SuperAdminInitializer.java,run.halo.app.security.SuperAdminInitializer,bindAdminAndSuperRole/1[run.halo.app.security.User],roleBinding,4
C:\halo-main\application\src\main\java\run\halo\app\security\SuperAdminInitializer.java,run.halo.app.security.SuperAdminInitializer,bindAdminAndSuperRole/1[run.halo.app.security.User],subject,4
C:\halo-main\application\src\main\java\run\halo\app\security\SuperAdminInitializer.java,run.halo.app.security.SuperAdminInitializer,bindAdminAndSuperRole/1[run.halo.app.security.User],name,1
C:\halo-main\application\src\main\java\run\halo\app\security\SuperAdminInitializer.java,run.halo.app.security.SuperAdminInitializer,bindAdminAndSuperRole/1[run.halo.app.security.User],admin,3
C:\halo-main\application\src\main\java\run\halo\app\security\SuperAdminInitializer.java,run.halo.app.security.SuperAdminInitializer,bindAdminAndSuperRole/1[run.halo.app.security.User],roleRef,4
C:\halo-main\application\src\main\java\run\halo\app\security\SuperAdminInitializer.java,run.halo.app.security.SuperAdminInitializer,createAdmin/0,metadata,2
C:\halo-main\application\src\main\java\run\halo\app\security\SuperAdminInitializer.java,run.halo.app.security.SuperAdminInitializer,createAdmin/0,user,3
C:\halo-main\application\src\main\java\run\halo\app\security\SuperAdminInitializer.java,run.halo.app.security.SuperAdminInitializer,createAdmin/0,spec,7
C:\halo-main\application\src\test\java\run\halo\app\theme\router\factories\CategoriesRouteFactoryTest.java,run.halo.app.theme.router.factories.CategoriesRouteFactoryTest,create/0,routerFunction,1
C:\halo-main\application\src\test\java\run\halo\app\theme\router\factories\CategoriesRouteFactoryTest.java,run.halo.app.theme.router.factories.CategoriesRouteFactoryTest,create/0,prefix,2
C:\halo-main\application\src\test\java\run\halo\app\theme\router\factories\CategoriesRouteFactoryTest.java,run.halo.app.theme.router.factories.CategoriesRouteFactoryTest,create/0,webClient,1
C:\halo-main\application\src\main\java\run\halo\app\theme\router\factories\PostRouteFactory.java,run.halo.app.theme.router.factories.PostRouteFactory,postsByPredicates/1[run.halo.app.theme.router.factories.PostRouteFactory.PostPatternVariable],patternVariable,4
C:\halo-main\application\src\main\java\run\halo\app\theme\router\factories\PostRouteFactory.java,run.halo.app.theme.router.factories.PostRouteFactory,"matchIfPresent/2[java.lang.String,java.lang.String]",variable,2
C:\halo-main\application\src\main\java\run\halo\app\theme\router\factories\PostRouteFactory.java,run.halo.app.theme.router.factories.PostRouteFactory,"matchIfPresent/2[java.lang.String,java.lang.String]",target,1
C:\halo-main\application\src\main\java\run\halo\app\theme\router\factories\PostRouteFactory.java,run.halo.app.theme.router.factories.PostRouteFactory,"postResponse/2[run.halo.app.theme.router.factories.ServerRequest,run.halo.app.theme.router.factories.PostRouteFactory.PostPatternVariable]",template,1
C:\halo-main\application\src\main\java\run\halo\app\theme\router\factories\PostRouteFactory.java,run.halo.app.theme.router.factories.PostRouteFactory,"postResponse/2[run.halo.app.theme.router.factories.ServerRequest,run.halo.app.theme.router.factories.PostRouteFactory.PostPatternVariable]",request,1
C:\halo-main\application\src\main\java\run\halo\app\theme\router\factories\PostRouteFactory.java,run.halo.app.theme.router.factories.PostRouteFactory,"postResponse/2[run.halo.app.theme.router.factories.ServerRequest,run.halo.app.theme.router.factories.PostRouteFactory.PostPatternVariable]",postVoMono,1
C:\halo-main\application\src\main\java\run\halo\app\theme\router\factories\PostRouteFactory.java,run.halo.app.theme.router.factories.PostRouteFactory,"postResponse/2[run.halo.app.theme.router.factories.ServerRequest,run.halo.app.theme.router.factories.PostRouteFactory.PostPatternVariable]",templateName,1
C:\halo-main\application\src\main\java\run\halo\app\theme\router\factories\PostRouteFactory.java,run.halo.app.theme.router.factories.PostRouteFactory,"postResponse/2[run.halo.app.theme.router.factories.ServerRequest,run.halo.app.theme.router.factories.PostRouteFactory.PostPatternVariable]",patternVariable,1
C:\halo-main\application\src\main\java\run\halo\app\theme\router\factories\PostRouteFactory.java,run.halo.app.theme.router.factories.PostRouteFactory,"postResponse/2[run.halo.app.theme.router.factories.ServerRequest,run.halo.app.theme.router.factories.PostRouteFactory.PostPatternVariable]",postVo,3
C:\halo-main\application\src\main\java\run\halo\app\theme\router\factories\PostRouteFactory.java,run.halo.app.theme.router.factories.PostRouteFactory,"postResponse/2[run.halo.app.theme.router.factories.ServerRequest,run.halo.app.theme.router.factories.PostRouteFactory.PostPatternVariable]",model,6
C:\halo-main\application\src\main\java\run\halo\app\theme\router\factories\PostRouteFactory.java,run.halo.app.theme.router.factories.PostRouteFactory,"postResponse/2[run.halo.app.theme.router.factories.ServerRequest,run.halo.app.theme.router.factories.PostRouteFactory.PostPatternVariable]",gvk,1
C:\halo-main\application\src\main\java\run\halo\app\theme\router\factories\PostRouteFactory.java,run.halo.app.theme.router.factories.PostRouteFactory,create/1[java.lang.String],pattern,2
C:\halo-main\application\src\main\java\run\halo\app\theme\router\factories\PostRouteFactory.java,run.halo.app.theme.router.factories.PostRouteFactory,create/1[java.lang.String],postParamPredicate,3
C:\halo-main\application\src\main\java\run\halo\app\theme\router\factories\PostRouteFactory.java,run.halo.app.theme.router.factories.PostRouteFactory,create/1[java.lang.String],requestPredicate,1
C:\halo-main\application\src\main\java\run\halo\app\theme\router\factories\PostRouteFactory.java,run.halo.app.theme.router.factories.PostRouteFactory,fetchPostsBySlug/1[java.lang.String],post,2
C:\halo-main\application\src\main\java\run\halo\app\theme\router\factories\PostRouteFactory.java,run.halo.app.theme.router.factories.PostRouteFactory,fetchPostsBySlug/1[java.lang.String],slug,1
C:\halo-main\application\src\main\java\run\halo\app\theme\router\factories\PostRouteFactory.java,run.halo.app.theme.router.factories.PostRouteFactory,mergedVariables/1[run.halo.app.theme.router.factories.ServerRequest],paramKey,2
C:\halo-main\application\src\main\java\run\halo\app\theme\router\factories\PostRouteFactory.java,run.halo.app.theme.router.factories.PostRouteFactory,mergedVariables/1[run.halo.app.theme.router.factories.ServerRequest],request,2
C:\halo-main\application\src\main\java\run\halo\app\theme\router\factories\PostRouteFactory.java,run.halo.app.theme.router.factories.PostRouteFactory,mergedVariables/1[run.halo.app.theme.router.factories.ServerRequest],pathVariables,2
C:\halo-main\application\src\main\java\run\halo\app\theme\router\factories\PostRouteFactory.java,run.halo.app.theme.router.factories.PostRouteFactory,mergedVariables/1[run.halo.app.theme.router.factories.ServerRequest],queryParams,3
C:\halo-main\application\src\main\java\run\halo\app\theme\router\factories\PostRouteFactory.java,run.halo.app.theme.router.factories.PostRouteFactory,mergedVariables/1[run.halo.app.theme.router.factories.ServerRequest],mergedVariables,3
C:\halo-main\application\src\main\java\run\halo\app\theme\router\factories\PostRouteFactory.java,run.halo.app.theme.router.factories.PostRouteFactory,bestMatchPost/1[run.halo.app.theme.router.factories.PostRouteFactory.PostPatternVariable],post,5
C:\halo-main\application\src\main\java\run\halo\app\theme\router\factories\PostRouteFactory.java,run.halo.app.theme.router.factories.PostRouteFactory,bestMatchPost/1[run.halo.app.theme.router.factories.PostRouteFactory.PostPatternVariable],variable,6
C:\halo-main\application\src\main\java\run\halo\app\theme\router\factories\PostRouteFactory.java,run.halo.app.theme.router.factories.PostRouteFactory,bestMatchPost/1[run.halo.app.theme.router.factories.PostRouteFactory.PostPatternVariable],labels,3
C:\halo-main\application\src\main\java\run\halo\app\theme\router\factories\PostRouteFactory.java,run.halo.app.theme.router.factories.PostRouteFactory,queryParamHandlerFunction/1[run.halo.app.theme.router.factories.PostRouteFactory.PatternParser],request,2
C:\halo-main\application\src\main\java\run\halo\app\theme\router\factories\PostRouteFactory.java,run.halo.app.theme.router.factories.PostRouteFactory,queryParamHandlerFunction/1[run.halo.app.theme.router.factories.PostRouteFactory.PatternParser],variables,1
C:\halo-main\application\src\main\java\run\halo\app\theme\router\factories\PostRouteFactory.java,run.halo.app.theme.router.factories.PostRouteFactory,queryParamHandlerFunction/1[run.halo.app.theme.router.factories.PostRouteFactory.PatternParser],paramPredicate,2
C:\halo-main\application\src\main\java\run\halo\app\theme\router\factories\PostRouteFactory.java,run.halo.app.theme.router.factories.PostRouteFactory,queryParamHandlerFunction/1[run.halo.app.theme.router.factories.PostRouteFactory.PatternParser],patternVariable,1
C:\halo-main\application\src\main\java\run\halo\app\theme\router\factories\PostRouteFactory.java,run.halo.app.theme.router.factories.PostRouteFactory,queryParamHandlerFunction/1[run.halo.app.theme.router.factories.PostRouteFactory.PatternParser],value,0
C:\halo-main\application\src\main\java\run\halo\app\theme\router\factories\PostRouteFactory.java,run.halo.app.theme.router.factories.PostRouteFactory,fetchPostsByName/1[java.lang.String],name,1
C:\halo-main\application\src\main\java\run\halo\app\theme\router\factories\PostRouteFactory.java,run.halo.app.theme.router.factories.PostRouteFactory,handlerFunction/0,request,2
C:\halo-main\application\src\main\java\run\halo\app\theme\router\factories\PostRouteFactory.java,run.halo.app.theme.router.factories.PostRouteFactory,handlerFunction/0,patternVariable,1
C:\halo-main\application\src\main\java\run\halo\app\content\comment\ReplyQuery.java,run.halo.app.content.comment.ReplyQuery,getCommentName/0,commentName,2
C:\halo-main\application\src\main\java\run\halo\app\content\comment\ReplyQuery.java,run.halo.app.content.comment.ReplyQuery,"ReplyQuery/1[run.halo.app.content.comment.MultiValueMap<java.lang.String,java.lang.String>]",queryParams,1
C:\halo-main\application\src\main\java\run\halo\app\metrics\MeterUtils.java,run.halo.app.metrics.MeterUtils,isVisitCounter/1[run.halo.app.metrics.Counter],sceneValue,2
C:\halo-main\application\src\main\java\run\halo\app\metrics\MeterUtils.java,run.halo.app.metrics.MeterUtils,isVisitCounter/1[run.halo.app.metrics.Counter],counter,1
C:\halo-main\application\src\main\java\run\halo\app\metrics\MeterUtils.java,run.halo.app.metrics.MeterUtils,"downvoteCounter/2[run.halo.app.metrics.MeterRegistry,java.lang.String]",registry,1
C:\halo-main\application\src\main\java\run\halo\app\metrics\MeterUtils.java,run.halo.app.metrics.MeterUtils,"downvoteCounter/2[run.halo.app.metrics.MeterRegistry,java.lang.String]",name,1
C:\halo-main\application\src\main\java\run\halo\app\metrics\MeterUtils.java,run.halo.app.metrics.MeterUtils,"totalCommentCounter/2[run.halo.app.metrics.MeterRegistry,java.lang.String]",registry,1
C:\halo-main\application\src\main\java\run\halo\app\metrics\MeterUtils.java,run.halo.app.metrics.MeterUtils,"totalCommentCounter/2[run.halo.app.metrics.MeterRegistry,java.lang.String]",name,1
C:\halo-main\application\src\main\java\run\halo\app\metrics\MeterUtils.java,run.halo.app.metrics.MeterUtils,"nameOf/3[java.lang.String,java.lang.String,java.lang.String]",plural,2
C:\halo-main\application\src\main\java\run\halo\app\metrics\MeterUtils.java,run.halo.app.metrics.MeterUtils,"nameOf/3[java.lang.String,java.lang.String,java.lang.String]",name,2
C:\halo-main\application\src\main\java\run\halo\app\metrics\MeterUtils.java,run.halo.app.metrics.MeterUtils,"nameOf/3[java.lang.String,java.lang.String,java.lang.String]",group,2
C:\halo-main\application\src\main\java\run\halo\app\metrics\MeterUtils.java,run.halo.app.metrics.MeterUtils,"upvoteCounter/2[run.halo.app.metrics.MeterRegistry,java.lang.String]",registry,1
C:\halo-main\application\src\main\java\run\halo\app\metrics\MeterUtils.java,run.halo.app.metrics.MeterUtils,"upvoteCounter/2[run.halo.app.metrics.MeterRegistry,java.lang.String]",name,1
C:\halo-main\application\src\main\java\run\halo\app\metrics\MeterUtils.java,run.halo.app.metrics.MeterUtils,"visitCounter/2[run.halo.app.metrics.MeterRegistry,java.lang.String]",registry,1
C:\halo-main\application\src\main\java\run\halo\app\metrics\MeterUtils.java,run.halo.app.metrics.MeterUtils,"visitCounter/2[run.halo.app.metrics.MeterRegistry,java.lang.String]",name,1
C:\halo-main\application\src\main\java\run\halo\app\metrics\MeterUtils.java,run.halo.app.metrics.MeterUtils,isUpvoteCounter/1[run.halo.app.metrics.Counter],sceneValue,2
C:\halo-main\application\src\main\java\run\halo\app\metrics\MeterUtils.java,run.halo.app.metrics.MeterUtils,isUpvoteCounter/1[run.halo.app.metrics.Counter],counter,1
C:\halo-main\application\src\main\java\run\halo\app\metrics\MeterUtils.java,run.halo.app.metrics.MeterUtils,isDownvoteCounter/1[run.halo.app.metrics.Counter],sceneValue,2
C:\halo-main\application\src\main\java\run\halo\app\metrics\MeterUtils.java,run.halo.app.metrics.MeterUtils,isDownvoteCounter/1[run.halo.app.metrics.Counter],counter,1
C:\halo-main\application\src\main\java\run\halo\app\metrics\MeterUtils.java,run.halo.app.metrics.MeterUtils,"approvedCommentCounter/2[run.halo.app.metrics.MeterRegistry,java.lang.String]",registry,1
C:\halo-main\application\src\main\java\run\halo\app\metrics\MeterUtils.java,run.halo.app.metrics.MeterUtils,"approvedCommentCounter/2[run.halo.app.metrics.MeterRegistry,java.lang.String]",name,1
C:\halo-main\application\src\main\java\run\halo\app\metrics\MeterUtils.java,run.halo.app.metrics.MeterUtils,"counter/3[run.halo.app.metrics.MeterRegistry,java.lang.String,run.halo.app.metrics.Tag[]]",registry,2
C:\halo-main\application\src\main\java\run\halo\app\metrics\MeterUtils.java,run.halo.app.metrics.MeterUtils,"counter/3[run.halo.app.metrics.MeterRegistry,java.lang.String,run.halo.app.metrics.Tag[]]",withTags,2
C:\halo-main\application\src\main\java\run\halo\app\metrics\MeterUtils.java,run.halo.app.metrics.MeterUtils,"counter/3[run.halo.app.metrics.MeterRegistry,java.lang.String,run.halo.app.metrics.Tag[]]",name,2
C:\halo-main\application\src\main\java\run\halo\app\metrics\MeterUtils.java,run.halo.app.metrics.MeterUtils,"counter/3[run.halo.app.metrics.MeterRegistry,java.lang.String,run.halo.app.metrics.Tag[]]",counter,4
C:\halo-main\application\src\main\java\run\halo\app\metrics\MeterUtils.java,run.halo.app.metrics.MeterUtils,"counter/3[run.halo.app.metrics.MeterRegistry,java.lang.String,run.halo.app.metrics.Tag[]]",tags,2
C:\halo-main\application\src\main\java\run\halo\app\metrics\MeterUtils.java,run.halo.app.metrics.MeterUtils,"nameOf/2[java.lang.Class<T>,java.lang.String]",annotation,2
C:\halo-main\application\src\main\java\run\halo\app\metrics\MeterUtils.java,run.halo.app.metrics.MeterUtils,"nameOf/2[java.lang.Class<T>,java.lang.String]",name,1
C:\halo-main\application\src\main\java\run\halo\app\metrics\MeterUtils.java,run.halo.app.metrics.MeterUtils,"nameOf/2[java.lang.Class<T>,java.lang.String]",clazz,1
C:\halo-main\application\src\main\java\run\halo\app\metrics\MeterUtils.java,run.halo.app.metrics.MeterUtils,isTotalCommentCounter/1[run.halo.app.metrics.Counter],sceneValue,2
C:\halo-main\application\src\main\java\run\halo\app\metrics\MeterUtils.java,run.halo.app.metrics.MeterUtils,isTotalCommentCounter/1[run.halo.app.metrics.Counter],counter,1
C:\halo-main\application\src\main\java\run\halo\app\metrics\MeterUtils.java,run.halo.app.metrics.MeterUtils,isApprovedCommentCounter/1[run.halo.app.metrics.Counter],sceneValue,2
C:\halo-main\application\src\main\java\run\halo\app\metrics\MeterUtils.java,run.halo.app.metrics.MeterUtils,isApprovedCommentCounter/1[run.halo.app.metrics.Counter],counter,1
C:\halo-main\application\src\main\java\run\halo\app\plugin\PluginBeforeStopSyncListener.java,run.halo.app.plugin.PluginBeforeStopSyncListener,PluginBeforeStopSyncListener/1[run.halo.app.plugin.ReactiveExtensionClient],client,2
C:\halo-main\application\src\main\java\run\halo\app\plugin\PluginBeforeStopSyncListener.java,run.halo.app.plugin.PluginBeforeStopSyncListener,cleanUpPluginExtensionResources/1[run.halo.app.plugin.PluginApplicationContext],entry,2
C:\halo-main\application\src\main\java\run\halo\app\plugin\PluginBeforeStopSyncListener.java,run.halo.app.plugin.PluginBeforeStopSyncListener,cleanUpPluginExtensionResources/1[run.halo.app.plugin.PluginApplicationContext],extensionName,1
C:\halo-main\application\src\main\java\run\halo\app\plugin\PluginBeforeStopSyncListener.java,run.halo.app.plugin.PluginBeforeStopSyncListener,cleanUpPluginExtensionResources/1[run.halo.app.plugin.PluginApplicationContext],stage,2
C:\halo-main\application\src\main\java\run\halo\app\plugin\PluginBeforeStopSyncListener.java,run.halo.app.plugin.PluginBeforeStopSyncListener,cleanUpPluginExtensionResources/1[run.halo.app.plugin.PluginApplicationContext],unstructured,1
C:\halo-main\application\src\main\java\run\halo\app\plugin\PluginBeforeStopSyncListener.java,run.halo.app.plugin.PluginBeforeStopSyncListener,cleanUpPluginExtensionResources/1[run.halo.app.plugin.PluginApplicationContext],context,1
C:\halo-main\application\src\main\java\run\halo\app\plugin\PluginBeforeStopSyncListener.java,run.halo.app.plugin.PluginBeforeStopSyncListener,cleanUpPluginExtensionResources/1[run.halo.app.plugin.PluginApplicationContext],annotations,2
C:\halo-main\application\src\main\java\run\halo\app\plugin\PluginBeforeStopSyncListener.java,run.halo.app.plugin.PluginBeforeStopSyncListener,cleanUpPluginExtensionResources/1[run.halo.app.plugin.PluginApplicationContext],gvkExtensionNames,1
C:\halo-main\application\src\main\java\run\halo\app\plugin\PluginBeforeStopSyncListener.java,run.halo.app.plugin.PluginBeforeStopSyncListener,onApplicationEvent/1[run.halo.app.plugin.event.HaloPluginBeforeStopEvent],registry,2
C:\halo-main\application\src\main\java\run\halo\app\plugin\PluginBeforeStopSyncListener.java,run.halo.app.plugin.PluginBeforeStopSyncListener,onApplicationEvent/1[run.halo.app.plugin.event.HaloPluginBeforeStopEvent],pluginContext,1
C:\halo-main\application\src\main\java\run\halo\app\plugin\PluginBeforeStopSyncListener.java,run.halo.app.plugin.PluginBeforeStopSyncListener,onApplicationEvent/1[run.halo.app.plugin.event.HaloPluginBeforeStopEvent],pluginWrapper,2
C:\halo-main\application\src\main\java\run\halo\app\plugin\PluginBeforeStopSyncListener.java,run.halo.app.plugin.PluginBeforeStopSyncListener,onApplicationEvent/1[run.halo.app.plugin.event.HaloPluginBeforeStopEvent],event,1
C:\halo-main\application\src\main\java\run\halo\app\theme\dialect\CommentElementTagProcessor.java,run.halo.app.theme.dialect.CommentElementTagProcessor,CommentElementTagProcessor/1[java.lang.String],dialectPrefix,1
C:\halo-main\application\src\main\java\run\halo\app\theme\dialect\CommentElementTagProcessor.java,run.halo.app.theme.dialect.CommentElementTagProcessor,"doProcess/3[run.halo.app.theme.dialect.ITemplateContext,run.halo.app.theme.dialect.IProcessableElementTag,run.halo.app.theme.dialect.IElementTagStructureHandler]",componentsFinder,1
C:\halo-main\application\src\main\java\run\halo\app\theme\dialect\CommentElementTagProcessor.java,run.halo.app.theme.dialect.CommentElementTagProcessor,"doProcess/3[run.halo.app.theme.dialect.ITemplateContext,run.halo.app.theme.dialect.IProcessableElementTag,run.halo.app.theme.dialect.IElementTagStructureHandler]",appCtx,1
C:\halo-main\application\src\main\java\run\halo\app\theme\dialect\CommentElementTagProcessor.java,run.halo.app.theme.dialect.CommentElementTagProcessor,"doProcess/3[run.halo.app.theme.dialect.ITemplateContext,run.halo.app.theme.dialect.IProcessableElementTag,run.halo.app.theme.dialect.IElementTagStructureHandler]",structureHandler,2
C:\halo-main\application\src\main\java\run\halo\app\theme\dialect\CommentElementTagProcessor.java,run.halo.app.theme.dialect.CommentElementTagProcessor,"doProcess/3[run.halo.app.theme.dialect.ITemplateContext,run.halo.app.theme.dialect.IProcessableElementTag,run.halo.app.theme.dialect.IElementTagStructureHandler]",context,2
C:\halo-main\application\src\main\java\run\halo\app\theme\dialect\CommentElementTagProcessor.java,run.halo.app.theme.dialect.CommentElementTagProcessor,"doProcess/3[run.halo.app.theme.dialect.ITemplateContext,run.halo.app.theme.dialect.IProcessableElementTag,run.halo.app.theme.dialect.IElementTagStructureHandler]",tag,1
C:\halo-main\application\src\main\java\run\halo\app\theme\dialect\CommentElementTagProcessor.java,run.halo.app.theme.dialect.CommentElementTagProcessor,"doProcess/3[run.halo.app.theme.dialect.ITemplateContext,run.halo.app.theme.dialect.IProcessableElementTag,run.halo.app.theme.dialect.IElementTagStructureHandler]",commentWidgets,2
C:\halo-main\application\src\test\java\run\halo\app\theme\finders\impl\CommentFinderImplTest.java,run.halo.app.theme.finders.impl.CommentFinderImplTest$ListReplyTest,listWhenUserNotLogin/0,listResult,4
C:\halo-main\application\src\test\java\run\halo\app\theme\finders\impl\CommentFinderImplTest.java,run.halo.app.theme.finders.impl.CommentFinderImplTest$ListReplyTest,listWhenUserLoggedIn/0,listResult,4
C:\halo-main\application\src\test\java\run\halo\app\theme\finders\impl\CommentFinderImplTest.java,run.halo.app.theme.finders.impl.CommentFinderImplTest$ListReplyTest,createReply/0,commentOwner,4
C:\halo-main\application\src\test\java\run\halo\app\theme\finders\impl\CommentFinderImplTest.java,run.halo.app.theme.finders.impl.CommentFinderImplTest$ListReplyTest,createReply/0,reply,9
C:\halo-main\application\src\test\java\run\halo\app\theme\finders\impl\CommentFinderImplTest.java,run.halo.app.theme.finders.impl.CommentFinderImplTest$ListReplyTest,mockWhenListRely/0,predicate,1
C:\halo-main\application\src\test\java\run\halo\app\theme\finders\impl\CommentFinderImplTest.java,run.halo.app.theme.finders.impl.CommentFinderImplTest$ListReplyTest,mockWhenListRely/0,approved,3
C:\halo-main\application\src\test\java\run\halo\app\theme\finders\impl\CommentFinderImplTest.java,run.halo.app.theme.finders.impl.CommentFinderImplTest$ListReplyTest,mockWhenListRely/0,approvedButAnotherOwner,4
C:\halo-main\application\src\test\java\run\halo\app\theme\finders\impl\CommentFinderImplTest.java,run.halo.app.theme.finders.impl.CommentFinderImplTest$ListReplyTest,mockWhenListRely/0,invocation,1
C:\halo-main\application\src\test\java\run\halo\app\theme\finders\impl\CommentFinderImplTest.java,run.halo.app.theme.finders.impl.CommentFinderImplTest$ListReplyTest,mockWhenListRely/0,notApproved,3
C:\halo-main\application\src\test\java\run\halo\app\theme\finders\impl\CommentFinderImplTest.java,run.halo.app.theme.finders.impl.CommentFinderImplTest$ListReplyTest,mockWhenListRely/0,replies,2
C:\halo-main\application\src\test\java\run\halo\app\theme\finders\impl\CommentFinderImplTest.java,run.halo.app.theme.finders.impl.CommentFinderImplTest$ListReplyTest,mockWhenListRely/0,counter,2
C:\halo-main\application\src\test\java\run\halo\app\theme\finders\impl\CommentFinderImplTest.java,run.halo.app.theme.finders.impl.CommentFinderImplTest$ListReplyTest,mockWhenListRely/0,notApprovedAndAnotherOwner,4
C:\halo-main\application\src\test\java\run\halo\app\theme\finders\impl\CommentFinderImplTest.java,run.halo.app.theme.finders.impl.CommentFinderImplTest$ListReplyTest,mockWhenListRely/0,notApprovedWithAnonymous,4
C:\halo-main\application\src\test\java\run\halo\app\theme\finders\impl\CommentFinderImplTest.java,run.halo.app.theme.finders.impl.CommentFinderImplTest$ListReplyTest,mockWhenListRely/0,notApprovedAndAnotherCommentName,4
C:\halo-main\application\src\test\java\run\halo\app\theme\finders\impl\CommentFinderImplTest.java,run.halo.app.theme.finders.impl.CommentFinderImplTest$ListReplyTest,listWhenUserIsAnonymous/0,listResult,3
C:\halo-main\application\src\test\java\run\halo\app\plugin\PluginRequestMappingHandlerMappingTest.java,run.halo.app.plugin.PluginRequestMappingHandlerMappingTest$RequestMappingPredicate,method/1[run.halo.app.plugin.RequestMethod[]],methods,1
C:\halo-main\application\src\test\java\run\halo\app\plugin\PluginRequestMappingHandlerMappingTest.java,run.halo.app.plugin.PluginRequestMappingHandlerMappingTest$RequestMappingPredicate,test/1[java.lang.reflect.Method],method,3
C:\halo-main\application\src\test\java\run\halo\app\plugin\PluginRequestMappingHandlerMappingTest.java,run.halo.app.plugin.PluginRequestMappingHandlerMappingTest$RequestMappingPredicate,test/1[java.lang.reflect.Method],annot,4
C:\halo-main\application\src\test\java\run\halo\app\plugin\PluginRequestMappingHandlerMappingTest.java,run.halo.app.plugin.PluginRequestMappingHandlerMappingTest$RequestMappingPredicate,params/1[java.lang.String[]],params,2
C:\halo-main\application\src\test\java\run\halo\app\plugin\PluginRequestMappingHandlerMappingTest.java,run.halo.app.plugin.PluginRequestMappingHandlerMappingTest$RequestMappingPredicate,RequestMappingPredicate/1[java.lang.String[]],path,2
C:\halo-main\application\src\test\java\run\halo\app\theme\finders\vo\UserVoTest.java,run.halo.app.theme.finders.vo.UserVoTest,fromWhenStatusIsNull/0,user,4
C:\halo-main\application\src\test\java\run\halo\app\theme\finders\vo\UserVoTest.java,run.halo.app.theme.finders.vo.UserVoTest,fromWhenStatusIsNull/0,userVo,1
C:\halo-main\application\src\test\java\run\halo\app\theme\finders\vo\UserVoTest.java,run.halo.app.theme.finders.vo.UserVoTest,from/0,loginHistory,4
C:\halo-main\application\src\test\java\run\halo\app\theme\finders\vo\UserVoTest.java,run.halo.app.theme.finders.vo.UserVoTest,from/0,user,17
C:\halo-main\application\src\test\java\run\halo\app\theme\finders\vo\UserVoTest.java,run.halo.app.theme.finders.vo.UserVoTest,from/0,userVo,1
C:\halo-main\application\src\test\java\run\halo\app\infra\ConditionListTest.java,run.halo.app.infra.ConditionListTest,add/0,conditionList,5
C:\halo-main\application\src\test\java\run\halo\app\infra\ConditionListTest.java,run.halo.app.infra.ConditionListTest,removeLast/0,conditionList,5
C:\halo-main\application\src\test\java\run\halo\app\infra\ConditionListTest.java,run.halo.app.infra.ConditionListTest,removeLast/0,condition,4
C:\halo-main\application\src\test\java\run\halo\app\infra\ConditionListTest.java,run.halo.app.infra.ConditionListTest,deserialization/0,s,1
C:\halo-main\application\src\test\java\run\halo\app\infra\ConditionListTest.java,run.halo.app.infra.ConditionListTest,deserialization/0,conditions,1
C:\halo-main\application\src\test\java\run\halo\app\infra\ConditionListTest.java,run.halo.app.infra.ConditionListTest,addAndEvictFIFO/0,conditionList,8
C:\halo-main\application\src\test\java\run\halo\app\infra\ConditionListTest.java,run.halo.app.infra.ConditionListTest,peek/0,conditionList,3
C:\halo-main\application\src\test\java\run\halo\app\infra\ConditionListTest.java,run.halo.app.infra.ConditionListTest,peek/0,condition,3
C:\halo-main\application\src\test\java\run\halo\app\infra\ConditionListTest.java,run.halo.app.infra.ConditionListTest,peek/0,peek,2
C:\halo-main\application\src\test\java\run\halo\app\infra\ConditionListTest.java,run.halo.app.infra.ConditionListTest,"condition/4[java.lang.String,java.lang.String,java.lang.String,run.halo.app.infra.ConditionStatus]",reason,1
C:\halo-main\application\src\test\java\run\halo\app\infra\ConditionListTest.java,run.halo.app.infra.ConditionListTest,"condition/4[java.lang.String,java.lang.String,java.lang.String,run.halo.app.infra.ConditionStatus]",condition,5
C:\halo-main\application\src\test\java\run\halo\app\infra\ConditionListTest.java,run.halo.app.infra.ConditionListTest,"condition/4[java.lang.String,java.lang.String,java.lang.String,run.halo.app.infra.ConditionStatus]",type,1
C:\halo-main\application\src\test\java\run\halo\app\infra\ConditionListTest.java,run.halo.app.infra.ConditionListTest,"condition/4[java.lang.String,java.lang.String,java.lang.String,run.halo.app.infra.ConditionStatus]",message,1
C:\halo-main\application\src\test\java\run\halo\app\infra\ConditionListTest.java,run.halo.app.infra.ConditionListTest,"condition/4[java.lang.String,java.lang.String,java.lang.String,run.halo.app.infra.ConditionStatus]",status,1
C:\halo-main\application\src\test\java\run\halo\app\infra\ConditionListTest.java,run.halo.app.infra.ConditionListTest,test/0,conditionList,3
C:\halo-main\application\src\test\java\run\halo\app\infra\ConditionListTest.java,run.halo.app.infra.ConditionListTest,test/0,iterator,3
C:\halo-main\application\src\main\java\run\halo\app\extension\router\ExtensionListHandler.java,run.halo.app.extension.router.ExtensionListHandler,handle/1[run.halo.app.extension.router.ServerRequest],request,1
C:\halo-main\application\src\main\java\run\halo\app\extension\router\ExtensionListHandler.java,run.halo.app.extension.router.ExtensionListHandler,handle/1[run.halo.app.extension.router.ServerRequest],listResult,1
C:\halo-main\application\src\main\java\run\halo\app\extension\router\ExtensionListHandler.java,run.halo.app.extension.router.ExtensionListHandler,handle/1[run.halo.app.extension.router.ServerRequest],listRequest,4
C:\halo-main\application\src\main\java\run\halo\app\extension\router\ExtensionListHandler.java,run.halo.app.extension.router.ExtensionListHandler,"ExtensionListHandler/2[run.halo.app.extension.router.Scheme,run.halo.app.extension.router.ReactiveExtensionClient]",scheme,2
C:\halo-main\application\src\main\java\run\halo\app\extension\router\ExtensionListHandler.java,run.halo.app.extension.router.ExtensionListHandler,"ExtensionListHandler/2[run.halo.app.extension.router.Scheme,run.halo.app.extension.router.ReactiveExtensionClient]",client,2
C:\halo-main\application\src\test\java\run\halo\app\infra\exception\handlers\I18nExceptionTest.java,run.halo.app.infra.exception.handlers.I18nExceptionTest$GeneralException,GeneralException/1[java.lang.String],message,1
C:\halo-main\application\src\main\java\run\halo\app\theme\router\ThemeCompositeRouterFunction.java,run.halo.app.theme.router.ThemeCompositeRouterFunction,accept/1[RouterFunctions.Visitor],routerFunction,1
C:\halo-main\application\src\main\java\run\halo\app\theme\router\ThemeCompositeRouterFunction.java,run.halo.app.theme.router.ThemeCompositeRouterFunction,accept/1[RouterFunctions.Visitor],visitor,1
C:\halo-main\application\src\main\java\run\halo\app\theme\router\ThemeCompositeRouterFunction.java,run.halo.app.theme.router.ThemeCompositeRouterFunction,createRouterFunction/1[run.halo.app.theme.router.RoutePattern],routePattern,0
C:\halo-main\application\src\main\java\run\halo\app\theme\router\ThemeCompositeRouterFunction.java,run.halo.app.theme.router.ThemeCompositeRouterFunction,onSchemeInitializedEvent/1[run.halo.app.theme.router.ApplicationEvent],event,0
C:\halo-main\application\src\main\java\run\halo\app\theme\router\ThemeCompositeRouterFunction.java,run.halo.app.theme.router.ThemeCompositeRouterFunction,"RoutePattern/2[run.halo.app.theme.DefaultTemplateEnum,java.lang.String]",identifier,0
C:\halo-main\application\src\main\java\run\halo\app\theme\router\ThemeCompositeRouterFunction.java,run.halo.app.theme.router.ThemeCompositeRouterFunction,"RoutePattern/2[run.halo.app.theme.DefaultTemplateEnum,java.lang.String]",pattern,0
C:\halo-main\application\src\main\java\run\halo\app\theme\router\ThemeCompositeRouterFunction.java,run.halo.app.theme.router.ThemeCompositeRouterFunction,transformedPatterns/0,archives,1
C:\halo-main\application\src\main\java\run\halo\app\theme\router\ThemeCompositeRouterFunction.java,run.halo.app.theme.router.ThemeCompositeRouterFunction,transformedPatterns/0,post,1
C:\halo-main\application\src\main\java\run\halo\app\theme\router\ThemeCompositeRouterFunction.java,run.halo.app.theme.router.ThemeCompositeRouterFunction,transformedPatterns/0,routePatterns,8
C:\halo-main\application\src\main\java\run\halo\app\theme\router\ThemeCompositeRouterFunction.java,run.halo.app.theme.router.ThemeCompositeRouterFunction,transformedPatterns/0,rules,4
C:\halo-main\application\src\main\java\run\halo\app\theme\router\ThemeCompositeRouterFunction.java,run.halo.app.theme.router.ThemeCompositeRouterFunction,transformedPatterns/0,categories,2
C:\halo-main\application\src\main\java\run\halo\app\theme\router\ThemeCompositeRouterFunction.java,run.halo.app.theme.router.ThemeCompositeRouterFunction,transformedPatterns/0,tags,2
C:\halo-main\application\src\main\java\run\halo\app\theme\router\ThemeCompositeRouterFunction.java,run.halo.app.theme.router.ThemeCompositeRouterFunction,route/1[run.halo.app.theme.router.ServerRequest],request,1
C:\halo-main\application\src\main\java\run\halo\app\theme\router\ThemeCompositeRouterFunction.java,run.halo.app.theme.router.ThemeCompositeRouterFunction,route/1[run.halo.app.theme.router.ServerRequest],routerFunction,1
C:\halo-main\application\src\main\java\run\halo\app\security\authentication\login\RsaKeyScheduledGenerator.java,run.halo.app.security.authentication.login.RsaKeyScheduledGenerator,RsaKeyScheduledGenerator/1[run.halo.app.security.authentication.login.CryptoService],cryptoService,2
C:\halo-main\application\src\main\java\run\halo\app\theme\dialect\ContentTemplateHeadProcessor.java,run.halo.app.theme.dialect.ContentTemplateHeadProcessor,isPageTemplate/1[run.halo.app.theme.dialect.ITemplateContext],context,1
C:\halo-main\application\src\main\java\run\halo\app\theme\dialect\ContentTemplateHeadProcessor.java,run.halo.app.theme.dialect.ContentTemplateHeadProcessor,"process/3[run.halo.app.theme.dialect.ITemplateContext,run.halo.app.theme.dialect.IModel,run.halo.app.theme.dialect.IElementModelStructureHandler]",metaHtml,1
C:\halo-main\application\src\main\java\run\halo\app\theme\dialect\ContentTemplateHeadProcessor.java,run.halo.app.theme.dialect.ContentTemplateHeadProcessor,"process/3[run.halo.app.theme.dialect.ITemplateContext,run.halo.app.theme.dialect.IModel,run.halo.app.theme.dialect.IElementModelStructureHandler]",post,1
C:\halo-main\application\src\main\java\run\halo\app\theme\dialect\ContentTemplateHeadProcessor.java,run.halo.app.theme.dialect.ContentTemplateHeadProcessor,"process/3[run.halo.app.theme.dialect.ITemplateContext,run.halo.app.theme.dialect.IModel,run.halo.app.theme.dialect.IElementModelStructureHandler]",htmlMetasMono,3
C:\halo-main\application\src\main\java\run\halo\app\theme\dialect\ContentTemplateHeadProcessor.java,run.halo.app.theme.dialect.ContentTemplateHeadProcessor,"process/3[run.halo.app.theme.dialect.ITemplateContext,run.halo.app.theme.dialect.IModel,run.halo.app.theme.dialect.IElementModelStructureHandler]",structureHandler,0
C:\halo-main\application\src\main\java\run\halo\app\theme\dialect\ContentTemplateHeadProcessor.java,run.halo.app.theme.dialect.ContentTemplateHeadProcessor,"process/3[run.halo.app.theme.dialect.ITemplateContext,run.halo.app.theme.dialect.IModel,run.halo.app.theme.dialect.IElementModelStructureHandler]",htmlMetas,1
C:\halo-main\application\src\main\java\run\halo\app\theme\dialect\ContentTemplateHeadProcessor.java,run.halo.app.theme.dialect.ContentTemplateHeadProcessor,"process/3[run.halo.app.theme.dialect.ITemplateContext,run.halo.app.theme.dialect.IModel,run.halo.app.theme.dialect.IElementModelStructureHandler]",context,4
C:\halo-main\application\src\main\java\run\halo\app\theme\dialect\ContentTemplateHeadProcessor.java,run.halo.app.theme.dialect.ContentTemplateHeadProcessor,"process/3[run.halo.app.theme.dialect.ITemplateContext,run.halo.app.theme.dialect.IModel,run.halo.app.theme.dialect.IElementModelStructureHandler]",model,1
C:\halo-main\application\src\main\java\run\halo\app\theme\dialect\ContentTemplateHeadProcessor.java,run.halo.app.theme.dialect.ContentTemplateHeadProcessor,"process/3[run.halo.app.theme.dialect.ITemplateContext,run.halo.app.theme.dialect.IModel,run.halo.app.theme.dialect.IElementModelStructureHandler]",page,1
C:\halo-main\application\src\main\java\run\halo\app\theme\dialect\ContentTemplateHeadProcessor.java,run.halo.app.theme.dialect.ContentTemplateHeadProcessor,"process/3[run.halo.app.theme.dialect.ITemplateContext,run.halo.app.theme.dialect.IModel,run.halo.app.theme.dialect.IElementModelStructureHandler]",modelFactory,1
C:\halo-main\application\src\main\java\run\halo\app\theme\dialect\ContentTemplateHeadProcessor.java,run.halo.app.theme.dialect.ContentTemplateHeadProcessor,"process/3[run.halo.app.theme.dialect.ITemplateContext,run.halo.app.theme.dialect.IModel,run.halo.app.theme.dialect.IElementModelStructureHandler]",nameMono,2
C:\halo-main\application\src\main\java\run\halo\app\theme\dialect\ContentTemplateHeadProcessor.java,run.halo.app.theme.dialect.ContentTemplateHeadProcessor,isPostTemplate/1[run.halo.app.theme.dialect.ITemplateContext],context,1
C:\halo-main\application\src\main\java\run\halo\app\theme\dialect\ContentTemplateHeadProcessor.java,run.halo.app.theme.dialect.ContentTemplateHeadProcessor,"headMetaBuilder/1[java.util.List<java.util.Map<java.lang.String,java.lang.String>>]",htmlMeta,1
C:\halo-main\application\src\main\java\run\halo\app\theme\dialect\ContentTemplateHeadProcessor.java,run.halo.app.theme.dialect.ContentTemplateHeadProcessor,"headMetaBuilder/1[java.util.List<java.util.Map<java.lang.String,java.lang.String>>]",v,1
C:\halo-main\application\src\main\java\run\halo\app\theme\dialect\ContentTemplateHeadProcessor.java,run.halo.app.theme.dialect.ContentTemplateHeadProcessor,"headMetaBuilder/1[java.util.List<java.util.Map<java.lang.String,java.lang.String>>]",htmlMetas,2
C:\halo-main\application\src\main\java\run\halo\app\theme\dialect\ContentTemplateHeadProcessor.java,run.halo.app.theme.dialect.ContentTemplateHeadProcessor,"headMetaBuilder/1[java.util.List<java.util.Map<java.lang.String,java.lang.String>>]",k,1
C:\halo-main\application\src\main\java\run\halo\app\theme\dialect\ContentTemplateHeadProcessor.java,run.halo.app.theme.dialect.ContentTemplateHeadProcessor,"headMetaBuilder/1[java.util.List<java.util.Map<java.lang.String,java.lang.String>>]",sb,4
C:\halo-main\application\src\main\java\run\halo\app\infra\HaloPropertiesExternalUrlSupplier.java,run.halo.app.infra.HaloPropertiesExternalUrlSupplier,HaloPropertiesExternalUrlSupplier/1[run.halo.app.infra.properties.HaloProperties],haloProperties,2
C:\halo-main\application\src\main\java\run\halo\app\theme\finders\impl\MenuFinderImpl.java,run.halo.app.theme.finders.impl.MenuFinderImpl,listToTree/1[java.util.Collection<run.halo.app.theme.finders.vo.MenuItemVo>],node,2
C:\halo-main\application\src\main\java\run\halo\app\theme\finders\impl\MenuFinderImpl.java,run.halo.app.theme.finders.impl.MenuFinderImpl,listToTree/1[java.util.Collection<run.halo.app.theme.finders.vo.MenuItemVo>],children,1
C:\halo-main\application\src\main\java\run\halo\app\theme\finders\impl\MenuFinderImpl.java,run.halo.app.theme.finders.impl.MenuFinderImpl,listToTree/1[java.util.Collection<run.halo.app.theme.finders.vo.MenuItemVo>],v,1
C:\halo-main\application\src\main\java\run\halo\app\theme\finders\impl\MenuFinderImpl.java,run.halo.app.theme.finders.impl.MenuFinderImpl,listToTree/1[java.util.Collection<run.halo.app.theme.finders.vo.MenuItemVo>],menuItemVo,1
C:\halo-main\application\src\main\java\run\halo\app\theme\finders\impl\MenuFinderImpl.java,run.halo.app.theme.finders.impl.MenuFinderImpl,listToTree/1[java.util.Collection<run.halo.app.theme.finders.vo.MenuItemVo>],list,3
C:\halo-main\application\src\main\java\run\halo\app\theme\finders\impl\MenuFinderImpl.java,run.halo.app.theme.finders.impl.MenuFinderImpl,listToTree/1[java.util.Collection<run.halo.app.theme.finders.vo.MenuItemVo>],parentNameIdentityMap,1
C:\halo-main\application\src\main\java\run\halo\app\theme\finders\impl\MenuFinderImpl.java,run.halo.app.theme.finders.impl.MenuFinderImpl,getPrimary/0,menuVo,1
C:\halo-main\application\src\main\java\run\halo\app\theme\finders\impl\MenuFinderImpl.java,run.halo.app.theme.finders.impl.MenuFinderImpl,getPrimary/0,menuVos,4
C:\halo-main\application\src\main\java\run\halo\app\theme\finders\impl\MenuFinderImpl.java,run.halo.app.theme.finders.impl.MenuFinderImpl,getPrimary/0,primaryConfig,1
C:\halo-main\application\src\main\java\run\halo\app\theme\finders\impl\MenuFinderImpl.java,run.halo.app.theme.finders.impl.MenuFinderImpl,listAsTree/0,item,1
C:\halo-main\application\src\main\java\run\halo\app\theme\finders\impl\MenuFinderImpl.java,run.halo.app.theme.finders.impl.MenuFinderImpl,listAsTree/0,menuItemNames,2
C:\halo-main\application\src\main\java\run\halo\app\theme\finders\impl\MenuFinderImpl.java,run.halo.app.theme.finders.impl.MenuFinderImpl,listAsTree/0,treeList,1
C:\halo-main\application\src\main\java\run\halo\app\theme\finders\impl\MenuFinderImpl.java,run.halo.app.theme.finders.impl.MenuFinderImpl,listAsTree/0,menuItems,1
C:\halo-main\application\src\main\java\run\halo\app\theme\finders\impl\MenuFinderImpl.java,run.halo.app.theme.finders.impl.MenuFinderImpl,listAsTree/0,nameItemRootNodeMap,1
C:\halo-main\application\src\main\java\run\halo\app\theme\finders\impl\MenuFinderImpl.java,run.halo.app.theme.finders.impl.MenuFinderImpl,listAsTree/0,menuVo,3
C:\halo-main\application\src\main\java\run\halo\app\theme\finders\impl\MenuFinderImpl.java,run.halo.app.theme.finders.impl.MenuFinderImpl,listAsTree/0,menuItemVos,1
C:\halo-main\application\src\main\java\run\halo\app\theme\finders\impl\MenuFinderImpl.java,run.halo.app.theme.finders.impl.MenuFinderImpl,defaultTreeNodeComparator/0,createTime,1
C:\halo-main\application\src\main\java\run\halo\app\theme\finders\impl\MenuFinderImpl.java,run.halo.app.theme.finders.impl.MenuFinderImpl,defaultTreeNodeComparator/0,name,1
C:\halo-main\application\src\main\java\run\halo\app\theme\finders\impl\MenuFinderImpl.java,run.halo.app.theme.finders.impl.MenuFinderImpl,defaultTreeNodeComparator/0,priority,1
C:\halo-main\application\src\main\java\run\halo\app\theme\finders\impl\MenuFinderImpl.java,run.halo.app.theme.finders.impl.MenuFinderImpl,defaultTreeNodeComparator/0,menuItem,5
C:\halo-main\application\src\main\java\run\halo\app\theme\finders\impl\MenuFinderImpl.java,run.halo.app.theme.finders.impl.MenuFinderImpl,getByName/1[java.lang.String],name,1
C:\halo-main\application\src\main\java\run\halo\app\theme\finders\impl\MenuFinderImpl.java,run.halo.app.theme.finders.impl.MenuFinderImpl,getByName/1[java.lang.String],menu,1
C:\halo-main\application\src\main\java\run\halo\app\theme\finders\impl\MenuFinderImpl.java,run.halo.app.theme.finders.impl.MenuFinderImpl,populateParentName/1[java.util.List<run.halo.app.theme.finders.vo.MenuItemVo>],nameIdentityMap,3
C:\halo-main\application\src\main\java\run\halo\app\theme\finders\impl\MenuFinderImpl.java,run.halo.app.theme.finders.impl.MenuFinderImpl,populateParentName/1[java.util.List<run.halo.app.theme.finders.vo.MenuItemVo>],children,2
C:\halo-main\application\src\main\java\run\halo\app\theme\finders\impl\MenuFinderImpl.java,run.halo.app.theme.finders.impl.MenuFinderImpl,populateParentName/1[java.util.List<run.halo.app.theme.finders.vo.MenuItemVo>],name,1
C:\halo-main\application\src\main\java\run\halo\app\theme\finders\impl\MenuFinderImpl.java,run.halo.app.theme.finders.impl.MenuFinderImpl,populateParentName/1[java.util.List<run.halo.app.theme.finders.vo.MenuItemVo>],menuItem,1
C:\halo-main\application\src\main\java\run\halo\app\theme\finders\impl\MenuFinderImpl.java,run.halo.app.theme.finders.impl.MenuFinderImpl,populateParentName/1[java.util.List<run.halo.app.theme.finders.vo.MenuItemVo>],value,1
C:\halo-main\application\src\main\java\run\halo\app\theme\finders\impl\MenuFinderImpl.java,run.halo.app.theme.finders.impl.MenuFinderImpl,populateParentName/1[java.util.List<run.halo.app.theme.finders.vo.MenuItemVo>],menuItemVos,1
C:\halo-main\application\src\main\java\run\halo\app\theme\finders\impl\MenuFinderImpl.java,run.halo.app.theme.finders.impl.MenuFinderImpl,populateParentName/1[java.util.List<run.halo.app.theme.finders.vo.MenuItemVo>],child,1
C:\halo-main\application\src\main\java\run\halo\app\theme\finders\impl\MenuFinderImpl.java,run.halo.app.theme.finders.impl.MenuFinderImpl,populateParentName/1[java.util.List<run.halo.app.theme.finders.vo.MenuItemVo>],childNode,2
C:\halo-main\application\src\main\java\run\halo\app\security\authentication\pat\PatAuthenticationManager.java,run.halo.app.security.authentication.pat.PatAuthenticationManager,authenticate/1[run.halo.app.security.authentication.pat.Authentication],authentication,0
C:\halo-main\application\src\test\java\run\halo\app\infra\DefaultSystemVersionSupplierTest.java,run.halo.app.infra.DefaultSystemVersionSupplierTest,getWhenBuildPropertiesButVersionIsNull/0,buildProperties,1
C:\halo-main\application\src\test\java\run\halo\app\infra\DefaultSystemVersionSupplierTest.java,run.halo.app.infra.DefaultSystemVersionSupplierTest,getWhenBuildPropertiesButVersionIsNull/0,version,1
C:\halo-main\application\src\test\java\run\halo\app\infra\DefaultSystemVersionSupplierTest.java,run.halo.app.infra.DefaultSystemVersionSupplierTest,getWhenBuildPropertiesButVersionIsNull/0,properties,1
C:\halo-main\application\src\test\java\run\halo\app\infra\DefaultSystemVersionSupplierTest.java,run.halo.app.infra.DefaultSystemVersionSupplierTest,getWhenBuildPropertiesAndVersionNotEmpty/0,buildProperties,3
C:\halo-main\application\src\test\java\run\halo\app\infra\DefaultSystemVersionSupplierTest.java,run.halo.app.infra.DefaultSystemVersionSupplierTest,getWhenBuildPropertiesAndVersionNotEmpty/0,version,4
C:\halo-main\application\src\test\java\run\halo\app\infra\DefaultSystemVersionSupplierTest.java,run.halo.app.infra.DefaultSystemVersionSupplierTest,getWhenBuildPropertiesAndVersionNotEmpty/0,properties,4
C:\halo-main\application\src\test\java\run\halo\app\infra\DefaultSystemVersionSupplierTest.java,run.halo.app.infra.DefaultSystemVersionSupplierTest,getWhenBuildPropertiesNotSet/0,version,1
C:\halo-main\application\src\main\java\run\halo\app\plugin\ExtensionContextRegistry.java,run.halo.app.plugin.ExtensionContextRegistry,containsContext/1[java.lang.String],pluginId,1
C:\halo-main\application\src\main\java\run\halo\app\plugin\ExtensionContextRegistry.java,run.halo.app.plugin.ExtensionContextRegistry,"register/2[java.lang.String,run.halo.app.plugin.PluginApplicationContext]",pluginId,1
C:\halo-main\application\src\main\java\run\halo\app\plugin\ExtensionContextRegistry.java,run.halo.app.plugin.ExtensionContextRegistry,"register/2[java.lang.String,run.halo.app.plugin.PluginApplicationContext]",context,1
C:\halo-main\application\src\main\java\run\halo\app\plugin\ExtensionContextRegistry.java,run.halo.app.plugin.ExtensionContextRegistry,getByPluginId/1[java.lang.String],pluginId,2
C:\halo-main\application\src\main\java\run\halo\app\plugin\ExtensionContextRegistry.java,run.halo.app.plugin.ExtensionContextRegistry,getByPluginId/1[java.lang.String],context,2
C:\halo-main\application\src\main\java\run\halo\app\plugin\ExtensionContextRegistry.java,run.halo.app.plugin.ExtensionContextRegistry,remove/1[java.lang.String],pluginId,1
C:\halo-main\application\src\main\java\run\halo\app\core\extension\reconciler\PostReconciler.java,run.halo.app.core.extension.reconciler.PostReconciler,setupWith/1[run.halo.app.core.extension.reconciler.ControllerBuilder],builder,1
C:\halo-main\application\src\main\java\run\halo\app\core\extension\reconciler\PostReconciler.java,run.halo.app.core.extension.reconciler.PostReconciler,getExcerpt/1[java.lang.String],shortHtmlContent,1
C:\halo-main\application\src\main\java\run\halo\app\core\extension\reconciler\PostReconciler.java,run.halo.app.core.extension.reconciler.PostReconciler,getExcerpt/1[java.lang.String],text,2
C:\halo-main\application\src\main\java\run\halo\app\core\extension\reconciler\PostReconciler.java,run.halo.app.core.extension.reconciler.PostReconciler,getExcerpt/1[java.lang.String],htmlContent,1
C:\halo-main\application\src\main\java\run\halo\app\core\extension\reconciler\PostReconciler.java,run.halo.app.core.extension.reconciler.PostReconciler,addFinalizerIfNecessary/1[run.halo.app.core.extension.reconciler.Post],oldPost,2
C:\halo-main\application\src\main\java\run\halo\app\core\extension\reconciler\PostReconciler.java,run.halo.app.core.extension.reconciler.PostReconciler,addFinalizerIfNecessary/1[run.halo.app.core.extension.reconciler.Post],finalizers,2
C:\halo-main\application\src\main\java\run\halo\app\core\extension\reconciler\PostReconciler.java,run.halo.app.core.extension.reconciler.PostReconciler,addFinalizerIfNecessary/1[run.halo.app.core.extension.reconciler.Post],post,3
C:\halo-main\application\src\main\java\run\halo\app\core\extension\reconciler\PostReconciler.java,run.halo.app.core.extension.reconciler.PostReconciler,addFinalizerIfNecessary/1[run.halo.app.core.extension.reconciler.Post],newFinalizers,4
C:\halo-main\application\src\main\java\run\halo\app\core\extension\reconciler\PostReconciler.java,run.halo.app.core.extension.reconciler.PostReconciler,cleanUpResources/1[run.halo.app.core.extension.reconciler.Post],ref,2
C:\halo-main\application\src\main\java\run\halo\app\core\extension\reconciler\PostReconciler.java,run.halo.app.core.extension.reconciler.PostReconciler,cleanUpResources/1[run.halo.app.core.extension.reconciler.Post],post,2
C:\halo-main\application\src\main\java\run\halo\app\core\extension\reconciler\PostReconciler.java,run.halo.app.core.extension.reconciler.PostReconciler,cleanUpResources/1[run.halo.app.core.extension.reconciler.Post],comment,1
C:\halo-main\application\src\main\java\run\halo\app\core\extension\reconciler\PostReconciler.java,run.halo.app.core.extension.reconciler.PostReconciler,cleanUpResources/1[run.halo.app.core.extension.reconciler.Post],snapshot,1
C:\halo-main\application\src\main\java\run\halo\app\core\extension\reconciler\PostReconciler.java,run.halo.app.core.extension.reconciler.PostReconciler,reconcileSpec/1[java.lang.String],post,2
C:\halo-main\application\src\main\java\run\halo\app\core\extension\reconciler\PostReconciler.java,run.halo.app.core.extension.reconciler.PostReconciler,reconcileSpec/1[java.lang.String],e,2
C:\halo-main\application\src\main\java\run\halo\app\core\extension\reconciler\PostReconciler.java,run.halo.app.core.extension.reconciler.PostReconciler,reconcileSpec/1[java.lang.String],success,1
C:\halo-main\application\src\main\java\run\halo\app\core\extension\reconciler\PostReconciler.java,run.halo.app.core.extension.reconciler.PostReconciler,reconcileSpec/1[java.lang.String],name,5
C:\halo-main\application\src\main\java\run\halo\app\core\extension\reconciler\PostReconciler.java,run.halo.app.core.extension.reconciler.PostReconciler,unPublishReconcile/1[java.lang.String],oldPost,1
C:\halo-main\application\src\main\java\run\halo\app\core\extension\reconciler\PostReconciler.java,run.halo.app.core.extension.reconciler.PostReconciler,unPublishReconcile/1[java.lang.String],condition,7
C:\halo-main\application\src\main\java\run\halo\app\core\extension\reconciler\PostReconciler.java,run.halo.app.core.extension.reconciler.PostReconciler,unPublishReconcile/1[java.lang.String],post,5
C:\halo-main\application\src\main\java\run\halo\app\core\extension\reconciler\PostReconciler.java,run.halo.app.core.extension.reconciler.PostReconciler,unPublishReconcile/1[java.lang.String],name,2
C:\halo-main\application\src\main\java\run\halo\app\core\extension\reconciler\PostReconciler.java,run.halo.app.core.extension.reconciler.PostReconciler,unPublishReconcile/1[java.lang.String],status,2
C:\halo-main\application\src\main\java\run\halo\app\core\extension\reconciler\PostReconciler.java,run.halo.app.core.extension.reconciler.PostReconciler,reconcileStatus/1[java.lang.String],oldPost,1
C:\halo-main\application\src\main\java\run\halo\app\core\extension\reconciler\PostReconciler.java,run.halo.app.core.extension.reconciler.PostReconciler,reconcileStatus/1[java.lang.String],spec,4
C:\halo-main\application\src\main\java\run\halo\app\core\extension\reconciler\PostReconciler.java,run.halo.app.core.extension.reconciler.PostReconciler,reconcileStatus/1[java.lang.String],content,1
C:\halo-main\application\src\main\java\run\halo\app\core\extension\reconciler\PostReconciler.java,run.halo.app.core.extension.reconciler.PostReconciler,reconcileStatus/1[java.lang.String],contentRevised,1
C:\halo-main\application\src\main\java\run\halo\app\core\extension\reconciler\PostReconciler.java,run.halo.app.core.extension.reconciler.PostReconciler,reconcileStatus/1[java.lang.String],headSnapshot,1
C:\halo-main\application\src\main\java\run\halo\app\core\extension\reconciler\PostReconciler.java,run.halo.app.core.extension.reconciler.PostReconciler,reconcileStatus/1[java.lang.String],ref,1
C:\halo-main\application\src\main\java\run\halo\app\core\extension\reconciler\PostReconciler.java,run.halo.app.core.extension.reconciler.PostReconciler,reconcileStatus/1[java.lang.String],post,12
C:\halo-main\application\src\main\java\run\halo\app\core\extension\reconciler\PostReconciler.java,run.halo.app.core.extension.reconciler.PostReconciler,reconcileStatus/1[java.lang.String],name,2
C:\halo-main\application\src\main\java\run\halo\app\core\extension\reconciler\PostReconciler.java,run.halo.app.core.extension.reconciler.PostReconciler,reconcileStatus/1[java.lang.String],usernames,1
C:\halo-main\application\src\main\java\run\halo\app\core\extension\reconciler\PostReconciler.java,run.halo.app.core.extension.reconciler.PostReconciler,reconcileStatus/1[java.lang.String],contributors,1
C:\halo-main\application\src\main\java\run\halo\app\core\extension\reconciler\PostReconciler.java,run.halo.app.core.extension.reconciler.PostReconciler,reconcileStatus/1[java.lang.String],excerpt,6
C:\halo-main\application\src\main\java\run\halo\app\core\extension\reconciler\PostReconciler.java,run.halo.app.core.extension.reconciler.PostReconciler,reconcileStatus/1[java.lang.String],snapshot,6
C:\halo-main\application\src\main\java\run\halo\app\core\extension\reconciler\PostReconciler.java,run.halo.app.core.extension.reconciler.PostReconciler,reconcileStatus/1[java.lang.String],status,8
C:\halo-main\application\src\main\java\run\halo\app\core\extension\reconciler\PostReconciler.java,run.halo.app.core.extension.reconciler.PostReconciler,reconcileStatus/1[java.lang.String],releasedSnapshot,1
C:\halo-main\application\src\main\java\run\halo\app\core\extension\reconciler\PostReconciler.java,run.halo.app.core.extension.reconciler.PostReconciler,cleanUpResourcesAndRemoveFinalizer/1[java.lang.String],post,4
C:\halo-main\application\src\main\java\run\halo\app\core\extension\reconciler\PostReconciler.java,run.halo.app.core.extension.reconciler.PostReconciler,cleanUpResourcesAndRemoveFinalizer/1[java.lang.String],postName,1
C:\halo-main\application\src\main\java\run\halo\app\core\extension\reconciler\PostReconciler.java,run.halo.app.core.extension.reconciler.PostReconciler,reconcileMetadata/1[java.lang.String],oldPost,1
C:\halo-main\application\src\main\java\run\halo\app\core\extension\reconciler\PostReconciler.java,run.halo.app.core.extension.reconciler.PostReconciler,reconcileMetadata/1[java.lang.String],publishTime,4
C:\halo-main\application\src\main\java\run\halo\app\core\extension\reconciler\PostReconciler.java,run.halo.app.core.extension.reconciler.PostReconciler,reconcileMetadata/1[java.lang.String],post,7
C:\halo-main\application\src\main\java\run\halo\app\core\extension\reconciler\PostReconciler.java,run.halo.app.core.extension.reconciler.PostReconciler,reconcileMetadata/1[java.lang.String],name,2
C:\halo-main\application\src\main\java\run\halo\app\core\extension\reconciler\PostReconciler.java,run.halo.app.core.extension.reconciler.PostReconciler,reconcileMetadata/1[java.lang.String],annotations,1
C:\halo-main\application\src\main\java\run\halo\app\core\extension\reconciler\PostReconciler.java,run.halo.app.core.extension.reconciler.PostReconciler,reconcileMetadata/1[java.lang.String],newPattern,1
C:\halo-main\application\src\main\java\run\halo\app\core\extension\reconciler\PostReconciler.java,run.halo.app.core.extension.reconciler.PostReconciler,reconcileMetadata/1[java.lang.String],spec,3
C:\halo-main\application\src\main\java\run\halo\app\core\extension\reconciler\PostReconciler.java,run.halo.app.core.extension.reconciler.PostReconciler,reconcileMetadata/1[java.lang.String],labels,9
C:\halo-main\application\src\main\java\run\halo\app\core\extension\reconciler\PostReconciler.java,run.halo.app.core.extension.reconciler.PostReconciler,publishPost/1[java.lang.String],condition,3
C:\halo-main\application\src\main\java\run\halo\app\core\extension\reconciler\PostReconciler.java,run.halo.app.core.extension.reconciler.PostReconciler,publishPost/1[java.lang.String],post,11
C:\halo-main\application\src\main\java\run\halo\app\core\extension\reconciler\PostReconciler.java,run.halo.app.core.extension.reconciler.PostReconciler,publishPost/1[java.lang.String],releaseSnapshot,5
C:\halo-main\application\src\main\java\run\halo\app\core\extension\reconciler\PostReconciler.java,run.halo.app.core.extension.reconciler.PostReconciler,publishPost/1[java.lang.String],name,6
C:\halo-main\application\src\main\java\run\halo\app\core\extension\reconciler\PostReconciler.java,run.halo.app.core.extension.reconciler.PostReconciler,publishPost/1[java.lang.String],annotations,2
C:\halo-main\application\src\main\java\run\halo\app\core\extension\reconciler\PostReconciler.java,run.halo.app.core.extension.reconciler.PostReconciler,publishPost/1[java.lang.String],releasedSnapshotOpt,2
C:\halo-main\application\src\main\java\run\halo\app\core\extension\reconciler\PostReconciler.java,run.halo.app.core.extension.reconciler.PostReconciler,publishPost/1[java.lang.String],lastReleasedSnapshot,1
C:\halo-main\application\src\main\java\run\halo\app\core\extension\reconciler\PostReconciler.java,run.halo.app.core.extension.reconciler.PostReconciler,publishPost/1[java.lang.String],status,7
C:\halo-main\application\src\main\java\run\halo\app\core\extension\reconciler\PostReconciler.java,run.halo.app.core.extension.reconciler.PostReconciler,reconcile/1[run.halo.app.core.extension.reconciler.Request],request,5
C:\halo-main\application\src\main\java\run\halo\app\core\extension\reconciler\PostReconciler.java,run.halo.app.core.extension.reconciler.PostReconciler,reconcile/1[run.halo.app.core.extension.reconciler.Request],post,2
C:\halo-main\application\src\main\java\run\halo\app\core\extension\reconciler\PostReconciler.java,run.halo.app.core.extension.reconciler.PostReconciler,"publishFailed/2[java.lang.String,java.lang.Throwable]",phase,2
C:\halo-main\application\src\main\java\run\halo\app\core\extension\reconciler\PostReconciler.java,run.halo.app.core.extension.reconciler.PostReconciler,"publishFailed/2[java.lang.String,java.lang.Throwable]",oldPost,1
C:\halo-main\application\src\main\java\run\halo\app\core\extension\reconciler\PostReconciler.java,run.halo.app.core.extension.reconciler.PostReconciler,"publishFailed/2[java.lang.String,java.lang.Throwable]",condition,1
C:\halo-main\application\src\main\java\run\halo\app\core\extension\reconciler\PostReconciler.java,run.halo.app.core.extension.reconciler.PostReconciler,"publishFailed/2[java.lang.String,java.lang.Throwable]",post,5
C:\halo-main\application\src\main\java\run\halo\app\core\extension\reconciler\PostReconciler.java,run.halo.app.core.extension.reconciler.PostReconciler,"publishFailed/2[java.lang.String,java.lang.Throwable]",name,4
C:\halo-main\application\src\main\java\run\halo\app\core\extension\reconciler\PostReconciler.java,run.halo.app.core.extension.reconciler.PostReconciler,"publishFailed/2[java.lang.String,java.lang.Throwable]",error,2
C:\halo-main\application\src\main\java\run\halo\app\core\extension\reconciler\PostReconciler.java,run.halo.app.core.extension.reconciler.PostReconciler,"publishFailed/2[java.lang.String,java.lang.Throwable]",conditions,1
C:\halo-main\application\src\main\java\run\halo\app\core\extension\reconciler\PostReconciler.java,run.halo.app.core.extension.reconciler.PostReconciler,"publishFailed/2[java.lang.String,java.lang.Throwable]",status,4
C:\halo-main\application\src\main\java\run\halo\app\theme\finders\vo\ListedPostVo.java,run.halo.app.theme.finders.vo.ListedPostVo,from/1[run.halo.app.theme.finders.vo.Post],post,4
C:\halo-main\application\src\main\java\run\halo\app\theme\finders\vo\ListedPostVo.java,run.halo.app.theme.finders.vo.ListedPostVo,from/1[run.halo.app.theme.finders.vo.Post],postStatus,1
C:\halo-main\application\src\main\java\run\halo\app\theme\finders\vo\ListedPostVo.java,run.halo.app.theme.finders.vo.ListedPostVo,from/1[run.halo.app.theme.finders.vo.Post],spec,2
C:\halo-main\application\src\main\java\run\halo\app\infra\utils\FileUtils.java,run.halo.app.infra.utils.FileUtils$Anonymous1,"visitFile/2[java.nio.file.Path,java.nio.file.attribute.BasicFileAttributes]",entry,1
C:\halo-main\application\src\main\java\run\halo\app\infra\utils\FileUtils.java,run.halo.app.infra.utils.FileUtils$Anonymous1,"visitFile/2[java.nio.file.Path,java.nio.file.attribute.BasicFileAttributes]",file,4
C:\halo-main\application\src\main\java\run\halo\app\infra\utils\FileUtils.java,run.halo.app.infra.utils.FileUtils$Anonymous1,"visitFile/2[java.nio.file.Path,java.nio.file.attribute.BasicFileAttributes]",relativePath,1
C:\halo-main\application\src\main\java\run\halo\app\infra\utils\FileUtils.java,run.halo.app.infra.utils.FileUtils$Anonymous1,"visitFile/2[java.nio.file.Path,java.nio.file.attribute.BasicFileAttributes]",attrs,1
C:\halo-main\application\src\test\java\run\halo\app\infra\utils\VersionUtilsTest.java,run.halo.app.infra.utils.VersionUtilsTest,satisfiesRequires/0,result,11
C:\halo-main\application\src\test\java\run\halo\app\infra\utils\VersionUtilsTest.java,run.halo.app.infra.utils.VersionUtilsTest,satisfiesRequires/0,systemVersion,11
C:\halo-main\application\src\test\java\run\halo\app\infra\utils\VersionUtilsTest.java,run.halo.app.infra.utils.VersionUtilsTest,satisfiesRequires/0,requires,11
C:\halo-main\application\src\main\java\run\halo\app\infra\utils\FileUtils.java,run.halo.app.infra.utils.FileUtils$Anonymous2,"visitFile/2[java.nio.file.Path,java.nio.file.attribute.BasicFileAttributes]",entry,1
C:\halo-main\application\src\main\java\run\halo\app\infra\utils\FileUtils.java,run.halo.app.infra.utils.FileUtils$Anonymous2,"visitFile/2[java.nio.file.Path,java.nio.file.attribute.BasicFileAttributes]",file,4
C:\halo-main\application\src\main\java\run\halo\app\infra\utils\FileUtils.java,run.halo.app.infra.utils.FileUtils$Anonymous2,"visitFile/2[java.nio.file.Path,java.nio.file.attribute.BasicFileAttributes]",relativePath,1
C:\halo-main\application\src\main\java\run\halo\app\infra\utils\FileUtils.java,run.halo.app.infra.utils.FileUtils$Anonymous2,"visitFile/2[java.nio.file.Path,java.nio.file.attribute.BasicFileAttributes]",attrs,1
C:\halo-main\application\src\main\java\run\halo\app\metrics\VotedEventReconciler.java,run.halo.app.metrics.VotedEventReconciler,VotedEventReconciler/1[run.halo.app.metrics.ExtensionClient],client,2
C:\halo-main\application\src\main\java\run\halo\app\metrics\VotedEventReconciler.java,run.halo.app.metrics.VotedEventReconciler,reconcile/1[run.halo.app.event.post.VotedEvent],existingVote,3
C:\halo-main\application\src\main\java\run\halo\app\metrics\VotedEventReconciler.java,run.halo.app.metrics.VotedEventReconciler,reconcile/1[run.halo.app.event.post.VotedEvent],counter,9
C:\halo-main\application\src\main\java\run\halo\app\metrics\VotedEventReconciler.java,run.halo.app.metrics.VotedEventReconciler,reconcile/1[run.halo.app.event.post.VotedEvent],votedEvent,7
C:\halo-main\application\src\main\java\run\halo\app\metrics\VotedEventReconciler.java,run.halo.app.metrics.VotedEventReconciler,reconcile/1[run.halo.app.event.post.VotedEvent],counterName,2
C:\halo-main\application\src\main\java\run\halo\app\metrics\VotedEventReconciler.java,run.halo.app.metrics.VotedEventReconciler,setupWith/1[run.halo.app.metrics.ControllerBuilder],builder,0
C:\halo-main\application\src\main\java\run\halo\app\metrics\VisitLogWriter.java,run.halo.app.metrics.VisitLogWriter,log/1[java.lang.String],logMsg,1
C:\halo-main\application\src\main\java\run\halo\app\metrics\VisitLogWriter.java,run.halo.app.metrics.VisitLogWriter,VisitLogWriter/1[run.halo.app.infra.properties.HaloProperties],logsPath,3
C:\halo-main\application\src\main\java\run\halo\app\metrics\VisitLogWriter.java,run.halo.app.metrics.VisitLogWriter,VisitLogWriter/1[run.halo.app.infra.properties.HaloProperties],haloProperties,1
C:\halo-main\application\src\main\java\run\halo\app\metrics\VisitLogWriter.java,run.halo.app.metrics.VisitLogWriter,start/0,e,0
C:\halo-main\application\src\test\java\run\halo\app\content\permalinks\PostPermalinkPolicyTest.java,run.halo.app.content.permalinks.PostPermalinkPolicyTest,permalinkWithExternalUrl/0,post,7
C:\halo-main\application\src\test\java\run\halo\app\content\permalinks\PostPermalinkPolicyTest.java,run.halo.app.content.permalinks.PostPermalinkPolicyTest,permalinkWithExternalUrl/0,now,1
C:\halo-main\application\src\test\java\run\halo\app\content\permalinks\PostPermalinkPolicyTest.java,run.halo.app.content.permalinks.PostPermalinkPolicyTest,permalinkWithExternalUrl/0,annotations,1
C:\halo-main\application\src\test\java\run\halo\app\content\permalinks\PostPermalinkPolicyTest.java,run.halo.app.content.permalinks.PostPermalinkPolicyTest,permalinkWithExternalUrl/0,permalink,5
C:\halo-main\application\src\test\java\run\halo\app\content\permalinks\PostPermalinkPolicyTest.java,run.halo.app.content.permalinks.PostPermalinkPolicyTest,permalink/0,post,11
C:\halo-main\application\src\test\java\run\halo\app\content\permalinks\PostPermalinkPolicyTest.java,run.halo.app.content.permalinks.PostPermalinkPolicyTest,permalink/0,zonedDateTime,3
C:\halo-main\application\src\test\java\run\halo\app\content\permalinks\PostPermalinkPolicyTest.java,run.halo.app.content.permalinks.PostPermalinkPolicyTest,permalink/0,month,2
C:\halo-main\application\src\test\java\run\halo\app\content\permalinks\PostPermalinkPolicyTest.java,run.halo.app.content.permalinks.PostPermalinkPolicyTest,permalink/0,year,1
C:\halo-main\application\src\test\java\run\halo\app\content\permalinks\PostPermalinkPolicyTest.java,run.halo.app.content.permalinks.PostPermalinkPolicyTest,permalink/0,now,3
C:\halo-main\application\src\test\java\run\halo\app\content\permalinks\PostPermalinkPolicyTest.java,run.halo.app.content.permalinks.PostPermalinkPolicyTest,permalink/0,annotations,5
C:\halo-main\application\src\test\java\run\halo\app\content\permalinks\PostPermalinkPolicyTest.java,run.halo.app.content.permalinks.PostPermalinkPolicyTest,permalink/0,permalink,14
C:\halo-main\application\src\test\java\run\halo\app\content\permalinks\PostPermalinkPolicyTest.java,run.halo.app.content.permalinks.PostPermalinkPolicyTest,permalink/0,day,2
C:\halo-main\application\src\main\java\run\halo\app\content\comment\CommentRequest.java,run.halo.app.content.comment.CommentRequest,toComment/0,comment,4
C:\halo-main\application\src\main\java\run\halo\app\content\comment\CommentRequest.java,run.halo.app.content.comment.CommentRequest,toComment/0,spec,6
C:\halo-main\application\src\test\java\run\halo\app\security\authentication\WebExchangeMatchersTest.java,run.halo.app.security.authentication.WebExchangeMatchersTest,"assertion/3[java.util.Set<run.halo.app.security.authentication.MediaType>,java.util.Set<run.halo.app.security.authentication.MediaType>,boolean]",request,1
C:\halo-main\application\src\test\java\run\halo\app\security\authentication\WebExchangeMatchersTest.java,run.halo.app.security.authentication.WebExchangeMatchersTest,"assertion/3[java.util.Set<run.halo.app.security.authentication.MediaType>,java.util.Set<run.halo.app.security.authentication.MediaType>,boolean]",matchingMediaTypes,1
C:\halo-main\application\src\test\java\run\halo\app\security\authentication\WebExchangeMatchersTest.java,run.halo.app.security.authentication.WebExchangeMatchersTest,"assertion/3[java.util.Set<run.halo.app.security.authentication.MediaType>,java.util.Set<run.halo.app.security.authentication.MediaType>,boolean]",acceptMediaTypes,1
C:\halo-main\application\src\test\java\run\halo\app\security\authentication\WebExchangeMatchersTest.java,run.halo.app.security.authentication.WebExchangeMatchersTest,"assertion/3[java.util.Set<run.halo.app.security.authentication.MediaType>,java.util.Set<run.halo.app.security.authentication.MediaType>,boolean]",matchResult,1
C:\halo-main\application\src\test\java\run\halo\app\security\authentication\WebExchangeMatchersTest.java,run.halo.app.security.authentication.WebExchangeMatchersTest,"assertion/3[java.util.Set<run.halo.app.security.authentication.MediaType>,java.util.Set<run.halo.app.security.authentication.MediaType>,boolean]",expectMatch,1
C:\halo-main\application\src\test\java\run\halo\app\security\authentication\WebExchangeMatchersTest.java,run.halo.app.security.authentication.WebExchangeMatchersTest,"assertion/3[java.util.Set<run.halo.app.security.authentication.MediaType>,java.util.Set<run.halo.app.security.authentication.MediaType>,boolean]",webExchange,1
C:\halo-main\application\src\test\java\run\halo\app\security\authentication\WebExchangeMatchersTest.java,run.halo.app.security.authentication.WebExchangeMatchersTest,"assertion/3[java.util.Set<run.halo.app.security.authentication.MediaType>,java.util.Set<run.halo.app.security.authentication.MediaType>,boolean]",matcher,1
C:\halo-main\application\src\main\java\run\halo\app\core\extension\endpoint\PluginEndpoint.java,run.halo.app.core.extension.endpoint.PluginEndpoint,resetSettingConfig/1[run.halo.app.core.extension.endpoint.ServerRequest],request,1
C:\halo-main\application\src\main\java\run\halo\app\core\extension\endpoint\PluginEndpoint.java,run.halo.app.core.extension.endpoint.PluginEndpoint,resetSettingConfig/1[run.halo.app.core.extension.endpoint.ServerRequest],plugin,4
C:\halo-main\application\src\main\java\run\halo\app\core\extension\endpoint\PluginEndpoint.java,run.halo.app.core.extension.endpoint.PluginEndpoint,resetSettingConfig/1[run.halo.app.core.extension.endpoint.ServerRequest],data,1
C:\halo-main\application\src\main\java\run\halo\app\core\extension\endpoint\PluginEndpoint.java,run.halo.app.core.extension.endpoint.PluginEndpoint,resetSettingConfig/1[run.halo.app.core.extension.endpoint.ServerRequest],configMap,1
C:\halo-main\application\src\main\java\run\halo\app\core\extension\endpoint\PluginEndpoint.java,run.halo.app.core.extension.endpoint.PluginEndpoint,resetSettingConfig/1[run.halo.app.core.extension.endpoint.ServerRequest],name,1
C:\halo-main\application\src\main\java\run\halo\app\core\extension\endpoint\PluginEndpoint.java,run.halo.app.core.extension.endpoint.PluginEndpoint,resetSettingConfig/1[run.halo.app.core.extension.endpoint.ServerRequest],configMapName,1
C:\halo-main\application\src\main\java\run\halo\app\core\extension\endpoint\PluginEndpoint.java,run.halo.app.core.extension.endpoint.PluginEndpoint,resetSettingConfig/1[run.halo.app.core.extension.endpoint.ServerRequest],settingName,1
C:\halo-main\application\src\main\java\run\halo\app\core\extension\endpoint\PluginEndpoint.java,run.halo.app.core.extension.endpoint.PluginEndpoint,"updateConfigMapData/2[java.lang.String,java.util.Map<java.lang.String,java.lang.String>]",data,1
C:\halo-main\application\src\main\java\run\halo\app\core\extension\endpoint\PluginEndpoint.java,run.halo.app.core.extension.endpoint.PluginEndpoint,"updateConfigMapData/2[java.lang.String,java.util.Map<java.lang.String,java.lang.String>]",t,1
C:\halo-main\application\src\main\java\run\halo\app\core\extension\endpoint\PluginEndpoint.java,run.halo.app.core.extension.endpoint.PluginEndpoint,"updateConfigMapData/2[java.lang.String,java.util.Map<java.lang.String,java.lang.String>]",configMap,2
C:\halo-main\application\src\main\java\run\halo\app\core\extension\endpoint\PluginEndpoint.java,run.halo.app.core.extension.endpoint.PluginEndpoint,"updateConfigMapData/2[java.lang.String,java.util.Map<java.lang.String,java.lang.String>]",configMapName,1
C:\halo-main\application\src\main\java\run\halo\app\core\extension\endpoint\PluginEndpoint.java,run.halo.app.core.extension.endpoint.PluginEndpoint,fetchPluginSetting/1[run.halo.app.core.extension.endpoint.ServerRequest],request,1
C:\halo-main\application\src\main\java\run\halo\app\core\extension\endpoint\PluginEndpoint.java,run.halo.app.core.extension.endpoint.PluginEndpoint,fetchPluginSetting/1[run.halo.app.core.extension.endpoint.ServerRequest],plugin,1
C:\halo-main\application\src\main\java\run\halo\app\core\extension\endpoint\PluginEndpoint.java,run.halo.app.core.extension.endpoint.PluginEndpoint,fetchPluginSetting/1[run.halo.app.core.extension.endpoint.ServerRequest],name,1
C:\halo-main\application\src\main\java\run\halo\app\core\extension\endpoint\PluginEndpoint.java,run.halo.app.core.extension.endpoint.PluginEndpoint,fetchPluginSetting/1[run.halo.app.core.extension.endpoint.ServerRequest],settingName,1
C:\halo-main\application\src\main\java\run\halo\app\core\extension\endpoint\PluginEndpoint.java,run.halo.app.core.extension.endpoint.PluginEndpoint,fetchPluginSetting/1[run.halo.app.core.extension.endpoint.ServerRequest],setting,1
C:\halo-main\application\src\main\java\run\halo\app\core\extension\endpoint\PluginEndpoint.java,run.halo.app.core.extension.endpoint.PluginEndpoint,upgrade/1[run.halo.app.core.extension.endpoint.ServerRequest],request,2
C:\halo-main\application\src\main\java\run\halo\app\core\extension\endpoint\PluginEndpoint.java,run.halo.app.core.extension.endpoint.PluginEndpoint,upgrade/1[run.halo.app.core.extension.endpoint.ServerRequest],path,3
C:\halo-main\application\src\main\java\run\halo\app\core\extension\endpoint\PluginEndpoint.java,run.halo.app.core.extension.endpoint.PluginEndpoint,upgrade/1[run.halo.app.core.extension.endpoint.ServerRequest],pluginName,2
C:\halo-main\application\src\main\java\run\halo\app\core\extension\endpoint\PluginEndpoint.java,run.halo.app.core.extension.endpoint.PluginEndpoint,upgrade/1[run.halo.app.core.extension.endpoint.ServerRequest],upgradedPlugin,1
C:\halo-main\application\src\main\java\run\halo\app\core\extension\endpoint\PluginEndpoint.java,run.halo.app.core.extension.endpoint.PluginEndpoint,upgrade/1[run.halo.app.core.extension.endpoint.ServerRequest],source,3
C:\halo-main\application\src\main\java\run\halo\app\core\extension\endpoint\PluginEndpoint.java,run.halo.app.core.extension.endpoint.PluginEndpoint,upgrade/1[run.halo.app.core.extension.endpoint.ServerRequest],installRequest,3
C:\halo-main\application\src\main\java\run\halo\app\core\extension\endpoint\PluginEndpoint.java,run.halo.app.core.extension.endpoint.PluginEndpoint,updatePluginConfig/1[run.halo.app.core.extension.endpoint.ServerRequest],configMapNameToUpdate,1
C:\halo-main\application\src\main\java\run\halo\app\core\extension\endpoint\PluginEndpoint.java,run.halo.app.core.extension.endpoint.PluginEndpoint,updatePluginConfig/1[run.halo.app.core.extension.endpoint.ServerRequest],request,2
C:\halo-main\application\src\main\java\run\halo\app\core\extension\endpoint\PluginEndpoint.java,run.halo.app.core.extension.endpoint.PluginEndpoint,updatePluginConfig/1[run.halo.app.core.extension.endpoint.ServerRequest],plugin,3
C:\halo-main\application\src\main\java\run\halo\app\core\extension\endpoint\PluginEndpoint.java,run.halo.app.core.extension.endpoint.PluginEndpoint,updatePluginConfig/1[run.halo.app.core.extension.endpoint.ServerRequest],pluginName,1
C:\halo-main\application\src\main\java\run\halo\app\core\extension\endpoint\PluginEndpoint.java,run.halo.app.core.extension.endpoint.PluginEndpoint,updatePluginConfig/1[run.halo.app.core.extension.endpoint.ServerRequest],configMap,1
C:\halo-main\application\src\main\java\run\halo\app\core\extension\endpoint\PluginEndpoint.java,run.halo.app.core.extension.endpoint.PluginEndpoint,updatePluginConfig/1[run.halo.app.core.extension.endpoint.ServerRequest],configMapToUpdate,5
C:\halo-main\application\src\main\java\run\halo\app\core\extension\endpoint\PluginEndpoint.java,run.halo.app.core.extension.endpoint.PluginEndpoint,updatePluginConfig/1[run.halo.app.core.extension.endpoint.ServerRequest],persisted,1
C:\halo-main\application\src\main\java\run\halo\app\core\extension\endpoint\PluginEndpoint.java,run.halo.app.core.extension.endpoint.PluginEndpoint,updatePluginConfig/1[run.halo.app.core.extension.endpoint.ServerRequest],configMapName,4
C:\halo-main\application\src\main\java\run\halo\app\core\extension\endpoint\PluginEndpoint.java,run.halo.app.core.extension.endpoint.PluginEndpoint,install/1[run.halo.app.core.extension.endpoint.ServerRequest],request,1
C:\halo-main\application\src\main\java\run\halo\app\core\extension\endpoint\PluginEndpoint.java,run.halo.app.core.extension.endpoint.PluginEndpoint,install/1[run.halo.app.core.extension.endpoint.ServerRequest],plugin,1
C:\halo-main\application\src\main\java\run\halo\app\core\extension\endpoint\PluginEndpoint.java,run.halo.app.core.extension.endpoint.PluginEndpoint,install/1[run.halo.app.core.extension.endpoint.ServerRequest],source,3
C:\halo-main\application\src\main\java\run\halo\app\core\extension\endpoint\PluginEndpoint.java,run.halo.app.core.extension.endpoint.PluginEndpoint,install/1[run.halo.app.core.extension.endpoint.ServerRequest],installRequest,3
C:\halo-main\application\src\main\java\run\halo\app\core\extension\endpoint\PluginEndpoint.java,run.halo.app.core.extension.endpoint.PluginEndpoint,transferToTemp/1[run.halo.app.core.extension.endpoint.FilePart],path,2
C:\halo-main\application\src\main\java\run\halo\app\core\extension\endpoint\PluginEndpoint.java,run.halo.app.core.extension.endpoint.PluginEndpoint,transferToTemp/1[run.halo.app.core.extension.endpoint.FilePart],filePart,1
C:\halo-main\application\src\main\java\run\halo\app\core\extension\endpoint\PluginEndpoint.java,run.halo.app.core.extension.endpoint.PluginEndpoint,list/1[run.halo.app.core.extension.endpoint.ServerRequest],request,1
C:\halo-main\application\src\main\java\run\halo\app\core\extension\endpoint\PluginEndpoint.java,run.halo.app.core.extension.endpoint.PluginEndpoint,list/1[run.halo.app.core.extension.endpoint.ServerRequest],predicate,1
C:\halo-main\application\src\main\java\run\halo\app\core\extension\endpoint\PluginEndpoint.java,run.halo.app.core.extension.endpoint.PluginEndpoint,list/1[run.halo.app.core.extension.endpoint.ServerRequest],comparator,1
C:\halo-main\application\src\main\java\run\halo\app\core\extension\endpoint\PluginEndpoint.java,run.halo.app.core.extension.endpoint.PluginEndpoint,list/1[run.halo.app.core.extension.endpoint.ServerRequest],listResult,1
C:\halo-main\application\src\main\java\run\halo\app\core\extension\endpoint\PluginEndpoint.java,run.halo.app.core.extension.endpoint.PluginEndpoint,list/1[run.halo.app.core.extension.endpoint.ServerRequest],listRequest,4
C:\halo-main\application\src\main\java\run\halo\app\core\extension\endpoint\PluginEndpoint.java,run.halo.app.core.extension.endpoint.PluginEndpoint,deleteFileIfExists/1[java.nio.file.Path],path,2
C:\halo-main\application\src\main\java\run\halo\app\core\extension\endpoint\PluginEndpoint.java,run.halo.app.core.extension.endpoint.PluginEndpoint,deleteFileIfExists/1[java.nio.file.Path],e,1
C:\halo-main\application\src\main\java\run\halo\app\core\extension\endpoint\PluginEndpoint.java,run.halo.app.core.extension.endpoint.PluginEndpoint,"installFromFile/2[run.halo.app.core.extension.endpoint.Mono<run.halo.app.core.extension.endpoint.FilePart>,java.util.function.Function<java.nio.file.Path,run.halo.app.core.extension.endpoint.Mono<run.halo.app.core.extension.endpoint.Plugin>>]",resourceClosure,1
C:\halo-main\application\src\main\java\run\halo\app\core\extension\endpoint\PluginEndpoint.java,run.halo.app.core.extension.endpoint.PluginEndpoint,"installFromFile/2[run.halo.app.core.extension.endpoint.Mono<run.halo.app.core.extension.endpoint.FilePart>,java.util.function.Function<java.nio.file.Path,run.halo.app.core.extension.endpoint.Mono<run.halo.app.core.extension.endpoint.Plugin>>]",filePartMono,1
C:\halo-main\application\src\main\java\run\halo\app\core\extension\endpoint\PluginEndpoint.java,run.halo.app.core.extension.endpoint.PluginEndpoint,"installFromFile/2[run.halo.app.core.extension.endpoint.Mono<run.halo.app.core.extension.endpoint.FilePart>,java.util.function.Function<java.nio.file.Path,run.halo.app.core.extension.endpoint.Mono<run.halo.app.core.extension.endpoint.Plugin>>]",pathMono,1
C:\halo-main\application\src\main\java\run\halo\app\core\extension\endpoint\PluginEndpoint.java,run.halo.app.core.extension.endpoint.PluginEndpoint,fetchPluginConfig/1[run.halo.app.core.extension.endpoint.ServerRequest],request,1
C:\halo-main\application\src\main\java\run\halo\app\core\extension\endpoint\PluginEndpoint.java,run.halo.app.core.extension.endpoint.PluginEndpoint,fetchPluginConfig/1[run.halo.app.core.extension.endpoint.ServerRequest],plugin,1
C:\halo-main\application\src\main\java\run\halo\app\core\extension\endpoint\PluginEndpoint.java,run.halo.app.core.extension.endpoint.PluginEndpoint,fetchPluginConfig/1[run.halo.app.core.extension.endpoint.ServerRequest],configMap,1
C:\halo-main\application\src\main\java\run\halo\app\core\extension\endpoint\PluginEndpoint.java,run.halo.app.core.extension.endpoint.PluginEndpoint,fetchPluginConfig/1[run.halo.app.core.extension.endpoint.ServerRequest],name,1
C:\halo-main\application\src\main\java\run\halo\app\core\extension\endpoint\PluginEndpoint.java,run.halo.app.core.extension.endpoint.PluginEndpoint,fetchPluginConfig/1[run.halo.app.core.extension.endpoint.ServerRequest],configMapName,1
C:\halo-main\application\src\main\java\run\halo\app\core\extension\endpoint\PluginEndpoint.java,run.halo.app.core.extension.endpoint.PluginEndpoint,endpoint/0,builder,16
C:\halo-main\application\src\main\java\run\halo\app\core\extension\endpoint\PluginEndpoint.java,run.halo.app.core.extension.endpoint.PluginEndpoint,endpoint/0,tag,16
C:\halo-main\application\src\main\java\run\halo\app\core\extension\endpoint\PluginEndpoint.java,run.halo.app.core.extension.endpoint.PluginEndpoint,listPresets/1[run.halo.app.core.extension.endpoint.ServerRequest],request,0
C:\halo-main\application\src\main\java\run\halo\app\core\extension\endpoint\PluginEndpoint.java,run.halo.app.core.extension.endpoint.PluginEndpoint,"installFromPreset/2[run.halo.app.core.extension.endpoint.Mono<java.lang.String>,java.util.function.Function<java.nio.file.Path,run.halo.app.core.extension.endpoint.Mono<run.halo.app.core.extension.endpoint.Plugin>>]",resourceClosure,1
C:\halo-main\application\src\main\java\run\halo\app\core\extension\endpoint\PluginEndpoint.java,run.halo.app.core.extension.endpoint.PluginEndpoint,"installFromPreset/2[run.halo.app.core.extension.endpoint.Mono<java.lang.String>,java.util.function.Function<java.nio.file.Path,run.halo.app.core.extension.endpoint.Mono<run.halo.app.core.extension.endpoint.Plugin>>]",presetNameMono,1
C:\halo-main\application\src\main\java\run\halo\app\core\extension\endpoint\PluginEndpoint.java,run.halo.app.core.extension.endpoint.PluginEndpoint,"installFromPreset/2[run.halo.app.core.extension.endpoint.Mono<java.lang.String>,java.util.function.Function<java.nio.file.Path,run.halo.app.core.extension.endpoint.Mono<run.halo.app.core.extension.endpoint.Plugin>>]",pluginPreset,1
C:\halo-main\application\src\main\java\run\halo\app\theme\ThemeResolver.java,run.halo.app.theme.ThemeResolver,getThemeContext/1[java.lang.String],path,2
C:\halo-main\application\src\main\java\run\halo\app\theme\ThemeResolver.java,run.halo.app.theme.ThemeResolver,getThemeContext/1[java.lang.String],themeName,4
C:\halo-main\application\src\main\java\run\halo\app\theme\ThemeResolver.java,run.halo.app.theme.ThemeResolver,getThemeContext/1[java.lang.String],activatedTheme,1
C:\halo-main\application\src\main\java\run\halo\app\theme\ThemeResolver.java,run.halo.app.theme.ThemeResolver,getThemeContext/1[java.lang.String],builder,2
C:\halo-main\application\src\main\java\run\halo\app\theme\ThemeResolver.java,run.halo.app.theme.ThemeResolver,getThemeContext/1[java.lang.String],active,3
C:\halo-main\application\src\main\java\run\halo\app\theme\ThemeResolver.java,run.halo.app.theme.ThemeResolver,fetchThemeFromExchange/1[run.halo.app.theme.ServerWebExchange],exchange,1
C:\halo-main\application\src\main\java\run\halo\app\theme\ThemeResolver.java,run.halo.app.theme.ThemeResolver,fetchThemeFromExchange/1[run.halo.app.theme.ServerWebExchange],attrs,3
C:\halo-main\application\src\main\java\run\halo\app\theme\ThemeResolver.java,run.halo.app.theme.ThemeResolver,getTheme/1[run.halo.app.theme.ServerWebExchange],path,2
C:\halo-main\application\src\main\java\run\halo\app\theme\ThemeResolver.java,run.halo.app.theme.ThemeResolver,getTheme/1[run.halo.app.theme.ServerWebExchange],themeName,5
C:\halo-main\application\src\main\java\run\halo\app\theme\ThemeResolver.java,run.halo.app.theme.ThemeResolver,getTheme/1[run.halo.app.theme.ServerWebExchange],activatedTheme,2
C:\halo-main\application\src\main\java\run\halo\app\theme\ThemeResolver.java,run.halo.app.theme.ThemeResolver,getTheme/1[run.halo.app.theme.ServerWebExchange],builder,2
C:\halo-main\application\src\main\java\run\halo\app\theme\ThemeResolver.java,run.halo.app.theme.ThemeResolver,getTheme/1[run.halo.app.theme.ServerWebExchange],active,2
C:\halo-main\application\src\main\java\run\halo\app\theme\ThemeResolver.java,run.halo.app.theme.ThemeResolver,getTheme/1[run.halo.app.theme.ServerWebExchange],exchange,3
C:\halo-main\application\src\main\java\run\halo\app\theme\ThemeResolver.java,run.halo.app.theme.ThemeResolver,getTheme/1[run.halo.app.theme.ServerWebExchange],themeContext,1
C:\halo-main\application\src\test\java\run\halo\app\infra\SystemSettingTest.java,run.halo.app.infra.SystemSettingTest$ExtensionPointEnabledTest,deserializeTest/0,json,1
C:\halo-main\application\src\test\java\run\halo\app\infra\SystemSettingTest.java,run.halo.app.infra.SystemSettingTest$ExtensionPointEnabledTest,deserializeTest/0,enabled,1
C:\halo-main\application\src\test\java\run\halo\app\theme\endpoint\PublicUserEndpointTest.java,run.halo.app.theme.endpoint.PublicUserEndpointTest,signUp/0,user,7
C:\halo-main\application\src\test\java\run\halo\app\extension\router\ExtensionCompositeRouterFunctionTest.java,run.halo.app.extension.router.ExtensionCompositeRouterFunctionTest,shouldRouteWhenSchemeRegistered/0,request,2
C:\halo-main\application\src\test\java\run\halo\app\extension\router\ExtensionCompositeRouterFunctionTest.java,run.halo.app.extension.router.ExtensionCompositeRouterFunctionTest,shouldRouteWhenSchemeRegistered/0,messageReaders,2
C:\halo-main\application\src\test\java\run\halo\app\extension\router\ExtensionCompositeRouterFunctionTest.java,run.halo.app.extension.router.ExtensionCompositeRouterFunctionTest,shouldRouteWhenSchemeRegistered/0,handlerFunc,3
C:\halo-main\application\src\test\java\run\halo\app\extension\router\ExtensionCompositeRouterFunctionTest.java,run.halo.app.extension.router.ExtensionCompositeRouterFunctionTest,shouldRouteWhenSchemeRegistered/0,exchange,1
C:\halo-main\application\src\test\java\run\halo\app\extension\router\ExtensionCompositeRouterFunctionTest.java,run.halo.app.extension.router.ExtensionCompositeRouterFunctionTest,shouldRouteWhenSchemeRegistered/0,extensionRouterFunc,3
C:\halo-main\application\src\test\java\run\halo\app\extension\router\ExtensionCompositeRouterFunctionTest.java,run.halo.app.extension.router.ExtensionCompositeRouterFunctionTest,shouldRegisterWatcherIfWatcherManagerIsNotNull/0,routerFunction,1
C:\halo-main\application\src\test\java\run\halo\app\extension\router\ExtensionCompositeRouterFunctionTest.java,run.halo.app.extension.router.ExtensionCompositeRouterFunctionTest,shouldRegisterWatcherIfWatcherManagerIsNotNull/0,watcherManager,2
C:\halo-main\application\src\test\java\run\halo\app\extension\router\ExtensionCompositeRouterFunctionTest.java,run.halo.app.extension.router.ExtensionCompositeRouterFunctionTest,shouldNotRouteWhenSchemeUnregistered/0,request,2
C:\halo-main\application\src\test\java\run\halo\app\extension\router\ExtensionCompositeRouterFunctionTest.java,run.halo.app.extension.router.ExtensionCompositeRouterFunctionTest,shouldNotRouteWhenSchemeUnregistered/0,messageReaders,2
C:\halo-main\application\src\test\java\run\halo\app\extension\router\ExtensionCompositeRouterFunctionTest.java,run.halo.app.extension.router.ExtensionCompositeRouterFunctionTest,shouldNotRouteWhenSchemeUnregistered/0,handlerFunc,3
C:\halo-main\application\src\test\java\run\halo\app\extension\router\ExtensionCompositeRouterFunctionTest.java,run.halo.app.extension.router.ExtensionCompositeRouterFunctionTest,shouldNotRouteWhenSchemeUnregistered/0,exchange,1
C:\halo-main\application\src\test\java\run\halo\app\extension\router\ExtensionCompositeRouterFunctionTest.java,run.halo.app.extension.router.ExtensionCompositeRouterFunctionTest,shouldNotRouteWhenSchemeUnregistered/0,extensionRouterFunc,4
C:\halo-main\application\src\main\java\run\halo\app\content\SinglePageService.java,run.halo.app.content.SinglePageService,draft/1[run.halo.app.content.SinglePageRequest],pageRequest,0
C:\halo-main\application\src\main\java\run\halo\app\content\SinglePageService.java,run.halo.app.content.SinglePageService,getHeadContent/1[java.lang.String],singlePageName,0
C:\halo-main\application\src\main\java\run\halo\app\content\SinglePageService.java,run.halo.app.content.SinglePageService,update/1[run.halo.app.content.SinglePageRequest],pageRequest,0
C:\halo-main\application\src\main\java\run\halo\app\content\SinglePageService.java,run.halo.app.content.SinglePageService,"getContent/2[java.lang.String,java.lang.String]",snapshotName,0
C:\halo-main\application\src\main\java\run\halo\app\content\SinglePageService.java,run.halo.app.content.SinglePageService,"getContent/2[java.lang.String,java.lang.String]",baseSnapshotName,0
C:\halo-main\application\src\main\java\run\halo\app\content\SinglePageService.java,run.halo.app.content.SinglePageService,getReleaseContent/1[java.lang.String],singlePageName,0
C:\halo-main\application\src\main\java\run\halo\app\content\SinglePageService.java,run.halo.app.content.SinglePageService,list/1[run.halo.app.content.SinglePageQuery],listRequest,0
C:\halo-main\application\src\test\java\run\halo\app\extension\router\PathPatternGeneratorTest.java,run.halo.app.extension.router.PathPatternGeneratorTest,buildGroupedExtensionPathPattern/0,scheme,1
C:\halo-main\application\src\test\java\run\halo\app\extension\router\PathPatternGeneratorTest.java,run.halo.app.extension.router.PathPatternGeneratorTest,buildGroupedExtensionPathPattern/0,pathPattern,1
C:\halo-main\application\src\test\java\run\halo\app\extension\router\PathPatternGeneratorTest.java,run.halo.app.extension.router.PathPatternGeneratorTest,buildGrouplessExtensionPathPattern/0,scheme,1
C:\halo-main\application\src\test\java\run\halo\app\extension\router\PathPatternGeneratorTest.java,run.halo.app.extension.router.PathPatternGeneratorTest,buildGrouplessExtensionPathPattern/0,pathPattern,1
C:\halo-main\application\src\main\java\run\halo\app\theme\finders\MenuFinder.java,run.halo.app.theme.finders.MenuFinder,getByName/1[java.lang.String],name,0
C:\halo-main\application\src\main\java\run\halo\app\infra\utils\DataBufferUtils.java,run.halo.app.infra.utils.DataBufferUtils,toInputStream/1[run.halo.app.infra.utils.Flux<run.halo.app.infra.utils.DataBuffer>],ignored,0
C:\halo-main\application\src\main\java\run\halo\app\infra\utils\DataBufferUtils.java,run.halo.app.infra.utils.DataBufferUtils,toInputStream/1[run.halo.app.infra.utils.Flux<run.halo.app.infra.utils.DataBuffer>],pos,3
C:\halo-main\application\src\main\java\run\halo\app\infra\utils\DataBufferUtils.java,run.halo.app.infra.utils.DataBufferUtils,toInputStream/1[run.halo.app.infra.utils.Flux<run.halo.app.infra.utils.DataBuffer>],pis,1
C:\halo-main\application\src\main\java\run\halo\app\infra\utils\DataBufferUtils.java,run.halo.app.infra.utils.DataBufferUtils,toInputStream/1[run.halo.app.infra.utils.Flux<run.halo.app.infra.utils.DataBuffer>],error,3
C:\halo-main\application\src\main\java\run\halo\app\infra\utils\DataBufferUtils.java,run.halo.app.infra.utils.DataBufferUtils,toInputStream/1[run.halo.app.infra.utils.Flux<run.halo.app.infra.utils.DataBuffer>],content,1
C:\halo-main\application\src\test\java\run\halo\app\core\extension\RoleBindingTest.java,run.halo.app.core.extension.RoleBindingTest,shouldNotContainUserWhenBindingIsDeleted/0,metadata,2
C:\halo-main\application\src\test\java\run\halo\app\core\extension\RoleBindingTest.java,run.halo.app.core.extension.RoleBindingTest,shouldNotContainUserWhenBindingIsDeleted/0,subject,4
C:\halo-main\application\src\test\java\run\halo\app\core\extension\RoleBindingTest.java,run.halo.app.core.extension.RoleBindingTest,shouldNotContainUserWhenBindingIsDeleted/0,binding,4
C:\halo-main\application\src\test\java\run\halo\app\core\extension\RoleBindingTest.java,run.halo.app.core.extension.RoleBindingTest,shouldContainUser/0,subject,4
C:\halo-main\application\src\test\java\run\halo\app\core\extension\RoleBindingTest.java,run.halo.app.core.extension.RoleBindingTest,shouldContainUser/0,binding,4
C:\halo-main\application\src\main\java\run\halo\app\content\comment\CommentQuery.java,run.halo.app.content.comment.CommentQuery,getSubjectName/0,subjectName,2
C:\halo-main\application\src\main\java\run\halo\app\content\comment\CommentQuery.java,run.halo.app.content.comment.CommentQuery,"CommentQuery/1[run.halo.app.content.comment.MultiValueMap<java.lang.String,java.lang.String>]",queryParams,1
C:\halo-main\application\src\main\java\run\halo\app\content\comment\CommentQuery.java,run.halo.app.content.comment.CommentQuery,getKeyword/0,keyword,2
C:\halo-main\application\src\main\java\run\halo\app\content\comment\CommentQuery.java,run.halo.app.content.comment.CommentQuery,getOwnerKind/0,ownerKind,2
C:\halo-main\application\src\main\java\run\halo\app\content\comment\CommentQuery.java,run.halo.app.content.comment.CommentQuery,getSort/0,sort,1
C:\halo-main\application\src\main\java\run\halo\app\content\comment\CommentQuery.java,run.halo.app.content.comment.CommentQuery,getSubjectKind/0,subjectKind,2
C:\halo-main\application\src\main\java\run\halo\app\content\comment\CommentQuery.java,run.halo.app.content.comment.CommentQuery,getSortOrder/0,sortOrder,1
C:\halo-main\application\src\main\java\run\halo\app\content\comment\CommentQuery.java,run.halo.app.content.comment.CommentQuery,getOwnerName/0,ownerName,2
C:\halo-main\application\src\main\java\run\halo\app\content\comment\CommentQuery.java,run.halo.app.content.comment.CommentQuery,convertBooleanOrNull/1[java.lang.String],value,2
C:\halo-main\application\src\main\java\run\halo\app\metrics\VisitedEventReconciler.java,run.halo.app.metrics.VisitedEventReconciler$VisitedEventListener,onVisited/1[run.halo.app.event.post.VisitedEvent],visitedEvent,1
C:\halo-main\application\src\main\java\run\halo\app\metrics\VisitedEventReconciler.java,run.halo.app.metrics.VisitedEventReconciler$VisitedEventListener,mergeVisits/1[run.halo.app.event.post.VisitedEvent],visits,2
C:\halo-main\application\src\main\java\run\halo\app\metrics\VisitedEventReconciler.java,run.halo.app.metrics.VisitedEventReconciler$VisitedEventListener,mergeVisits/1[run.halo.app.event.post.VisitedEvent],gpn,2
C:\halo-main\application\src\main\java\run\halo\app\metrics\VisitedEventReconciler.java,run.halo.app.metrics.VisitedEventReconciler$VisitedEventListener,mergeVisits/1[run.halo.app.event.post.VisitedEvent],name,0
C:\halo-main\application\src\main\java\run\halo\app\metrics\VisitedEventReconciler.java,run.halo.app.metrics.VisitedEventReconciler$VisitedEventListener,mergeVisits/1[run.halo.app.event.post.VisitedEvent],event,6
C:\halo-main\application\src\main\java\run\halo\app\metrics\VisitedEventReconciler.java,run.halo.app.metrics.VisitedEventReconciler$VisitedEventListener,mergeVisits/1[run.halo.app.event.post.VisitedEvent],counterName,1
C:\halo-main\application\src\main\java\run\halo\app\metrics\VisitedEventReconciler.java,run.halo.app.metrics.VisitedEventReconciler$VisitedEventListener,"GroupPluralName/3[java.lang.String,java.lang.String,java.lang.String]",plural,0
C:\halo-main\application\src\main\java\run\halo\app\metrics\VisitedEventReconciler.java,run.halo.app.metrics.VisitedEventReconciler$VisitedEventListener,"GroupPluralName/3[java.lang.String,java.lang.String,java.lang.String]",name,0
C:\halo-main\application\src\main\java\run\halo\app\metrics\VisitedEventReconciler.java,run.halo.app.metrics.VisitedEventReconciler$VisitedEventListener,"GroupPluralName/3[java.lang.String,java.lang.String,java.lang.String]",group,0
C:\halo-main\application\src\main\java\run\halo\app\metrics\VisitedEventReconciler.java,run.halo.app.metrics.VisitedEventReconciler$VisitedEventListener,checkVisitSubject/1[run.halo.app.metrics.GroupPluralName],scheme,4
C:\halo-main\application\src\main\java\run\halo\app\metrics\VisitedEventReconciler.java,run.halo.app.metrics.VisitedEventReconciler$VisitedEventListener,checkVisitSubject/1[run.halo.app.metrics.GroupPluralName],groupPluralName,3
C:\halo-main\application\src\main\java\run\halo\app\metrics\VisitedEventReconciler.java,run.halo.app.metrics.VisitedEventReconciler$VisitedEventListener,checkVisitSubject/1[run.halo.app.metrics.GroupPluralName],schemeOptional,1
C:\halo-main\application\src\main\java\run\halo\app\metrics\VisitedEventReconciler.java,run.halo.app.metrics.VisitedEventReconciler$VisitedEventListener,checkVisitSubject/1[run.halo.app.metrics.GroupPluralName],gvk,1
C:\halo-main\application\src\test\java\run\halo\app\infra\utils\FileUtilsTest.java,run.halo.app.infra.utils.FileUtilsTest$ZipTest,jarFolderAndUnzip/0,unzipTarget,2
C:\halo-main\application\src\test\java\run\halo\app\infra\utils\FileUtilsTest.java,run.halo.app.infra.utils.FileUtilsTest$ZipTest,jarFolderAndUnzip/0,zipPath,2
C:\halo-main\application\src\test\java\run\halo\app\infra\utils\FileUtilsTest.java,run.halo.app.infra.utils.FileUtilsTest$ZipTest,jarFolderAndUnzip/0,zis,1
C:\halo-main\application\src\test\java\run\halo\app\infra\utils\FileUtilsTest.java,run.halo.app.infra.utils.FileUtilsTest$ZipTest,jarFolderAndUnzip/0,uri,1
C:\halo-main\application\src\test\java\run\halo\app\infra\utils\FileUtilsTest.java,run.halo.app.infra.utils.FileUtilsTest$ZipTest,jarFolderAndUnzip/0,content,1
C:\halo-main\application\src\test\java\run\halo\app\infra\utils\FileUtilsTest.java,run.halo.app.infra.utils.FileUtilsTest$ZipTest,zipFolderAndUnzip/0,unzipTarget,2
C:\halo-main\application\src\test\java\run\halo\app\infra\utils\FileUtilsTest.java,run.halo.app.infra.utils.FileUtilsTest$ZipTest,zipFolderAndUnzip/0,zipPath,2
C:\halo-main\application\src\test\java\run\halo\app\infra\utils\FileUtilsTest.java,run.halo.app.infra.utils.FileUtilsTest$ZipTest,zipFolderAndUnzip/0,zis,1
C:\halo-main\application\src\test\java\run\halo\app\infra\utils\FileUtilsTest.java,run.halo.app.infra.utils.FileUtilsTest$ZipTest,zipFolderAndUnzip/0,uri,1
C:\halo-main\application\src\test\java\run\halo\app\infra\utils\FileUtilsTest.java,run.halo.app.infra.utils.FileUtilsTest$ZipTest,zipFolderAndUnzip/0,content,1
C:\halo-main\application\src\main\java\run\halo\app\theme\ThemeConfiguration.java,run.halo.app.theme.ThemeConfiguration,ThemeConfiguration/1[run.halo.app.infra.ThemeRootGetter],themeRoot,2
C:\halo-main\application\src\main\java\run\halo\app\theme\ThemeConfiguration.java,run.halo.app.theme.ThemeConfiguration,springSecurityDialect/1[run.halo.app.theme.ServerSecurityContextRepository],securityContextRepository,1
C:\halo-main\application\src\main\java\run\halo\app\theme\ThemeConfiguration.java,run.halo.app.theme.ThemeConfiguration,"getThemeAssetsPath/2[java.lang.String,java.lang.String]",themeName,1
C:\halo-main\application\src\main\java\run\halo\app\theme\ThemeConfiguration.java,run.halo.app.theme.ThemeConfiguration,"getThemeAssetsPath/2[java.lang.String,java.lang.String]",resource,1
C:\halo-main\application\src\main\java\run\halo\app\theme\ThemeConfiguration.java,run.halo.app.theme.ThemeConfiguration,themeAssets/1[run.halo.app.theme.WebProperties],cacheProperties,2
C:\halo-main\application\src\main\java\run\halo\app\theme\ThemeConfiguration.java,run.halo.app.theme.ThemeConfiguration,themeAssets/1[run.halo.app.theme.WebProperties],request,3
C:\halo-main\application\src\main\java\run\halo\app\theme\ThemeConfiguration.java,run.halo.app.theme.ThemeConfiguration,themeAssets/1[run.halo.app.theme.WebProperties],fsRes,3
C:\halo-main\application\src\main\java\run\halo\app\theme\ThemeConfiguration.java,run.halo.app.theme.ThemeConfiguration,themeAssets/1[run.halo.app.theme.WebProperties],themeName,1
C:\halo-main\application\src\main\java\run\halo\app\theme\ThemeConfiguration.java,run.halo.app.theme.ThemeConfiguration,themeAssets/1[run.halo.app.theme.WebProperties],bodyBuilder,2
C:\halo-main\application\src\main\java\run\halo\app\theme\ThemeConfiguration.java,run.halo.app.theme.ThemeConfiguration,themeAssets/1[run.halo.app.theme.WebProperties],resource,3
C:\halo-main\application\src\main\java\run\halo\app\theme\ThemeConfiguration.java,run.halo.app.theme.ThemeConfiguration,themeAssets/1[run.halo.app.theme.WebProperties],e,1
C:\halo-main\application\src\main\java\run\halo\app\theme\ThemeConfiguration.java,run.halo.app.theme.ThemeConfiguration,themeAssets/1[run.halo.app.theme.WebProperties],lastModified,4
C:\halo-main\application\src\main\java\run\halo\app\theme\ThemeConfiguration.java,run.halo.app.theme.ThemeConfiguration,themeAssets/1[run.halo.app.theme.WebProperties],webProperties,1
C:\halo-main\application\src\test\java\run\halo\app\content\comment\CommentRequestTest.java,run.halo.app.content.comment.CommentRequestTest,constructor/0,commentRequest,1
C:\halo-main\application\src\test\java\run\halo\app\content\comment\CommentRequestTest.java,run.halo.app.content.comment.CommentRequestTest,toComment/0,commentRequest,1
C:\halo-main\application\src\test\java\run\halo\app\content\comment\CommentRequestTest.java,run.halo.app.content.comment.CommentRequestTest,toComment/0,comment,3
C:\halo-main\application\src\test\java\run\halo\app\content\comment\CommentRequestTest.java,run.halo.app.content.comment.CommentRequestTest,createCommentRequest/0,commentRequest,5
C:\halo-main\application\src\test\java\run\halo\app\content\comment\CommentRequestTest.java,run.halo.app.content.comment.CommentRequestTest,createCommentRequest/0,fakeExtension,3
C:\halo-main\application\src\main\java\run\halo\app\theme\dialect\JsonNodePropertyAccessorBoundariesProcessor.java,run.halo.app.theme.dialect.JsonNodePropertyAccessorBoundariesProcessor,"doProcessTemplateStart/3[run.halo.app.theme.dialect.ITemplateContext,run.halo.app.theme.dialect.ITemplateStart,run.halo.app.theme.dialect.ITemplateBoundariesStructureHandler]",templateStart,0
C:\halo-main\application\src\main\java\run\halo\app\theme\dialect\JsonNodePropertyAccessorBoundariesProcessor.java,run.halo.app.theme.dialect.JsonNodePropertyAccessorBoundariesProcessor,"doProcessTemplateStart/3[run.halo.app.theme.dialect.ITemplateContext,run.halo.app.theme.dialect.ITemplateStart,run.halo.app.theme.dialect.ITemplateBoundariesStructureHandler]",structureHandler,0
C:\halo-main\application\src\main\java\run\halo\app\theme\dialect\JsonNodePropertyAccessorBoundariesProcessor.java,run.halo.app.theme.dialect.JsonNodePropertyAccessorBoundariesProcessor,"doProcessTemplateStart/3[run.halo.app.theme.dialect.ITemplateContext,run.halo.app.theme.dialect.ITemplateStart,run.halo.app.theme.dialect.ITemplateBoundariesStructureHandler]",evaluationContext,3
C:\halo-main\application\src\main\java\run\halo\app\theme\dialect\JsonNodePropertyAccessorBoundariesProcessor.java,run.halo.app.theme.dialect.JsonNodePropertyAccessorBoundariesProcessor,"doProcessTemplateStart/3[run.halo.app.theme.dialect.ITemplateContext,run.halo.app.theme.dialect.ITemplateStart,run.halo.app.theme.dialect.ITemplateBoundariesStructureHandler]",context,1
C:\halo-main\application\src\main\java\run\halo\app\theme\dialect\JsonNodePropertyAccessorBoundariesProcessor.java,run.halo.app.theme.dialect.JsonNodePropertyAccessorBoundariesProcessor,"doProcessTemplateEnd/3[run.halo.app.theme.dialect.ITemplateContext,run.halo.app.theme.dialect.ITemplateEnd,run.halo.app.theme.dialect.ITemplateBoundariesStructureHandler]",structureHandler,0
C:\halo-main\application\src\main\java\run\halo\app\theme\dialect\JsonNodePropertyAccessorBoundariesProcessor.java,run.halo.app.theme.dialect.JsonNodePropertyAccessorBoundariesProcessor,"doProcessTemplateEnd/3[run.halo.app.theme.dialect.ITemplateContext,run.halo.app.theme.dialect.ITemplateEnd,run.halo.app.theme.dialect.ITemplateBoundariesStructureHandler]",context,0
C:\halo-main\application\src\main\java\run\halo\app\theme\dialect\JsonNodePropertyAccessorBoundariesProcessor.java,run.halo.app.theme.dialect.JsonNodePropertyAccessorBoundariesProcessor,"doProcessTemplateEnd/3[run.halo.app.theme.dialect.ITemplateContext,run.halo.app.theme.dialect.ITemplateEnd,run.halo.app.theme.dialect.ITemplateBoundariesStructureHandler]",templateEnd,0
C:\halo-main\application\src\test\java\run\halo\app\content\comment\PostCommentSubjectTest.java,run.halo.app.content.comment.PostCommentSubjectTest,supports/0,post,3
C:\halo-main\application\src\test\java\run\halo\app\content\comment\PostCommentSubjectTest.java,run.halo.app.content.comment.PostCommentSubjectTest,supports/0,supports,5
C:\halo-main\application\src\test\java\run\halo\app\content\comment\PostCommentSubjectTest.java,run.halo.app.content.comment.PostCommentSubjectTest,supports/0,fakeExtension,3
C:\halo-main\application\src\main\java\run\halo\app\content\comment\ReplyServiceImpl.java,run.halo.app.content.comment.ReplyServiceImpl,toListedReply/1[run.halo.app.content.comment.Reply],listedReply,2
C:\halo-main\application\src\main\java\run\halo\app\content\comment\ReplyServiceImpl.java,run.halo.app.content.comment.ReplyServiceImpl,toListedReply/1[run.halo.app.content.comment.Reply],builder,3
C:\halo-main\application\src\main\java\run\halo\app\content\comment\ReplyServiceImpl.java,run.halo.app.content.comment.ReplyServiceImpl,toListedReply/1[run.halo.app.content.comment.Reply],ownerInfo,1
C:\halo-main\application\src\main\java\run\halo\app\content\comment\ReplyServiceImpl.java,run.halo.app.content.comment.ReplyServiceImpl,toListedReply/1[run.halo.app.content.comment.Reply],reply,4
C:\halo-main\application\src\main\java\run\halo\app\content\comment\ReplyServiceImpl.java,run.halo.app.content.comment.ReplyServiceImpl,getOwnerInfo/1[run.halo.app.content.comment.Reply],owner,5
C:\halo-main\application\src\main\java\run\halo\app\content\comment\ReplyServiceImpl.java,run.halo.app.content.comment.ReplyServiceImpl,getOwnerInfo/1[run.halo.app.content.comment.Reply],reply,1
C:\halo-main\application\src\main\java\run\halo\app\content\comment\ReplyServiceImpl.java,run.halo.app.content.comment.ReplyServiceImpl,getReplyPredicate/1[run.halo.app.content.comment.ReplyQuery],predicate,3
C:\halo-main\application\src\main\java\run\halo\app\content\comment\ReplyServiceImpl.java,run.halo.app.content.comment.ReplyServiceImpl,getReplyPredicate/1[run.halo.app.content.comment.ReplyQuery],labelAndFieldSelectorPredicate,1
C:\halo-main\application\src\main\java\run\halo\app\content\comment\ReplyServiceImpl.java,run.halo.app.content.comment.ReplyServiceImpl,getReplyPredicate/1[run.halo.app.content.comment.ReplyQuery],query,4
C:\halo-main\application\src\main\java\run\halo\app\content\comment\ReplyServiceImpl.java,run.halo.app.content.comment.ReplyServiceImpl,getReplyPredicate/1[run.halo.app.content.comment.ReplyQuery],reply,2
C:\halo-main\application\src\main\java\run\halo\app\content\comment\ReplyServiceImpl.java,run.halo.app.content.comment.ReplyServiceImpl,list/1[run.halo.app.content.comment.ReplyQuery],query,3
C:\halo-main\application\src\main\java\run\halo\app\content\comment\ReplyServiceImpl.java,run.halo.app.content.comment.ReplyServiceImpl,list/1[run.halo.app.content.comment.ReplyQuery],listedReplies,1
C:\halo-main\application\src\main\java\run\halo\app\content\comment\ReplyServiceImpl.java,run.halo.app.content.comment.ReplyServiceImpl,list/1[run.halo.app.content.comment.ReplyQuery],list,4
C:\halo-main\application\src\main\java\run\halo\app\content\comment\ReplyServiceImpl.java,run.halo.app.content.comment.ReplyServiceImpl,"create/2[java.lang.String,run.halo.app.content.comment.Reply]",commentName,2
C:\halo-main\application\src\main\java\run\halo\app\content\comment\ReplyServiceImpl.java,run.halo.app.content.comment.ReplyServiceImpl,"create/2[java.lang.String,run.halo.app.content.comment.Reply]",replyToUse,4
C:\halo-main\application\src\main\java\run\halo\app\content\comment\ReplyServiceImpl.java,run.halo.app.content.comment.ReplyServiceImpl,"create/2[java.lang.String,run.halo.app.content.comment.Reply]",comment,0
C:\halo-main\application\src\main\java\run\halo\app\content\comment\ReplyServiceImpl.java,run.halo.app.content.comment.ReplyServiceImpl,"create/2[java.lang.String,run.halo.app.content.comment.Reply]",reply,13
C:\halo-main\application\src\main\java\run\halo\app\content\comment\ReplyServiceImpl.java,run.halo.app.content.comment.ReplyServiceImpl,"create/2[java.lang.String,run.halo.app.content.comment.Reply]",user,1
C:\halo-main\application\src\main\java\run\halo\app\content\comment\ReplyServiceImpl.java,run.halo.app.content.comment.ReplyServiceImpl,fetchStats/1[run.halo.app.content.comment.Reply],name,1
C:\halo-main\application\src\main\java\run\halo\app\content\comment\ReplyServiceImpl.java,run.halo.app.content.comment.ReplyServiceImpl,fetchStats/1[run.halo.app.content.comment.Reply],counter,1
C:\halo-main\application\src\main\java\run\halo\app\content\comment\ReplyServiceImpl.java,run.halo.app.content.comment.ReplyServiceImpl,fetchStats/1[run.halo.app.content.comment.Reply],reply,2
C:\halo-main\application\src\main\java\run\halo\app\content\comment\ReplyServiceImpl.java,run.halo.app.content.comment.ReplyServiceImpl,toCommentOwner/1[run.halo.app.content.comment.User],owner,4
C:\halo-main\application\src\main\java\run\halo\app\content\comment\ReplyServiceImpl.java,run.halo.app.content.comment.ReplyServiceImpl,toCommentOwner/1[run.halo.app.content.comment.User],user,2
C:\halo-main\application\src\main\java\run\halo\app\content\comment\ReplyServiceImpl.java,run.halo.app.content.comment.ReplyServiceImpl,fetchCurrentUser/0,securityContext,1
C:\halo-main\application\src\main\java\run\halo\app\content\comment\ReplyServiceImpl.java,run.halo.app.content.comment.ReplyServiceImpl,fetchCurrentUser/0,username,1
C:\halo-main\application\src\main\java\run\halo\app\search\IndicesServiceImpl.java,run.halo.app.search.IndicesServiceImpl,rebuildPostIndices/0,post,1
C:\halo-main\application\src\main\java\run\halo\app\search\IndicesServiceImpl.java,run.halo.app.search.IndicesServiceImpl,rebuildPostIndices/0,e,1
C:\halo-main\application\src\main\java\run\halo\app\search\IndicesServiceImpl.java,run.halo.app.search.IndicesServiceImpl,rebuildPostIndices/0,searchService,1
C:\halo-main\application\src\main\java\run\halo\app\search\IndicesServiceImpl.java,run.halo.app.search.IndicesServiceImpl,rebuildPostIndices/0,postVo,4
C:\halo-main\application\src\main\java\run\halo\app\search\IndicesServiceImpl.java,run.halo.app.search.IndicesServiceImpl,rebuildPostIndices/0,listedPostVo,1
C:\halo-main\application\src\main\java\run\halo\app\search\IndicesServiceImpl.java,run.halo.app.search.IndicesServiceImpl,rebuildPostIndices/0,postDocs,1
C:\halo-main\application\src\main\java\run\halo\app\search\IndicesServiceImpl.java,run.halo.app.search.IndicesServiceImpl,rebuildPostIndices/0,content,1
C:\halo-main\application\src\main\java\run\halo\app\search\IndicesServiceImpl.java,run.halo.app.search.IndicesServiceImpl,"IndicesServiceImpl/2[run.halo.app.plugin.extensionpoint.ExtensionGetter,run.halo.app.theme.finders.PostFinder]",postFinder,2
C:\halo-main\application\src\main\java\run\halo\app\search\IndicesServiceImpl.java,run.halo.app.search.IndicesServiceImpl,"IndicesServiceImpl/2[run.halo.app.plugin.extensionpoint.ExtensionGetter,run.halo.app.theme.finders.PostFinder]",extensionGetter,2
C:\halo-main\application\src\test\java\run\halo\app\plugin\SpringComponentsFinderTest.java,run.halo.app.plugin.SpringComponentsFinderTest,containsPlugin/0,exist,1
C:\halo-main\application\src\test\java\run\halo\app\plugin\SpringComponentsFinderTest.java,run.halo.app.plugin.SpringComponentsFinderTest,readPluginStorageToMemory/0,contains,3
C:\halo-main\application\src\test\java\run\halo\app\plugin\SpringComponentsFinderTest.java,run.halo.app.plugin.SpringComponentsFinderTest,removeComponentsCache/0,contains,3
C:\halo-main\application\src\main\java\run\halo\app\extension\router\ExtensionCompositeRouterFunction.java,run.halo.app.extension.router.ExtensionCompositeRouterFunction,"ExtensionCompositeRouterFunction/2[run.halo.app.extension.router.ReactiveExtensionClient,run.halo.app.extension.SchemeWatcherManager]",client,2
C:\halo-main\application\src\main\java\run\halo\app\extension\router\ExtensionCompositeRouterFunction.java,run.halo.app.extension.router.ExtensionCompositeRouterFunction,"ExtensionCompositeRouterFunction/2[run.halo.app.extension.router.ReactiveExtensionClient,run.halo.app.extension.SchemeWatcherManager]",watcherManager,2
C:\halo-main\application\src\main\java\run\halo\app\extension\router\ExtensionCompositeRouterFunction.java,run.halo.app.extension.router.ExtensionCompositeRouterFunction,onChange/1[run.halo.app.extension.SchemeWatcherManager.ChangeEvent],factory,1
C:\halo-main\application\src\main\java\run\halo\app\extension\router\ExtensionCompositeRouterFunction.java,run.halo.app.extension.router.ExtensionCompositeRouterFunction,onChange/1[run.halo.app.extension.SchemeWatcherManager.ChangeEvent],scheme,2
C:\halo-main\application\src\main\java\run\halo\app\extension\router\ExtensionCompositeRouterFunction.java,run.halo.app.extension.router.ExtensionCompositeRouterFunction,onChange/1[run.halo.app.extension.SchemeWatcherManager.ChangeEvent],event,2
C:\halo-main\application\src\main\java\run\halo\app\extension\router\ExtensionCompositeRouterFunction.java,run.halo.app.extension.router.ExtensionCompositeRouterFunction,route/1[run.halo.app.extension.router.ServerRequest],request,1
C:\halo-main\application\src\main\java\run\halo\app\extension\router\ExtensionCompositeRouterFunction.java,run.halo.app.extension.router.ExtensionCompositeRouterFunction,route/1[run.halo.app.extension.router.ServerRequest],routerFunction,1
C:\halo-main\application\src\main\java\run\halo\app\extension\router\ExtensionCompositeRouterFunction.java,run.halo.app.extension.router.ExtensionCompositeRouterFunction,accept/1[RouterFunctions.Visitor],routerFunction,1
C:\halo-main\application\src\main\java\run\halo\app\extension\router\ExtensionCompositeRouterFunction.java,run.halo.app.extension.router.ExtensionCompositeRouterFunction,accept/1[RouterFunctions.Visitor],visitor,1
C:\halo-main\application\src\test\java\run\halo\app\core\extension\reconciler\CategoryReconcilerTest.java,run.halo.app.core.extension.reconciler.CategoryReconcilerTest,reconcileStatusPostForCategoryB/0,category,2
C:\halo-main\application\src\test\java\run\halo\app\core\extension\reconciler\CategoryReconcilerTest.java,run.halo.app.core.extension.reconciler.CategoryReconcilerTest,reconcileStatusPostForCategoryB/0,captor,2
C:\halo-main\application\src\test\java\run\halo\app\core\extension\reconciler\CategoryReconcilerTest.java,run.halo.app.core.extension.reconciler.CategoryReconcilerTest,categories/0,categoryB,2
C:\halo-main\application\src\test\java\run\halo\app\core\extension\reconciler\CategoryReconcilerTest.java,run.halo.app.core.extension.reconciler.CategoryReconcilerTest,categories/0,categoryC,1
C:\halo-main\application\src\test\java\run\halo\app\core\extension\reconciler\CategoryReconcilerTest.java,run.halo.app.core.extension.reconciler.CategoryReconcilerTest,categories/0,categoryD,1
C:\halo-main\application\src\test\java\run\halo\app\core\extension\reconciler\CategoryReconcilerTest.java,run.halo.app.core.extension.reconciler.CategoryReconcilerTest,categories/0,categoryA,2
C:\halo-main\application\src\test\java\run\halo\app\core\extension\reconciler\CategoryReconcilerTest.java,run.halo.app.core.extension.reconciler.CategoryReconcilerTest,reconcileStatusPostForCategoryA/0,captor,3
C:\halo-main\application\src\test\java\run\halo\app\core\extension\reconciler\CategoryReconcilerTest.java,run.halo.app.core.extension.reconciler.CategoryReconcilerTest,reconcileStatusPostForCategoryC/0,captor,3
C:\halo-main\application\src\test\java\run\halo\app\core\extension\reconciler\CategoryReconcilerTest.java,run.halo.app.core.extension.reconciler.CategoryReconcilerTest,category/1[java.lang.String],metadata,2
C:\halo-main\application\src\test\java\run\halo\app\core\extension\reconciler\CategoryReconcilerTest.java,run.halo.app.core.extension.reconciler.CategoryReconcilerTest,category/1[java.lang.String],name,1
C:\halo-main\application\src\test\java\run\halo\app\core\extension\reconciler\CategoryReconcilerTest.java,run.halo.app.core.extension.reconciler.CategoryReconcilerTest,category/1[java.lang.String],category,4
C:\halo-main\application\src\test\java\run\halo\app\core\extension\reconciler\CategoryReconcilerTest.java,run.halo.app.core.extension.reconciler.CategoryReconcilerTest,reconcileStatusPostPilling/1[java.lang.String],result,2
C:\halo-main\application\src\test\java\run\halo\app\core\extension\reconciler\CategoryReconcilerTest.java,run.halo.app.core.extension.reconciler.CategoryReconcilerTest,reconcileStatusPostPilling/1[java.lang.String],reconcileCategoryName,1
C:\halo-main\application\src\test\java\run\halo\app\core\extension\reconciler\CategoryReconcilerTest.java,run.halo.app.core.extension.reconciler.CategoryReconcilerTest,reconcileStatusPostPilling/1[java.lang.String],category,2
C:\halo-main\application\src\test\java\run\halo\app\core\extension\reconciler\CategoryReconcilerTest.java,run.halo.app.core.extension.reconciler.CategoryReconcilerTest,posts/0,post4,4
C:\halo-main\application\src\test\java\run\halo\app\core\extension\reconciler\CategoryReconcilerTest.java,run.halo.app.core.extension.reconciler.CategoryReconcilerTest,posts/0,post2,4
C:\halo-main\application\src\test\java\run\halo\app\core\extension\reconciler\CategoryReconcilerTest.java,run.halo.app.core.extension.reconciler.CategoryReconcilerTest,posts/0,post3,4
C:\halo-main\application\src\test\java\run\halo\app\core\extension\reconciler\CategoryReconcilerTest.java,run.halo.app.core.extension.reconciler.CategoryReconcilerTest,posts/0,post1,4
C:\halo-main\application\src\test\java\run\halo\app\core\extension\reconciler\CategoryReconcilerTest.java,run.halo.app.core.extension.reconciler.CategoryReconcilerTest,reconcileStatusPostForCategoryD/0,captor,3
C:\halo-main\application\src\main\java\run\halo\app\theme\finders\ThemeFinder.java,run.halo.app.theme.finders.ThemeFinder,getByName/1[java.lang.String],themeName,0
C:\halo-main\application\src\test\java\run\halo\app\core\extension\reconciler\RoleBindingReconcilerTest.java,run.halo.app.core.extension.reconciler.RoleBindingReconcilerTest,shouldDoNothingIfNotContainAnyUserSubject/0,result,1
C:\halo-main\application\src\test\java\run\halo\app\core\extension\reconciler\RoleBindingReconcilerTest.java,run.halo.app.core.extension.reconciler.RoleBindingReconcilerTest,shouldDoNothingIfNotContainAnyUserSubject/0,binding,2
C:\halo-main\application\src\test\java\run\halo\app\core\extension\reconciler\RoleBindingReconcilerTest.java,run.halo.app.core.extension.reconciler.RoleBindingReconcilerTest,shouldDoNothingIfNotContainAnyUserSubject/0,bindingName,2
C:\halo-main\application\src\test\java\run\halo\app\core\extension\reconciler\RoleBindingReconcilerTest.java,run.halo.app.core.extension.reconciler.RoleBindingReconcilerTest,shouldDoNothingIfUserNotFound/0,result,1
C:\halo-main\application\src\test\java\run\halo\app\core\extension\reconciler\RoleBindingReconcilerTest.java,run.halo.app.core.extension.reconciler.RoleBindingReconcilerTest,shouldDoNothingIfUserNotFound/0,subject,3
C:\halo-main\application\src\test\java\run\halo\app\core\extension\reconciler\RoleBindingReconcilerTest.java,run.halo.app.core.extension.reconciler.RoleBindingReconcilerTest,shouldDoNothingIfUserNotFound/0,binding,2
C:\halo-main\application\src\test\java\run\halo\app\core\extension\reconciler\RoleBindingReconcilerTest.java,run.halo.app.core.extension.reconciler.RoleBindingReconcilerTest,shouldDoNothingIfUserNotFound/0,bindingName,2
C:\halo-main\application\src\test\java\run\halo\app\core\extension\reconciler\RoleBindingReconcilerTest.java,run.halo.app.core.extension.reconciler.RoleBindingReconcilerTest,shouldDoNothingIfUserNotFound/0,userName,3
C:\halo-main\application\src\test\java\run\halo\app\core\extension\reconciler\RoleBindingReconcilerTest.java,run.halo.app.core.extension.reconciler.RoleBindingReconcilerTest,shouldDoNothingIfRequestNotFound/0,result,1
C:\halo-main\application\src\test\java\run\halo\app\core\extension\reconciler\RoleBindingReconcilerTest.java,run.halo.app.core.extension.reconciler.RoleBindingReconcilerTest,shouldDoNothingIfRequestNotFound/0,bindingName,2
C:\halo-main\application\src\test\java\run\halo\app\core\extension\reconciler\RoleBindingReconcilerTest.java,run.halo.app.core.extension.reconciler.RoleBindingReconcilerTest,shouldUpdateRoleNames/0,result,1
C:\halo-main\application\src\test\java\run\halo\app\core\extension\reconciler\RoleBindingReconcilerTest.java,run.halo.app.core.extension.reconciler.RoleBindingReconcilerTest,shouldUpdateRoleNames/0,annotation,1
C:\halo-main\application\src\test\java\run\halo\app\core\extension\reconciler\RoleBindingReconcilerTest.java,run.halo.app.core.extension.reconciler.RoleBindingReconcilerTest,shouldUpdateRoleNames/0,subject,10
C:\halo-main\application\src\test\java\run\halo\app\core\extension\reconciler\RoleBindingReconcilerTest.java,run.halo.app.core.extension.reconciler.RoleBindingReconcilerTest,shouldUpdateRoleNames/0,bindings,1
C:\halo-main\application\src\test\java\run\halo\app\core\extension\reconciler\RoleBindingReconcilerTest.java,run.halo.app.core.extension.reconciler.RoleBindingReconcilerTest,shouldUpdateRoleNames/0,binding,2
C:\halo-main\application\src\test\java\run\halo\app\core\extension\reconciler\RoleBindingReconcilerTest.java,run.halo.app.core.extension.reconciler.RoleBindingReconcilerTest,shouldUpdateRoleNames/0,bindingName,2
C:\halo-main\application\src\test\java\run\halo\app\core\extension\reconciler\RoleBindingReconcilerTest.java,run.halo.app.core.extension.reconciler.RoleBindingReconcilerTest,shouldUpdateRoleNames/0,userName,2
C:\halo-main\application\src\test\java\run\halo\app\core\extension\reconciler\RoleBindingReconcilerTest.java,run.halo.app.core.extension.reconciler.RoleBindingReconcilerTest,shouldUpdateRoleNames/0,user,2
C:\halo-main\application\src\test\java\run\halo\app\core\extension\reconciler\RoleBindingReconcilerTest.java,run.halo.app.core.extension.reconciler.RoleBindingReconcilerTest,shouldUpdateRoleNames/0,userMetadata,2
C:\halo-main\application\src\test\java\run\halo\app\core\extension\reconciler\RoleBindingReconcilerTest.java,run.halo.app.core.extension.reconciler.RoleBindingReconcilerTest,shouldUpdateRoleNames/0,roleNames,2
C:\halo-main\application\src\test\java\run\halo\app\core\extension\reconciler\RoleBindingReconcilerTest.java,run.halo.app.core.extension.reconciler.RoleBindingReconcilerTest,"createRoleBinding/4[java.lang.String,java.lang.String,boolean,run.halo.app.core.extension.reconciler.Subject]",metadata,2
C:\halo-main\application\src\test\java\run\halo\app\core\extension\reconciler\RoleBindingReconcilerTest.java,run.halo.app.core.extension.reconciler.RoleBindingReconcilerTest,"createRoleBinding/4[java.lang.String,java.lang.String,boolean,run.halo.app.core.extension.reconciler.Subject]",deleting,1
C:\halo-main\application\src\test\java\run\halo\app\core\extension\reconciler\RoleBindingReconcilerTest.java,run.halo.app.core.extension.reconciler.RoleBindingReconcilerTest,"createRoleBinding/4[java.lang.String,java.lang.String,boolean,run.halo.app.core.extension.reconciler.Subject]",subject,1
C:\halo-main\application\src\test\java\run\halo\app\core\extension\reconciler\RoleBindingReconcilerTest.java,run.halo.app.core.extension.reconciler.RoleBindingReconcilerTest,"createRoleBinding/4[java.lang.String,java.lang.String,boolean,run.halo.app.core.extension.reconciler.Subject]",roleRefName,1
C:\halo-main\application\src\test\java\run\halo\app\core\extension\reconciler\RoleBindingReconcilerTest.java,run.halo.app.core.extension.reconciler.RoleBindingReconcilerTest,"createRoleBinding/4[java.lang.String,java.lang.String,boolean,run.halo.app.core.extension.reconciler.Subject]",binding,4
C:\halo-main\application\src\test\java\run\halo\app\core\extension\reconciler\RoleBindingReconcilerTest.java,run.halo.app.core.extension.reconciler.RoleBindingReconcilerTest,"createRoleBinding/4[java.lang.String,java.lang.String,boolean,run.halo.app.core.extension.reconciler.Subject]",roleRef,4
C:\halo-main\application\src\test\java\run\halo\app\core\extension\reconciler\RoleBindingReconcilerTest.java,run.halo.app.core.extension.reconciler.RoleBindingReconcilerTest,"createRoleBinding/4[java.lang.String,java.lang.String,boolean,run.halo.app.core.extension.reconciler.Subject]",roleRefKind,1
C:\halo-main\application\src\test\java\run\halo\app\core\extension\reconciler\RoleBindingReconcilerTest.java,run.halo.app.core.extension.reconciler.RoleBindingReconcilerTest,shouldUpdateRoleNamesIfNoBindingRelatedTheUser/0,result,1
C:\halo-main\application\src\test\java\run\halo\app\core\extension\reconciler\RoleBindingReconcilerTest.java,run.halo.app.core.extension.reconciler.RoleBindingReconcilerTest,shouldUpdateRoleNamesIfNoBindingRelatedTheUser/0,annotation,1
C:\halo-main\application\src\test\java\run\halo\app\core\extension\reconciler\RoleBindingReconcilerTest.java,run.halo.app.core.extension.reconciler.RoleBindingReconcilerTest,shouldUpdateRoleNamesIfNoBindingRelatedTheUser/0,subject,4
C:\halo-main\application\src\test\java\run\halo\app\core\extension\reconciler\RoleBindingReconcilerTest.java,run.halo.app.core.extension.reconciler.RoleBindingReconcilerTest,shouldUpdateRoleNamesIfNoBindingRelatedTheUser/0,binding,2
C:\halo-main\application\src\test\java\run\halo\app\core\extension\reconciler\RoleBindingReconcilerTest.java,run.halo.app.core.extension.reconciler.RoleBindingReconcilerTest,shouldUpdateRoleNamesIfNoBindingRelatedTheUser/0,bindingName,2
C:\halo-main\application\src\test\java\run\halo\app\core\extension\reconciler\RoleBindingReconcilerTest.java,run.halo.app.core.extension.reconciler.RoleBindingReconcilerTest,shouldUpdateRoleNamesIfNoBindingRelatedTheUser/0,userName,2
C:\halo-main\application\src\test\java\run\halo\app\core\extension\reconciler\RoleBindingReconcilerTest.java,run.halo.app.core.extension.reconciler.RoleBindingReconcilerTest,shouldUpdateRoleNamesIfNoBindingRelatedTheUser/0,user,2
C:\halo-main\application\src\test\java\run\halo\app\core\extension\reconciler\RoleBindingReconcilerTest.java,run.halo.app.core.extension.reconciler.RoleBindingReconcilerTest,shouldUpdateRoleNamesIfNoBindingRelatedTheUser/0,userMetadata,2
C:\halo-main\application\src\test\java\run\halo\app\core\extension\reconciler\RoleBindingReconcilerTest.java,run.halo.app.core.extension.reconciler.RoleBindingReconcilerTest,shouldUpdateRoleNamesIfNoBindingRelatedTheUser/0,roleNames,2
C:\halo-main\application\src\main\java\run\halo\app\config\WebServerSecurityConfig.java,run.halo.app.config.WebServerSecurityConfig,"superAdminInitializer/2[run.halo.app.config.ReactiveExtensionClient,run.halo.app.infra.properties.HaloProperties]",client,1
C:\halo-main\application\src\main\java\run\halo\app\config\WebServerSecurityConfig.java,run.halo.app.config.WebServerSecurityConfig,"superAdminInitializer/2[run.halo.app.config.ReactiveExtensionClient,run.halo.app.infra.properties.HaloProperties]",halo,1
C:\halo-main\application\src\main\java\run\halo\app\config\WebServerSecurityConfig.java,run.halo.app.config.WebServerSecurityConfig,cryptoService/1[run.halo.app.infra.properties.HaloProperties],haloProperties,1
C:\halo-main\application\src\main\java\run\halo\app\config\WebServerSecurityConfig.java,run.halo.app.config.WebServerSecurityConfig,publicKeyRoute/1[run.halo.app.security.authentication.login.CryptoService],cryptoService,1
C:\halo-main\application\src\main\java\run\halo\app\config\WebServerSecurityConfig.java,run.halo.app.config.WebServerSecurityConfig,"apiFilterChain/5[run.halo.app.config.ServerHttpSecurity,run.halo.app.core.extension.service.RoleService,run.halo.app.config.ObjectProvider<run.halo.app.security.authentication.SecurityConfigurer>,run.halo.app.config.ServerSecurityContextRepository,run.halo.app.plugin.extensionpoint.ExtensionGetter]",extensionGetter,1
C:\halo-main\application\src\main\java\run\halo\app\config\WebServerSecurityConfig.java,run.halo.app.config.WebServerSecurityConfig,"apiFilterChain/5[run.halo.app.config.ServerHttpSecurity,run.halo.app.core.extension.service.RoleService,run.halo.app.config.ObjectProvider<run.halo.app.security.authentication.SecurityConfigurer>,run.halo.app.config.ServerSecurityContextRepository,run.halo.app.plugin.extensionpoint.ExtensionGetter]",securityContextRepository,2
C:\halo-main\application\src\main\java\run\halo\app\config\WebServerSecurityConfig.java,run.halo.app.config.WebServerSecurityConfig,"apiFilterChain/5[run.halo.app.config.ServerHttpSecurity,run.halo.app.core.extension.service.RoleService,run.halo.app.config.ObjectProvider<run.halo.app.security.authentication.SecurityConfigurer>,run.halo.app.config.ServerSecurityContextRepository,run.halo.app.plugin.extensionpoint.ExtensionGetter]",securityConfigurers,1
C:\halo-main\application\src\main\java\run\halo\app\config\WebServerSecurityConfig.java,run.halo.app.config.WebServerSecurityConfig,"apiFilterChain/5[run.halo.app.config.ServerHttpSecurity,run.halo.app.core.extension.service.RoleService,run.halo.app.config.ObjectProvider<run.halo.app.security.authentication.SecurityConfigurer>,run.halo.app.config.ServerSecurityContextRepository,run.halo.app.plugin.extensionpoint.ExtensionGetter]",http,3
C:\halo-main\application\src\main\java\run\halo\app\config\WebServerSecurityConfig.java,run.halo.app.config.WebServerSecurityConfig,"apiFilterChain/5[run.halo.app.config.ServerHttpSecurity,run.halo.app.core.extension.service.RoleService,run.halo.app.config.ObjectProvider<run.halo.app.security.authentication.SecurityConfigurer>,run.halo.app.config.ServerSecurityContextRepository,run.halo.app.plugin.extensionpoint.ExtensionGetter]",securityConfigurer,1
C:\halo-main\application\src\main\java\run\halo\app\config\WebServerSecurityConfig.java,run.halo.app.config.WebServerSecurityConfig,"apiFilterChain/5[run.halo.app.config.ServerHttpSecurity,run.halo.app.core.extension.service.RoleService,run.halo.app.config.ObjectProvider<run.halo.app.security.authentication.SecurityConfigurer>,run.halo.app.config.ServerSecurityContextRepository,run.halo.app.plugin.extensionpoint.ExtensionGetter]",roleService,1
C:\halo-main\application\src\main\java\run\halo\app\config\WebServerSecurityConfig.java,run.halo.app.config.WebServerSecurityConfig,"apiFilterChain/5[run.halo.app.config.ServerHttpSecurity,run.halo.app.core.extension.service.RoleService,run.halo.app.config.ObjectProvider<run.halo.app.security.authentication.SecurityConfigurer>,run.halo.app.config.ServerSecurityContextRepository,run.halo.app.plugin.extensionpoint.ExtensionGetter]",spec,2
C:\halo-main\application\src\main\java\run\halo\app\config\WebServerSecurityConfig.java,run.halo.app.config.WebServerSecurityConfig,"portalFilterChain/3[run.halo.app.config.ServerHttpSecurity,run.halo.app.config.ServerSecurityContextRepository,run.halo.app.infra.properties.HaloProperties]",haloProperties,2
C:\halo-main\application\src\main\java\run\halo\app\config\WebServerSecurityConfig.java,run.halo.app.config.WebServerSecurityConfig,"portalFilterChain/3[run.halo.app.config.ServerHttpSecurity,run.halo.app.config.ServerSecurityContextRepository,run.halo.app.infra.properties.HaloProperties]",securityContextRepository,3
C:\halo-main\application\src\main\java\run\halo\app\config\WebServerSecurityConfig.java,run.halo.app.config.WebServerSecurityConfig,"portalFilterChain/3[run.halo.app.config.ServerHttpSecurity,run.halo.app.config.ServerSecurityContextRepository,run.halo.app.infra.properties.HaloProperties]",pathMatcher,1
C:\halo-main\application\src\main\java\run\halo\app\config\WebServerSecurityConfig.java,run.halo.app.config.WebServerSecurityConfig,"portalFilterChain/3[run.halo.app.config.ServerHttpSecurity,run.halo.app.config.ServerSecurityContextRepository,run.halo.app.infra.properties.HaloProperties]",http,2
C:\halo-main\application\src\main\java\run\halo\app\config\WebServerSecurityConfig.java,run.halo.app.config.WebServerSecurityConfig,"portalFilterChain/3[run.halo.app.config.ServerHttpSecurity,run.halo.app.config.ServerSecurityContextRepository,run.halo.app.infra.properties.HaloProperties]",frameOptions,2
C:\halo-main\application\src\main\java\run\halo\app\config\WebServerSecurityConfig.java,run.halo.app.config.WebServerSecurityConfig,"portalFilterChain/3[run.halo.app.config.ServerHttpSecurity,run.halo.app.config.ServerSecurityContextRepository,run.halo.app.infra.properties.HaloProperties]",spec,6
C:\halo-main\application\src\main\java\run\halo\app\config\WebServerSecurityConfig.java,run.halo.app.config.WebServerSecurityConfig,"portalFilterChain/3[run.halo.app.config.ServerHttpSecurity,run.halo.app.config.ServerSecurityContextRepository,run.halo.app.infra.properties.HaloProperties]",mediaTypeMatcher,2
C:\halo-main\application\src\main\java\run\halo\app\config\WebServerSecurityConfig.java,run.halo.app.config.WebServerSecurityConfig,"userDetailsService/2[run.halo.app.core.extension.service.UserService,run.halo.app.core.extension.service.RoleService]",roleService,1
C:\halo-main\application\src\main\java\run\halo\app\config\WebServerSecurityConfig.java,run.halo.app.config.WebServerSecurityConfig,"userDetailsService/2[run.halo.app.core.extension.service.UserService,run.halo.app.core.extension.service.RoleService]",userService,1
C:\halo-main\application\src\main\java\run\halo\app\config\WebServerSecurityConfig.java,run.halo.app.config.WebServerSecurityConfig,rsaKeyScheduledGenerator/1[run.halo.app.security.authentication.login.CryptoService],cryptoService,1
C:\halo-main\application\src\test\java\run\halo\app\core\extension\service\UserServiceImplTest.java,run.halo.app.core.extension.service.UserServiceImplTest$SignUpTest,signUpWhenRegistrationNotAllowed/0,fakeUser,1
C:\halo-main\application\src\test\java\run\halo\app\core\extension\service\UserServiceImplTest.java,run.halo.app.core.extension.service.UserServiceImplTest$SignUpTest,signUpWhenRegistrationNotAllowed/0,userSetting,2
C:\halo-main\application\src\test\java\run\halo\app\core\extension\service\UserServiceImplTest.java,run.halo.app.core.extension.service.UserServiceImplTest$SignUpTest,"fakeSignUpUser/2[java.lang.String,java.lang.String]",password,1
C:\halo-main\application\src\test\java\run\halo\app\core\extension\service\UserServiceImplTest.java,run.halo.app.core.extension.service.UserServiceImplTest$SignUpTest,"fakeSignUpUser/2[java.lang.String,java.lang.String]",name,1
C:\halo-main\application\src\test\java\run\halo\app\core\extension\service\UserServiceImplTest.java,run.halo.app.core.extension.service.UserServiceImplTest$SignUpTest,"fakeSignUpUser/2[java.lang.String,java.lang.String]",user,5
C:\halo-main\application\src\test\java\run\halo\app\core\extension\service\UserServiceImplTest.java,run.halo.app.core.extension.service.UserServiceImplTest$SignUpTest,signUpWhenRegistrationDefaultRoleNotConfigured/0,fakeUser,1
C:\halo-main\application\src\test\java\run\halo\app\core\extension\service\UserServiceImplTest.java,run.halo.app.core.extension.service.UserServiceImplTest$SignUpTest,signUpWhenRegistrationDefaultRoleNotConfigured/0,userSetting,2
C:\halo-main\application\src\test\java\run\halo\app\core\extension\service\UserServiceImplTest.java,run.halo.app.core.extension.service.UserServiceImplTest$SignUpTest,signUpWhenRegistrationUsernameExists/0,fakeUser,1
C:\halo-main\application\src\test\java\run\halo\app\core\extension\service\UserServiceImplTest.java,run.halo.app.core.extension.service.UserServiceImplTest$SignUpTest,signUpWhenRegistrationUsernameExists/0,userSetting,3
C:\halo-main\application\src\test\java\run\halo\app\core\extension\service\UserServiceImplTest.java,run.halo.app.core.extension.service.UserServiceImplTest$SignUpTest,signUpWhenRegistrationSuccessfully/0,fakeUser,3
C:\halo-main\application\src\test\java\run\halo\app\core\extension\service\UserServiceImplTest.java,run.halo.app.core.extension.service.UserServiceImplTest$SignUpTest,signUpWhenRegistrationSuccessfully/0,spyUserService,3
C:\halo-main\application\src\test\java\run\halo\app\core\extension\service\UserServiceImplTest.java,run.halo.app.core.extension.service.UserServiceImplTest$SignUpTest,signUpWhenRegistrationSuccessfully/0,userSetting,3
C:\halo-main\application\src\test\java\run\halo\app\core\extension\service\UserServiceImplTest.java,run.halo.app.core.extension.service.UserServiceImplTest$SignUpTest,signUpWhenRegistrationSuccessfully/0,user,2
C:\halo-main\application\src\main\java\run\halo\app\theme\ThemePathPolicy.java,run.halo.app.theme.ThemePathPolicy,ThemePathPolicy/1[java.nio.file.Path],workDir,3
C:\halo-main\application\src\main\java\run\halo\app\theme\ThemePathPolicy.java,run.halo.app.theme.ThemePathPolicy,generate/1[run.halo.app.theme.Theme],name,1
C:\halo-main\application\src\main\java\run\halo\app\theme\ThemePathPolicy.java,run.halo.app.theme.ThemePathPolicy,generate/1[run.halo.app.theme.Theme],theme,2
C:\halo-main\application\src\main\java\run\halo\app\security\authentication\SecurityConfigurer.java,run.halo.app.security.authentication.SecurityConfigurer,configure/1[run.halo.app.security.authentication.ServerHttpSecurity],http,0
C:\halo-main\application\src\test\java\run\halo\app\infra\ExtensionResourceInitializerTest.java,run.halo.app.infra.ExtensionResourceInitializerTest,setUp/0,tempDirectory,5
C:\halo-main\application\src\test\java\run\halo\app\infra\ExtensionResourceInitializerTest.java,run.halo.app.infra.ExtensionResourceInitializerTest,setUp/0,multiDirectory,2
C:\halo-main\application\src\test\java\run\halo\app\infra\ExtensionResourceInitializerTest.java,run.halo.app.infra.ExtensionResourceInitializerTest,setUp/0,secondTempDir,2
C:\halo-main\application\src\test\java\run\halo\app\infra\ExtensionResourceInitializerTest.java,run.halo.app.infra.ExtensionResourceInitializerTest,setUp/0,filePath,2
C:\halo-main\application\src\test\java\run\halo\app\infra\ExtensionResourceInitializerTest.java,run.halo.app.infra.ExtensionResourceInitializerTest,cleanUp/0,dir,1
C:\halo-main\application\src\test\java\run\halo\app\infra\ExtensionResourceInitializerTest.java,run.halo.app.infra.ExtensionResourceInitializerTest,onApplicationEvent/0,initializeMono,1
C:\halo-main\application\src\test\java\run\halo\app\infra\ExtensionResourceInitializerTest.java,run.halo.app.infra.ExtensionResourceInitializerTest,onApplicationEvent/0,values,3
C:\halo-main\application\src\test\java\run\halo\app\infra\ExtensionResourceInitializerTest.java,run.halo.app.infra.ExtensionResourceInitializerTest,onApplicationEvent/0,argumentCaptor,2
C:\halo-main\application\src\main\java\run\halo\app\extension\gc\GcSynchronizer.java,run.halo.app.extension.gc.GcSynchronizer,start/0,type,1
C:\halo-main\application\src\main\java\run\halo\app\extension\gc\GcSynchronizer.java,run.halo.app.extension.gc.GcSynchronizer,deleted/0,extension,1
C:\halo-main\application\src\main\java\run\halo\app\extension\gc\GcSynchronizer.java,run.halo.app.extension.gc.GcSynchronizer,"GcSynchronizer/3[run.halo.app.extension.gc.ExtensionClient,run.halo.app.extension.gc.RequestQueue<run.halo.app.extension.gc.GcRequest>,run.halo.app.extension.gc.SchemeManager]",schemeManager,2
C:\halo-main\application\src\main\java\run\halo\app\extension\gc\GcSynchronizer.java,run.halo.app.extension.gc.GcSynchronizer,"GcSynchronizer/3[run.halo.app.extension.gc.ExtensionClient,run.halo.app.extension.gc.RequestQueue<run.halo.app.extension.gc.GcRequest>,run.halo.app.extension.gc.SchemeManager]",client,2
C:\halo-main\application\src\main\java\run\halo\app\extension\gc\GcSynchronizer.java,run.halo.app.extension.gc.GcSynchronizer,"GcSynchronizer/3[run.halo.app.extension.gc.ExtensionClient,run.halo.app.extension.gc.RequestQueue<run.halo.app.extension.gc.GcRequest>,run.halo.app.extension.gc.SchemeManager]",queue,3
C:\halo-main\application\src\main\java\run\halo\app\plugin\event\HaloPluginLoadedEvent.java,run.halo.app.plugin.event.HaloPluginLoadedEvent,"HaloPluginLoadedEvent/2[java.lang.Object,run.halo.app.plugin.event.PluginWrapper]",source,1
C:\halo-main\application\src\main\java\run\halo\app\plugin\event\HaloPluginLoadedEvent.java,run.halo.app.plugin.event.HaloPluginLoadedEvent,"HaloPluginLoadedEvent/2[java.lang.Object,run.halo.app.plugin.event.PluginWrapper]",pluginWrapper,2
C:\halo-main\application\src\test\java\run\halo\app\core\extension\reconciler\ThemeReconcilerTest.java,run.halo.app.core.extension.reconciler.ThemeReconcilerTest,themeSettingDefaultValue/0,themeReconciler,3
C:\halo-main\application\src\test\java\run\halo\app\core\extension\reconciler\ThemeReconcilerTest.java,run.halo.app.core.extension.reconciler.ThemeReconcilerTest,themeSettingDefaultValue/0,reconcile,4
C:\halo-main\application\src\test\java\run\halo\app\core\extension\reconciler\ThemeReconcilerTest.java,run.halo.app.core.extension.reconciler.ThemeReconcilerTest,themeSettingDefaultValue/0,metadata,8
C:\halo-main\application\src\test\java\run\halo\app\core\extension\reconciler\ThemeReconcilerTest.java,run.halo.app.core.extension.reconciler.ThemeReconcilerTest,themeSettingDefaultValue/0,data,1
C:\halo-main\application\src\test\java\run\halo\app\core\extension\reconciler\ThemeReconcilerTest.java,run.halo.app.core.extension.reconciler.ThemeReconcilerTest,themeSettingDefaultValue/0,defaultValueConfigMap,1
C:\halo-main\application\src\test\java\run\halo\app\core\extension\reconciler\ThemeReconcilerTest.java,run.halo.app.core.extension.reconciler.ThemeReconcilerTest,themeSettingDefaultValue/0,theme,6
C:\halo-main\application\src\test\java\run\halo\app\core\extension\reconciler\ThemeReconcilerTest.java,run.halo.app.core.extension.reconciler.ThemeReconcilerTest,themeSettingDefaultValue/0,testWorkDir,2
C:\halo-main\application\src\test\java\run\halo\app\core\extension\reconciler\ThemeReconcilerTest.java,run.halo.app.core.extension.reconciler.ThemeReconcilerTest,themeSettingDefaultValue/0,configMapCaptor,2
C:\halo-main\application\src\test\java\run\halo\app\core\extension\reconciler\ThemeReconcilerTest.java,run.halo.app.core.extension.reconciler.ThemeReconcilerTest,themeSettingDefaultValue/0,themeSpec,7
C:\halo-main\application\src\test\java\run\halo\app\core\extension\reconciler\ThemeReconcilerTest.java,run.halo.app.core.extension.reconciler.ThemeReconcilerTest,themeSettingDefaultValue/0,value,1
C:\halo-main\application\src\test\java\run\halo\app\core\extension\reconciler\ThemeReconcilerTest.java,run.halo.app.core.extension.reconciler.ThemeReconcilerTest,themeSettingDefaultValue/0,captor,2
C:\halo-main\application\src\test\java\run\halo\app\core\extension\reconciler\ThemeReconcilerTest.java,run.halo.app.core.extension.reconciler.ThemeReconcilerTest,fakeTheme/0,metadata,4
C:\halo-main\application\src\test\java\run\halo\app\core\extension\reconciler\ThemeReconcilerTest.java,run.halo.app.core.extension.reconciler.ThemeReconcilerTest,fakeTheme/0,theme,6
C:\halo-main\application\src\test\java\run\halo\app\core\extension\reconciler\ThemeReconcilerTest.java,run.halo.app.core.extension.reconciler.ThemeReconcilerTest,fakeTheme/0,themeSpec,2
C:\halo-main\application\src\test\java\run\halo\app\core\extension\reconciler\ThemeReconcilerTest.java,run.halo.app.core.extension.reconciler.ThemeReconcilerTest,getFakeSetting/0,settingJson,1
C:\halo-main\application\src\test\java\run\halo\app\core\extension\reconciler\ThemeReconcilerTest.java,run.halo.app.core.extension.reconciler.ThemeReconcilerTest,reconcileDeleteRetry/0,themeReconciler,1
C:\halo-main\application\src\test\java\run\halo\app\core\extension\reconciler\ThemeReconcilerTest.java,run.halo.app.core.extension.reconciler.ThemeReconcilerTest,reconcileDeleteRetry/0,metadata,2
C:\halo-main\application\src\test\java\run\halo\app\core\extension\reconciler\ThemeReconcilerTest.java,run.halo.app.core.extension.reconciler.ThemeReconcilerTest,reconcileDeleteRetry/0,invocation,1
C:\halo-main\application\src\test\java\run\halo\app\core\extension\reconciler\ThemeReconcilerTest.java,run.halo.app.core.extension.reconciler.ThemeReconcilerTest,reconcileDeleteRetry/0,retryFlags,4
C:\halo-main\application\src\test\java\run\halo\app\core\extension\reconciler\ThemeReconcilerTest.java,run.halo.app.core.extension.reconciler.ThemeReconcilerTest,reconcileDeleteRetry/0,theme,2
C:\halo-main\application\src\test\java\run\halo\app\core\extension\reconciler\ThemeReconcilerTest.java,run.halo.app.core.extension.reconciler.ThemeReconcilerTest,reconcileDeleteRetry/0,testWorkDir,1
C:\halo-main\application\src\test\java\run\halo\app\core\extension\reconciler\ThemeReconcilerTest.java,run.halo.app.core.extension.reconciler.ThemeReconcilerTest,reconcileDeleteRetry/0,settingName,1
C:\halo-main\application\src\test\java\run\halo\app\core\extension\reconciler\ThemeReconcilerTest.java,run.halo.app.core.extension.reconciler.ThemeReconcilerTest,reconcileDelete/0,themeReconciler,1
C:\halo-main\application\src\test\java\run\halo\app\core\extension\reconciler\ThemeReconcilerTest.java,run.halo.app.core.extension.reconciler.ThemeReconcilerTest,reconcileDelete/0,defaultThemePath,3
C:\halo-main\application\src\test\java\run\halo\app\core\extension\reconciler\ThemeReconcilerTest.java,run.halo.app.core.extension.reconciler.ThemeReconcilerTest,reconcileDelete/0,metadata,6
C:\halo-main\application\src\test\java\run\halo\app\core\extension\reconciler\ThemeReconcilerTest.java,run.halo.app.core.extension.reconciler.ThemeReconcilerTest,reconcileDelete/0,themePathPolicy,1
C:\halo-main\application\src\test\java\run\halo\app\core\extension\reconciler\ThemeReconcilerTest.java,run.halo.app.core.extension.reconciler.ThemeReconcilerTest,reconcileDelete/0,theme,6
C:\halo-main\application\src\test\java\run\halo\app\core\extension\reconciler\ThemeReconcilerTest.java,run.halo.app.core.extension.reconciler.ThemeReconcilerTest,reconcileDelete/0,testWorkDir,5
C:\halo-main\application\src\test\java\run\halo\app\core\extension\reconciler\ThemeReconcilerTest.java,run.halo.app.core.extension.reconciler.ThemeReconcilerTest,reconcileDelete/0,themeSpec,4
C:\halo-main\application\src\test\java\run\halo\app\core\extension\reconciler\ThemeReconcilerTest.java,run.halo.app.core.extension.reconciler.ThemeReconcilerTest,reconcileStatus/0,themeReconciler,2
C:\halo-main\application\src\test\java\run\halo\app\core\extension\reconciler\ThemeReconcilerTest.java,run.halo.app.core.extension.reconciler.ThemeReconcilerTest,reconcileStatus/0,themeUpdateCaptor,4
C:\halo-main\application\src\test\java\run\halo\app\core\extension\reconciler\ThemeReconcilerTest.java,run.halo.app.core.extension.reconciler.ThemeReconcilerTest,reconcileStatus/0,theme,5
C:\halo-main\application\src\test\java\run\halo\app\core\extension\reconciler\ThemeReconcilerTest.java,run.halo.app.core.extension.reconciler.ThemeReconcilerTest,reconcileStatus/0,testWorkDir,1
C:\halo-main\application\src\test\java\run\halo\app\core\extension\reconciler\ThemeReconcilerTest.java,run.halo.app.core.extension.reconciler.ThemeReconcilerTest,reconcileStatus/0,value,3
C:\halo-main\application\src\test\java\run\halo\app\core\extension\reconciler\ThemeReconcilerTest.java,run.halo.app.core.extension.reconciler.ThemeReconcilerTest,reconcileDeleteRetryWhenThrowException/0,themeReconciler,1
C:\halo-main\application\src\test\java\run\halo\app\core\extension\reconciler\ThemeReconcilerTest.java,run.halo.app.core.extension.reconciler.ThemeReconcilerTest,reconcileDeleteRetryWhenThrowException/0,invocation,0
C:\halo-main\application\src\test\java\run\halo\app\core\extension\reconciler\ThemeReconcilerTest.java,run.halo.app.core.extension.reconciler.ThemeReconcilerTest,reconcileDeleteRetryWhenThrowException/0,retryFlags,2
C:\halo-main\application\src\test\java\run\halo\app\core\extension\reconciler\ThemeReconcilerTest.java,run.halo.app.core.extension.reconciler.ThemeReconcilerTest,reconcileDeleteRetryWhenThrowException/0,theme,2
C:\halo-main\application\src\test\java\run\halo\app\core\extension\reconciler\ThemeReconcilerTest.java,run.halo.app.core.extension.reconciler.ThemeReconcilerTest,reconcileDeleteRetryWhenThrowException/0,testWorkDir,1
C:\halo-main\application\src\test\java\run\halo\app\core\extension\reconciler\ThemeReconcilerTest.java,run.halo.app.core.extension.reconciler.ThemeReconcilerTest,reconcileDeleteRetryWhenThrowException/0,settingName,1
C:\halo-main\application\src\test\java\run\halo\app\core\extension\reconciler\SystemSettingReconcilerTest.java,run.halo.app.core.extension.reconciler.SystemSettingReconcilerTest,changePostPatternPrefixIfNecessary/0,result,1
C:\halo-main\application\src\test\java\run\halo\app\core\extension\reconciler\SystemSettingReconcilerTest.java,run.halo.app.core.extension.reconciler.SystemSettingReconcilerTest,changePostPatternPrefixIfNecessary/0,newRouteRules,4
C:\halo-main\application\src\test\java\run\halo\app\core\extension\reconciler\SystemSettingReconcilerTest.java,run.halo.app.core.extension.reconciler.SystemSettingReconcilerTest,reconcileTagsRule/0,configMap,2
C:\halo-main\application\src\test\java\run\halo\app\core\extension\reconciler\SystemSettingReconcilerTest.java,run.halo.app.core.extension.reconciler.SystemSettingReconcilerTest,reconcileTagsRule/0,updatedConfigMap,2
C:\halo-main\application\src\test\java\run\halo\app\core\extension\reconciler\SystemSettingReconcilerTest.java,run.halo.app.core.extension.reconciler.SystemSettingReconcilerTest,reconcileTagsRule/0,rules,2
C:\halo-main\application\src\test\java\run\halo\app\core\extension\reconciler\SystemSettingReconcilerTest.java,run.halo.app.core.extension.reconciler.SystemSettingReconcilerTest,reconcileTagsRule/0,captor,2
C:\halo-main\application\src\test\java\run\halo\app\core\extension\reconciler\SystemSettingReconcilerTest.java,run.halo.app.core.extension.reconciler.SystemSettingReconcilerTest,reconcilePostRule/0,configMap,2
C:\halo-main\application\src\test\java\run\halo\app\core\extension\reconciler\SystemSettingReconcilerTest.java,run.halo.app.core.extension.reconciler.SystemSettingReconcilerTest,reconcilePostRule/0,updatedConfigMap,2
C:\halo-main\application\src\test\java\run\halo\app\core\extension\reconciler\SystemSettingReconcilerTest.java,run.halo.app.core.extension.reconciler.SystemSettingReconcilerTest,reconcilePostRule/0,rules,2
C:\halo-main\application\src\test\java\run\halo\app\core\extension\reconciler\SystemSettingReconcilerTest.java,run.halo.app.core.extension.reconciler.SystemSettingReconcilerTest,reconcilePostRule/0,captor,2
C:\halo-main\application\src\test\java\run\halo\app\core\extension\reconciler\SystemSettingReconcilerTest.java,run.halo.app.core.extension.reconciler.SystemSettingReconcilerTest,reconcileCategoriesRule/0,configMap,2
C:\halo-main\application\src\test\java\run\halo\app\core\extension\reconciler\SystemSettingReconcilerTest.java,run.halo.app.core.extension.reconciler.SystemSettingReconcilerTest,reconcileCategoriesRule/0,updatedConfigMap,2
C:\halo-main\application\src\test\java\run\halo\app\core\extension\reconciler\SystemSettingReconcilerTest.java,run.halo.app.core.extension.reconciler.SystemSettingReconcilerTest,reconcileCategoriesRule/0,rules,2
C:\halo-main\application\src\test\java\run\halo\app\core\extension\reconciler\SystemSettingReconcilerTest.java,run.halo.app.core.extension.reconciler.SystemSettingReconcilerTest,reconcileCategoriesRule/0,captor,2
C:\halo-main\application\src\test\java\run\halo\app\core\extension\reconciler\SystemSettingReconcilerTest.java,run.halo.app.core.extension.reconciler.SystemSettingReconcilerTest,"systemConfigMapForRouteRule/1[java.util.function.Function<SystemSetting.ThemeRouteRules,SystemSetting.ThemeRouteRules>]",metadata,3
C:\halo-main\application\src\test\java\run\halo\app\core\extension\reconciler\SystemSettingReconcilerTest.java,run.halo.app.core.extension.reconciler.SystemSettingReconcilerTest,"systemConfigMapForRouteRule/1[java.util.function.Function<SystemSetting.ThemeRouteRules,SystemSetting.ThemeRouteRules>]",configMap,3
C:\halo-main\application\src\test\java\run\halo\app\core\extension\reconciler\SystemSettingReconcilerTest.java,run.halo.app.core.extension.reconciler.SystemSettingReconcilerTest,"systemConfigMapForRouteRule/1[java.util.function.Function<SystemSetting.ThemeRouteRules,SystemSetting.ThemeRouteRules>]",newRules,1
C:\halo-main\application\src\test\java\run\halo\app\core\extension\reconciler\SystemSettingReconcilerTest.java,run.halo.app.core.extension.reconciler.SystemSettingReconcilerTest,"systemConfigMapForRouteRule/1[java.util.function.Function<SystemSetting.ThemeRouteRules,SystemSetting.ThemeRouteRules>]",function,1
C:\halo-main\application\src\test\java\run\halo\app\core\extension\reconciler\SystemSettingReconcilerTest.java,run.halo.app.core.extension.reconciler.SystemSettingReconcilerTest,"systemConfigMapForRouteRule/1[java.util.function.Function<SystemSetting.ThemeRouteRules,SystemSetting.ThemeRouteRules>]",annotations,2
C:\halo-main\application\src\test\java\run\halo\app\core\extension\reconciler\SystemSettingReconcilerTest.java,run.halo.app.core.extension.reconciler.SystemSettingReconcilerTest,"systemConfigMapForRouteRule/1[java.util.function.Function<SystemSetting.ThemeRouteRules,SystemSetting.ThemeRouteRules>]",themeRouteRules,6
C:\halo-main\application\src\test\java\run\halo\app\core\extension\reconciler\SystemSettingReconcilerTest.java,run.halo.app.core.extension.reconciler.SystemSettingReconcilerTest,oldRulesFromAnno/1[run.halo.app.core.extension.reconciler.ConfigMap],s,1
C:\halo-main\application\src\test\java\run\halo\app\core\extension\reconciler\SystemSettingReconcilerTest.java,run.halo.app.core.extension.reconciler.SystemSettingReconcilerTest,oldRulesFromAnno/1[run.halo.app.core.extension.reconciler.ConfigMap],configMap,1
C:\halo-main\application\src\test\java\run\halo\app\core\extension\reconciler\SystemSettingReconcilerTest.java,run.halo.app.core.extension.reconciler.SystemSettingReconcilerTest,oldRulesFromAnno/1[run.halo.app.core.extension.reconciler.ConfigMap],annotations,1
C:\halo-main\application\src\test\java\run\halo\app\core\extension\reconciler\SystemSettingReconcilerTest.java,run.halo.app.core.extension.reconciler.SystemSettingReconcilerTest,reconcileArchivesRouteRule/0,configMap,2
C:\halo-main\application\src\test\java\run\halo\app\core\extension\reconciler\SystemSettingReconcilerTest.java,run.halo.app.core.extension.reconciler.SystemSettingReconcilerTest,reconcileArchivesRouteRule/0,updatedConfigMap,4
C:\halo-main\application\src\test\java\run\halo\app\core\extension\reconciler\SystemSettingReconcilerTest.java,run.halo.app.core.extension.reconciler.SystemSettingReconcilerTest,reconcileArchivesRouteRule/0,rules,2
C:\halo-main\application\src\test\java\run\halo\app\core\extension\reconciler\SystemSettingReconcilerTest.java,run.halo.app.core.extension.reconciler.SystemSettingReconcilerTest,reconcileArchivesRouteRule/0,captor,2
C:\halo-main\application\src\test\java\run\halo\app\core\extension\reconciler\SystemSettingReconcilerTest.java,run.halo.app.core.extension.reconciler.SystemSettingReconcilerTest,rulesFrom/1[run.halo.app.core.extension.reconciler.ConfigMap],s,1
C:\halo-main\application\src\test\java\run\halo\app\core\extension\reconciler\SystemSettingReconcilerTest.java,run.halo.app.core.extension.reconciler.SystemSettingReconcilerTest,rulesFrom/1[run.halo.app.core.extension.reconciler.ConfigMap],configMap,1
C:\halo-main\application\src\test\java\run\halo\app\plugin\YamlPluginDescriptorFinderTest.java,run.halo.app.plugin.YamlPluginDescriptorFinderTest,setUp/0,targetJarPath,2
C:\halo-main\application\src\test\java\run\halo\app\plugin\YamlPluginDescriptorFinderTest.java,run.halo.app.plugin.YamlPluginDescriptorFinderTest,setUp/0,plugin002Uri,1
C:\halo-main\application\src\test\java\run\halo\app\plugin\YamlPluginDescriptorFinderTest.java,run.halo.app.plugin.YamlPluginDescriptorFinderTest,isApplicable/0,tempZipFile,2
C:\halo-main\application\src\test\java\run\halo\app\plugin\YamlPluginDescriptorFinderTest.java,run.halo.app.plugin.YamlPluginDescriptorFinderTest,isApplicable/0,applicable,7
C:\halo-main\application\src\test\java\run\halo\app\plugin\YamlPluginDescriptorFinderTest.java,run.halo.app.plugin.YamlPluginDescriptorFinderTest,isApplicable/0,tempJarFile,3
C:\halo-main\application\src\test\java\run\halo\app\plugin\YamlPluginDescriptorFinderTest.java,run.halo.app.plugin.YamlPluginDescriptorFinderTest,find/0,actual,1
C:\halo-main\application\src\test\java\run\halo\app\plugin\YamlPluginDescriptorFinderTest.java,run.halo.app.plugin.YamlPluginDescriptorFinderTest,find/0,pluginDescriptor,1
C:\halo-main\application\src\main\java\run\halo\app\theme\dialect\HaloTrackerProcessor.java,run.halo.app.theme.dialect.HaloTrackerProcessor,getTrackerScript/1[run.halo.app.theme.dialect.ITemplateContext],externalUrl,1
C:\halo-main\application\src\main\java\run\halo\app\theme\dialect\HaloTrackerProcessor.java,run.halo.app.theme.dialect.HaloTrackerProcessor,getTrackerScript/1[run.halo.app.theme.dialect.ITemplateContext],plural,2
C:\halo-main\application\src\main\java\run\halo\app\theme\dialect\HaloTrackerProcessor.java,run.halo.app.theme.dialect.HaloTrackerProcessor,getTrackerScript/1[run.halo.app.theme.dialect.ITemplateContext],context,3
C:\halo-main\application\src\main\java\run\halo\app\theme\dialect\HaloTrackerProcessor.java,run.halo.app.theme.dialect.HaloTrackerProcessor,getTrackerScript/1[run.halo.app.theme.dialect.ITemplateContext],resourceName,1
C:\halo-main\application\src\main\java\run\halo\app\theme\dialect\HaloTrackerProcessor.java,run.halo.app.theme.dialect.HaloTrackerProcessor,getTrackerScript/1[run.halo.app.theme.dialect.ITemplateContext],groupVersionKind,2
C:\halo-main\application\src\main\java\run\halo\app\theme\dialect\HaloTrackerProcessor.java,run.halo.app.theme.dialect.HaloTrackerProcessor,HaloTrackerProcessor/1[run.halo.app.infra.properties.HaloProperties],haloProperties,2
C:\halo-main\application\src\main\java\run\halo\app\theme\dialect\HaloTrackerProcessor.java,run.halo.app.theme.dialect.HaloTrackerProcessor,"process/3[run.halo.app.theme.dialect.ITemplateContext,run.halo.app.theme.dialect.IModel,run.halo.app.theme.dialect.IElementModelStructureHandler]",structureHandler,0
C:\halo-main\application\src\main\java\run\halo\app\theme\dialect\HaloTrackerProcessor.java,run.halo.app.theme.dialect.HaloTrackerProcessor,"process/3[run.halo.app.theme.dialect.ITemplateContext,run.halo.app.theme.dialect.IModel,run.halo.app.theme.dialect.IElementModelStructureHandler]",context,2
C:\halo-main\application\src\main\java\run\halo\app\theme\dialect\HaloTrackerProcessor.java,run.halo.app.theme.dialect.HaloTrackerProcessor,"process/3[run.halo.app.theme.dialect.ITemplateContext,run.halo.app.theme.dialect.IModel,run.halo.app.theme.dialect.IElementModelStructureHandler]",trackerScript,2
C:\halo-main\application\src\main\java\run\halo\app\theme\dialect\HaloTrackerProcessor.java,run.halo.app.theme.dialect.HaloTrackerProcessor,"process/3[run.halo.app.theme.dialect.ITemplateContext,run.halo.app.theme.dialect.IModel,run.halo.app.theme.dialect.IElementModelStructureHandler]",model,1
C:\halo-main\application\src\main\java\run\halo\app\theme\dialect\HaloTrackerProcessor.java,run.halo.app.theme.dialect.HaloTrackerProcessor,"process/3[run.halo.app.theme.dialect.ITemplateContext,run.halo.app.theme.dialect.IModel,run.halo.app.theme.dialect.IElementModelStructureHandler]",modelFactory,1
C:\halo-main\application\src\main\java\run\halo\app\theme\dialect\HaloTrackerProcessor.java,run.halo.app.theme.dialect.HaloTrackerProcessor,"trackerScript/4[java.lang.String,java.lang.String,java.lang.String,java.lang.String]",jsSrc,1
C:\halo-main\application\src\main\java\run\halo\app\theme\dialect\HaloTrackerProcessor.java,run.halo.app.theme.dialect.HaloTrackerProcessor,"trackerScript/4[java.lang.String,java.lang.String,java.lang.String,java.lang.String]",externalUrl,1
C:\halo-main\application\src\main\java\run\halo\app\theme\dialect\HaloTrackerProcessor.java,run.halo.app.theme.dialect.HaloTrackerProcessor,"trackerScript/4[java.lang.String,java.lang.String,java.lang.String,java.lang.String]",plural,1
C:\halo-main\application\src\main\java\run\halo\app\theme\dialect\HaloTrackerProcessor.java,run.halo.app.theme.dialect.HaloTrackerProcessor,"trackerScript/4[java.lang.String,java.lang.String,java.lang.String,java.lang.String]",name,1
C:\halo-main\application\src\main\java\run\halo\app\theme\dialect\HaloTrackerProcessor.java,run.halo.app.theme.dialect.HaloTrackerProcessor,"trackerScript/4[java.lang.String,java.lang.String,java.lang.String,java.lang.String]",group,1
C:\halo-main\application\src\test\java\run\halo\app\core\extension\endpoint\UserEndpointTest.java,run.halo.app.core.extension.endpoint.UserEndpointTest,setUp/0,role,2
C:\halo-main\application\src\test\java\run\halo\app\core\extension\endpoint\UserEndpointTest.java,run.halo.app.core.extension.endpoint.UserEndpointTest,setUp/0,rule,1
C:\halo-main\application\src\test\java\run\halo\app\extension\FakeExtension.java,run.halo.app.extension.FakeExtension,createFake/1[java.lang.String],metadata,2
C:\halo-main\application\src\test\java\run\halo\app\extension\FakeExtension.java,run.halo.app.extension.FakeExtension,createFake/1[java.lang.String],name,1
C:\halo-main\application\src\test\java\run\halo\app\extension\FakeExtension.java,run.halo.app.extension.FakeExtension,createFake/1[java.lang.String],fake,2
C:\halo-main\application\src\test\java\run\halo\app\security\authorization\RequestInfoResolverTest.java,run.halo.app.security.authorization.RequestInfoResolverTest,"assertRequestInfoCase/2[run.halo.app.security.authorization.CustomSuccessCase,run.halo.app.security.authorization.RequestInfo]",pluginScopedCase,6
C:\halo-main\application\src\test\java\run\halo\app\security\authorization\RequestInfoResolverTest.java,run.halo.app.security.authorization.RequestInfoResolverTest,"assertRequestInfoCase/2[run.halo.app.security.authorization.CustomSuccessCase,run.halo.app.security.authorization.RequestInfo]",requestInfo,6
C:\halo-main\application\src\test\java\run\halo\app\security\authorization\RequestInfoResolverTest.java,run.halo.app.security.authorization.RequestInfoResolverTest,"SuccessCase/11[java.lang.String,java.lang.String,java.lang.String,java.lang.String,java.lang.String,java.lang.String,java.lang.String,java.lang.String,java.lang.String,java.lang.String,java.lang.String[]]",expectedName,0
C:\halo-main\application\src\test\java\run\halo\app\security\authorization\RequestInfoResolverTest.java,run.halo.app.security.authorization.RequestInfoResolverTest,"SuccessCase/11[java.lang.String,java.lang.String,java.lang.String,java.lang.String,java.lang.String,java.lang.String,java.lang.String,java.lang.String,java.lang.String,java.lang.String,java.lang.String[]]",expectedVerb,0
C:\halo-main\application\src\test\java\run\halo\app\security\authorization\RequestInfoResolverTest.java,run.halo.app.security.authorization.RequestInfoResolverTest,"SuccessCase/11[java.lang.String,java.lang.String,java.lang.String,java.lang.String,java.lang.String,java.lang.String,java.lang.String,java.lang.String,java.lang.String,java.lang.String,java.lang.String[]]",expectedAPIPrefix,0
C:\halo-main\application\src\test\java\run\halo\app\security\authorization\RequestInfoResolverTest.java,run.halo.app.security.authorization.RequestInfoResolverTest,"SuccessCase/11[java.lang.String,java.lang.String,java.lang.String,java.lang.String,java.lang.String,java.lang.String,java.lang.String,java.lang.String,java.lang.String,java.lang.String,java.lang.String[]]",method,0
C:\halo-main\application\src\test\java\run\halo\app\security\authorization\RequestInfoResolverTest.java,run.halo.app.security.authorization.RequestInfoResolverTest,"SuccessCase/11[java.lang.String,java.lang.String,java.lang.String,java.lang.String,java.lang.String,java.lang.String,java.lang.String,java.lang.String,java.lang.String,java.lang.String,java.lang.String[]]",expectedParts,0
C:\halo-main\application\src\test\java\run\halo\app\security\authorization\RequestInfoResolverTest.java,run.halo.app.security.authorization.RequestInfoResolverTest,"SuccessCase/11[java.lang.String,java.lang.String,java.lang.String,java.lang.String,java.lang.String,java.lang.String,java.lang.String,java.lang.String,java.lang.String,java.lang.String,java.lang.String[]]",expectedResource,0
C:\halo-main\application\src\test\java\run\halo\app\security\authorization\RequestInfoResolverTest.java,run.halo.app.security.authorization.RequestInfoResolverTest,"SuccessCase/11[java.lang.String,java.lang.String,java.lang.String,java.lang.String,java.lang.String,java.lang.String,java.lang.String,java.lang.String,java.lang.String,java.lang.String,java.lang.String[]]",expectedAPIGroup,0
C:\halo-main\application\src\test\java\run\halo\app\security\authorization\RequestInfoResolverTest.java,run.halo.app.security.authorization.RequestInfoResolverTest,"SuccessCase/11[java.lang.String,java.lang.String,java.lang.String,java.lang.String,java.lang.String,java.lang.String,java.lang.String,java.lang.String,java.lang.String,java.lang.String,java.lang.String[]]",expectedAPIVersion,0
C:\halo-main\application\src\test\java\run\halo\app\security\authorization\RequestInfoResolverTest.java,run.halo.app.security.authorization.RequestInfoResolverTest,"SuccessCase/11[java.lang.String,java.lang.String,java.lang.String,java.lang.String,java.lang.String,java.lang.String,java.lang.String,java.lang.String,java.lang.String,java.lang.String,java.lang.String[]]",expectedSubresource,0
C:\halo-main\application\src\test\java\run\halo\app\security\authorization\RequestInfoResolverTest.java,run.halo.app.security.authorization.RequestInfoResolverTest,"SuccessCase/11[java.lang.String,java.lang.String,java.lang.String,java.lang.String,java.lang.String,java.lang.String,java.lang.String,java.lang.String,java.lang.String,java.lang.String,java.lang.String[]]",expectedNamespace,0
C:\halo-main\application\src\test\java\run\halo\app\security\authorization\RequestInfoResolverTest.java,run.halo.app.security.authorization.RequestInfoResolverTest,"SuccessCase/11[java.lang.String,java.lang.String,java.lang.String,java.lang.String,java.lang.String,java.lang.String,java.lang.String,java.lang.String,java.lang.String,java.lang.String,java.lang.String[]]",url,0
C:\halo-main\application\src\test\java\run\halo\app\security\authorization\RequestInfoResolverTest.java,run.halo.app.security.authorization.RequestInfoResolverTest,requestInfoTest/0,request,1
C:\halo-main\application\src\test\java\run\halo\app\security\authorization\RequestInfoResolverTest.java,run.halo.app.security.authorization.RequestInfoResolverTest,requestInfoTest/0,requestInfo,9
C:\halo-main\application\src\test\java\run\halo\app\security\authorization\RequestInfoResolverTest.java,run.halo.app.security.authorization.RequestInfoResolverTest,requestInfoTest/0,successCase,12
C:\halo-main\application\src\test\java\run\halo\app\security\authorization\RequestInfoResolverTest.java,run.halo.app.security.authorization.RequestInfoResolverTest,pluginsScopedAndPluginManage/0,request,3
C:\halo-main\application\src\test\java\run\halo\app\security\authorization\RequestInfoResolverTest.java,run.halo.app.security.authorization.RequestInfoResolverTest,pluginsScopedAndPluginManage/0,testCases,1
C:\halo-main\application\src\test\java\run\halo\app\security\authorization\RequestInfoResolverTest.java,run.halo.app.security.authorization.RequestInfoResolverTest,pluginsScopedAndPluginManage/0,pluginScopedCases,1
C:\halo-main\application\src\test\java\run\halo\app\security\authorization\RequestInfoResolverTest.java,run.halo.app.security.authorization.RequestInfoResolverTest,pluginsScopedAndPluginManage/0,pluginScopedCase,3
C:\halo-main\application\src\test\java\run\halo\app\security\authorization\RequestInfoResolverTest.java,run.halo.app.security.authorization.RequestInfoResolverTest,pluginsScopedAndPluginManage/0,requestInfo,5
C:\halo-main\application\src\test\java\run\halo\app\security\authorization\RequestInfoResolverTest.java,run.halo.app.security.authorization.RequestInfoResolverTest,pluginsScopedAndPluginManage/0,successCase,3
C:\halo-main\application\src\test\java\run\halo\app\security\authorization\RequestInfoResolverTest.java,run.halo.app.security.authorization.RequestInfoResolverTest,defaultRuleResolverTest/0,request,1
C:\halo-main\application\src\test\java\run\halo\app\security\authorization\RequestInfoResolverTest.java,run.halo.app.security.authorization.RequestInfoResolverTest,defaultRuleResolverTest/0,metadata,2
C:\halo-main\application\src\test\java\run\halo\app\security\authorization\RequestInfoResolverTest.java,run.halo.app.security.authorization.RequestInfoResolverTest,defaultRuleResolverTest/0,role,3
C:\halo-main\application\src\test\java\run\halo\app\security\authorization\RequestInfoResolverTest.java,run.halo.app.security.authorization.RequestInfoResolverTest,defaultRuleResolverTest/0,requestResolveCase,3
C:\halo-main\application\src\test\java\run\halo\app\security\authorization\RequestInfoResolverTest.java,run.halo.app.security.authorization.RequestInfoResolverTest,defaultRuleResolverTest/0,allowed,1
C:\halo-main\application\src\test\java\run\halo\app\security\authorization\RequestInfoResolverTest.java,run.halo.app.security.authorization.RequestInfoResolverTest,defaultRuleResolverTest/0,rules,1
C:\halo-main\application\src\test\java\run\halo\app\security\authorization\RequestInfoResolverTest.java,run.halo.app.security.authorization.RequestInfoResolverTest,defaultRuleResolverTest/0,rbacRequestEvaluation,1
C:\halo-main\application\src\test\java\run\halo\app\security\authorization\RequestInfoResolverTest.java,run.halo.app.security.authorization.RequestInfoResolverTest,defaultRuleResolverTest/0,authorities,0
C:\halo-main\application\src\test\java\run\halo\app\security\authorization\RequestInfoResolverTest.java,run.halo.app.security.authorization.RequestInfoResolverTest,defaultRuleResolverTest/0,requestInfo,1
C:\halo-main\application\src\test\java\run\halo\app\security\authorization\RequestInfoResolverTest.java,run.halo.app.security.authorization.RequestInfoResolverTest,defaultRuleResolverTest/0,attributes,1
C:\halo-main\application\src\test\java\run\halo\app\security\authorization\RequestInfoResolverTest.java,run.halo.app.security.authorization.RequestInfoResolverTest,defaultRuleResolverTest/0,ruleResolver,2
C:\halo-main\application\src\test\java\run\halo\app\security\authorization\RequestInfoResolverTest.java,run.halo.app.security.authorization.RequestInfoResolverTest,defaultRuleResolverTest/0,user,2
C:\halo-main\application\src\test\java\run\halo\app\security\authorization\RequestInfoResolverTest.java,run.halo.app.security.authorization.RequestInfoResolverTest,defaultRuleResolverTest/0,roleService,2
C:\halo-main\application\src\test\java\run\halo\app\security\authorization\RequestInfoResolverTest.java,run.halo.app.security.authorization.RequestInfoResolverTest,defaultRuleResolverTest/0,resolvedRules,2
C:\halo-main\application\src\test\java\run\halo\app\security\authorization\RequestInfoResolverTest.java,run.halo.app.security.authorization.RequestInfoResolverTest,"RequestResolveCase/3[java.lang.String,java.lang.String,boolean]",method,0
C:\halo-main\application\src\test\java\run\halo\app\security\authorization\RequestInfoResolverTest.java,run.halo.app.security.authorization.RequestInfoResolverTest,"RequestResolveCase/3[java.lang.String,java.lang.String,boolean]",expected,0
C:\halo-main\application\src\test\java\run\halo\app\security\authorization\RequestInfoResolverTest.java,run.halo.app.security.authorization.RequestInfoResolverTest,"RequestResolveCase/3[java.lang.String,java.lang.String,boolean]",url,0
C:\halo-main\application\src\test\java\run\halo\app\security\authorization\RequestInfoResolverTest.java,run.halo.app.security.authorization.RequestInfoResolverTest,getTestRequestInfos/0,namespaceAll,5
C:\halo-main\application\src\test\java\run\halo\app\security\authorization\RequestInfoResolverTest.java,run.halo.app.security.authorization.RequestInfoResolverTest,nonApiRequestInfoTest/0,request,1
C:\halo-main\application\src\test\java\run\halo\app\security\authorization\RequestInfoResolverTest.java,run.halo.app.security.authorization.RequestInfoResolverTest,nonApiRequestInfoTest/0,v,3
C:\halo-main\application\src\test\java\run\halo\app\security\authorization\RequestInfoResolverTest.java,run.halo.app.security.authorization.RequestInfoResolverTest,nonApiRequestInfoTest/0,requestInfo,2
C:\halo-main\application\src\test\java\run\halo\app\security\authorization\RequestInfoResolverTest.java,run.halo.app.security.authorization.RequestInfoResolverTest,nonApiRequestInfoTest/0,k,1
C:\halo-main\application\src\test\java\run\halo\app\security\authorization\RequestInfoResolverTest.java,run.halo.app.security.authorization.RequestInfoResolverTest,nonApiRequestInfoTest/0,map,14
C:\halo-main\application\src\test\java\run\halo\app\security\authorization\RequestInfoResolverTest.java,run.halo.app.security.authorization.RequestInfoResolverTest,errorCaseTest/0,request,3
C:\halo-main\application\src\test\java\run\halo\app\security\authorization\RequestInfoResolverTest.java,run.halo.app.security.authorization.RequestInfoResolverTest,errorCaseTest/0,errorCase,5
C:\halo-main\application\src\test\java\run\halo\app\security\authorization\RequestInfoResolverTest.java,run.halo.app.security.authorization.RequestInfoResolverTest,errorCaseTest/0,errorCases,1
C:\halo-main\application\src\test\java\run\halo\app\security\authorization\RequestInfoResolverTest.java,run.halo.app.security.authorization.RequestInfoResolverTest,errorCaseTest/0,apiRequestInfo,3
C:\halo-main\application\src\test\java\run\halo\app\security\authorization\RequestInfoResolverTest.java,run.halo.app.security.authorization.RequestInfoResolverTest,errorCaseTest/0,postCases,1
C:\halo-main\application\src\test\java\run\halo\app\security\authorization\RequestInfoResolverTest.java,run.halo.app.security.authorization.RequestInfoResolverTest,"CustomSuccessCase/12[java.lang.String,java.lang.String,java.lang.String,java.lang.String,java.lang.String,java.lang.String,java.lang.String,java.lang.String,java.lang.String,java.lang.String,java.lang.String,java.lang.String[]]",expectedName,0
C:\halo-main\application\src\test\java\run\halo\app\security\authorization\RequestInfoResolverTest.java,run.halo.app.security.authorization.RequestInfoResolverTest,"CustomSuccessCase/12[java.lang.String,java.lang.String,java.lang.String,java.lang.String,java.lang.String,java.lang.String,java.lang.String,java.lang.String,java.lang.String,java.lang.String,java.lang.String,java.lang.String[]]",expectedVerb,0
C:\halo-main\application\src\test\java\run\halo\app\security\authorization\RequestInfoResolverTest.java,run.halo.app.security.authorization.RequestInfoResolverTest,"CustomSuccessCase/12[java.lang.String,java.lang.String,java.lang.String,java.lang.String,java.lang.String,java.lang.String,java.lang.String,java.lang.String,java.lang.String,java.lang.String,java.lang.String,java.lang.String[]]",expectedAPIPrefix,0
C:\halo-main\application\src\test\java\run\halo\app\security\authorization\RequestInfoResolverTest.java,run.halo.app.security.authorization.RequestInfoResolverTest,"CustomSuccessCase/12[java.lang.String,java.lang.String,java.lang.String,java.lang.String,java.lang.String,java.lang.String,java.lang.String,java.lang.String,java.lang.String,java.lang.String,java.lang.String,java.lang.String[]]",method,0
C:\halo-main\application\src\test\java\run\halo\app\security\authorization\RequestInfoResolverTest.java,run.halo.app.security.authorization.RequestInfoResolverTest,"CustomSuccessCase/12[java.lang.String,java.lang.String,java.lang.String,java.lang.String,java.lang.String,java.lang.String,java.lang.String,java.lang.String,java.lang.String,java.lang.String,java.lang.String,java.lang.String[]]",expectedParts,0
C:\halo-main\application\src\test\java\run\halo\app\security\authorization\RequestInfoResolverTest.java,run.halo.app.security.authorization.RequestInfoResolverTest,"CustomSuccessCase/12[java.lang.String,java.lang.String,java.lang.String,java.lang.String,java.lang.String,java.lang.String,java.lang.String,java.lang.String,java.lang.String,java.lang.String,java.lang.String,java.lang.String[]]",expectedSubName,0
C:\halo-main\application\src\test\java\run\halo\app\security\authorization\RequestInfoResolverTest.java,run.halo.app.security.authorization.RequestInfoResolverTest,"CustomSuccessCase/12[java.lang.String,java.lang.String,java.lang.String,java.lang.String,java.lang.String,java.lang.String,java.lang.String,java.lang.String,java.lang.String,java.lang.String,java.lang.String,java.lang.String[]]",expectedResource,0
C:\halo-main\application\src\test\java\run\halo\app\security\authorization\RequestInfoResolverTest.java,run.halo.app.security.authorization.RequestInfoResolverTest,"CustomSuccessCase/12[java.lang.String,java.lang.String,java.lang.String,java.lang.String,java.lang.String,java.lang.String,java.lang.String,java.lang.String,java.lang.String,java.lang.String,java.lang.String,java.lang.String[]]",expectedAPIGroup,0
C:\halo-main\application\src\test\java\run\halo\app\security\authorization\RequestInfoResolverTest.java,run.halo.app.security.authorization.RequestInfoResolverTest,"CustomSuccessCase/12[java.lang.String,java.lang.String,java.lang.String,java.lang.String,java.lang.String,java.lang.String,java.lang.String,java.lang.String,java.lang.String,java.lang.String,java.lang.String,java.lang.String[]]",expectedAPIVersion,0
C:\halo-main\application\src\test\java\run\halo\app\security\authorization\RequestInfoResolverTest.java,run.halo.app.security.authorization.RequestInfoResolverTest,"CustomSuccessCase/12[java.lang.String,java.lang.String,java.lang.String,java.lang.String,java.lang.String,java.lang.String,java.lang.String,java.lang.String,java.lang.String,java.lang.String,java.lang.String,java.lang.String[]]",expectedSubresource,0
C:\halo-main\application\src\test\java\run\halo\app\security\authorization\RequestInfoResolverTest.java,run.halo.app.security.authorization.RequestInfoResolverTest,"CustomSuccessCase/12[java.lang.String,java.lang.String,java.lang.String,java.lang.String,java.lang.String,java.lang.String,java.lang.String,java.lang.String,java.lang.String,java.lang.String,java.lang.String,java.lang.String[]]",expectedNamespace,0
C:\halo-main\application\src\test\java\run\halo\app\security\authorization\RequestInfoResolverTest.java,run.halo.app.security.authorization.RequestInfoResolverTest,"CustomSuccessCase/12[java.lang.String,java.lang.String,java.lang.String,java.lang.String,java.lang.String,java.lang.String,java.lang.String,java.lang.String,java.lang.String,java.lang.String,java.lang.String,java.lang.String[]]",url,0
C:\halo-main\application\src\test\java\run\halo\app\security\authorization\RequestInfoResolverTest.java,run.halo.app.security.authorization.RequestInfoResolverTest,"NonApiCase/2[java.lang.String,boolean]",expected,0
C:\halo-main\application\src\test\java\run\halo\app\security\authorization\RequestInfoResolverTest.java,run.halo.app.security.authorization.RequestInfoResolverTest,"NonApiCase/2[java.lang.String,boolean]",url,0
C:\halo-main\application\src\test\java\run\halo\app\security\authorization\RequestInfoResolverTest.java,run.halo.app.security.authorization.RequestInfoResolverTest,"ErrorCases/2[java.lang.String,java.lang.String]",url,0
C:\halo-main\application\src\test\java\run\halo\app\security\authorization\RequestInfoResolverTest.java,run.halo.app.security.authorization.RequestInfoResolverTest,"ErrorCases/2[java.lang.String,java.lang.String]",desc,0
C:\halo-main\application\src\test\java\run\halo\app\security\authorization\DefaultRoleBindingServiceTest.java,run.halo.app.security.authorization.DefaultRoleBindingServiceTest,listWhenAuthorizedRoles/0,roleBindings,2
C:\halo-main\application\src\test\java\run\halo\app\security\authorization\DefaultRoleBindingServiceTest.java,run.halo.app.security.authorization.DefaultRoleBindingServiceTest,listWhenAuthorizedRoles/0,authorities,1
C:\halo-main\application\src\test\java\run\halo\app\security\authorization\DefaultRoleBindingServiceTest.java,run.halo.app.security.authorization.DefaultRoleBindingServiceTest,listWhenUnauthorizedThenEmpty/0,roleBindings,1
C:\halo-main\application\src\main\java\run\halo\app\theme\finders\vo\ListedSinglePageVo.java,run.halo.app.theme.finders.vo.ListedSinglePageVo,from/1[run.halo.app.theme.finders.vo.SinglePage],pageStatus,1
C:\halo-main\application\src\main\java\run\halo\app\theme\finders\vo\ListedSinglePageVo.java,run.halo.app.theme.finders.vo.ListedSinglePageVo,from/1[run.halo.app.theme.finders.vo.SinglePage],singlePage,4
C:\halo-main\application\src\main\java\run\halo\app\theme\finders\vo\ListedSinglePageVo.java,run.halo.app.theme.finders.vo.ListedSinglePageVo,from/1[run.halo.app.theme.finders.vo.SinglePage],spec,2
C:\halo-main\application\src\main\java\run\halo\app\theme\finders\vo\PostVo.java,run.halo.app.theme.finders.vo.PostVo,from/1[run.halo.app.theme.finders.vo.ListedPostVo],postVo,8
C:\halo-main\application\src\main\java\run\halo\app\theme\finders\vo\PostVo.java,run.halo.app.theme.finders.vo.PostVo,from/1[run.halo.app.theme.finders.vo.Post],post,4
C:\halo-main\application\src\main\java\run\halo\app\theme\finders\vo\PostVo.java,run.halo.app.theme.finders.vo.PostVo,from/1[run.halo.app.theme.finders.vo.Post],postStatus,1
C:\halo-main\application\src\main\java\run\halo\app\theme\finders\vo\PostVo.java,run.halo.app.theme.finders.vo.PostVo,from/1[run.halo.app.theme.finders.vo.Post],spec,2
C:\halo-main\application\src\main\java\run\halo\app\theme\HaloViewResolver.java,run.halo.app.theme.HaloViewResolver$HaloView,"render/3[java.util.Map<java.lang.String,?>,run.halo.app.theme.MediaType,run.halo.app.theme.ServerWebExchange]",model,1
C:\halo-main\application\src\main\java\run\halo\app\theme\HaloViewResolver.java,run.halo.app.theme.HaloViewResolver$HaloView,"render/3[java.util.Map<java.lang.String,?>,run.halo.app.theme.MediaType,run.halo.app.theme.ServerWebExchange]",exchange,2
C:\halo-main\application\src\main\java\run\halo\app\theme\HaloViewResolver.java,run.halo.app.theme.HaloViewResolver$HaloView,"render/3[java.util.Map<java.lang.String,?>,run.halo.app.theme.MediaType,run.halo.app.theme.ServerWebExchange]",theme,1
C:\halo-main\application\src\main\java\run\halo\app\theme\HaloViewResolver.java,run.halo.app.theme.HaloViewResolver$HaloView,"render/3[java.util.Map<java.lang.String,?>,run.halo.app.theme.MediaType,run.halo.app.theme.ServerWebExchange]",contentType,1
C:\halo-main\application\src\main\java\run\halo\app\theme\HaloViewResolver.java,run.halo.app.theme.HaloViewResolver$HaloView,getContextBasedStaticVariables/1[run.halo.app.theme.ServerWebExchange],modelList,1
C:\halo-main\application\src\main\java\run\halo\app\theme\HaloViewResolver.java,run.halo.app.theme.HaloViewResolver$HaloView,getContextBasedStaticVariables/1[run.halo.app.theme.ServerWebExchange],applicationContext,1
C:\halo-main\application\src\main\java\run\halo\app\theme\HaloViewResolver.java,run.halo.app.theme.HaloViewResolver$HaloView,getContextBasedStaticVariables/1[run.halo.app.theme.ServerWebExchange],monoList,1
C:\halo-main\application\src\main\java\run\halo\app\theme\HaloViewResolver.java,run.halo.app.theme.HaloViewResolver$HaloView,getContextBasedStaticVariables/1[run.halo.app.theme.ServerWebExchange],staticVariables,2
C:\halo-main\application\src\main\java\run\halo\app\theme\HaloViewResolver.java,run.halo.app.theme.HaloViewResolver$HaloView,getContextBasedStaticVariables/1[run.halo.app.theme.ServerWebExchange],exchange,1
C:\halo-main\application\src\main\java\run\halo\app\theme\HaloViewResolver.java,run.halo.app.theme.HaloViewResolver$HaloView,getContextBasedStaticVariables/1[run.halo.app.theme.ServerWebExchange],mergedModel,4
C:\halo-main\application\src\main\java\run\halo\app\theme\HaloViewResolver.java,run.halo.app.theme.HaloViewResolver$HaloView,getContextBasedStaticVariables/1[run.halo.app.theme.ServerWebExchange],acquirer,1
C:\halo-main\application\src\main\java\run\halo\app\theme\HaloViewResolver.java,run.halo.app.theme.HaloViewResolver$HaloView,"getModelAttributes/2[java.util.Map<java.lang.String,?>,run.halo.app.theme.ServerWebExchange]",result,2
C:\halo-main\application\src\main\java\run\halo\app\theme\HaloViewResolver.java,run.halo.app.theme.HaloViewResolver$HaloView,"getModelAttributes/2[java.util.Map<java.lang.String,?>,run.halo.app.theme.ServerWebExchange]",modelMapList,1
C:\halo-main\application\src\main\java\run\halo\app\theme\HaloViewResolver.java,run.halo.app.theme.HaloViewResolver$HaloView,"getModelAttributes/2[java.util.Map<java.lang.String,?>,run.halo.app.theme.ServerWebExchange]",modelAttributes,1
C:\halo-main\application\src\main\java\run\halo\app\theme\HaloViewResolver.java,run.halo.app.theme.HaloViewResolver$HaloView,"getModelAttributes/2[java.util.Map<java.lang.String,?>,run.halo.app.theme.ServerWebExchange]",contextBasedStaticVariables,1
C:\halo-main\application\src\main\java\run\halo\app\theme\HaloViewResolver.java,run.halo.app.theme.HaloViewResolver$HaloView,"getModelAttributes/2[java.util.Map<java.lang.String,?>,run.halo.app.theme.ServerWebExchange]",model,1
C:\halo-main\application\src\main\java\run\halo\app\theme\HaloViewResolver.java,run.halo.app.theme.HaloViewResolver$HaloView,"getModelAttributes/2[java.util.Map<java.lang.String,?>,run.halo.app.theme.ServerWebExchange]",exchange,2
C:\halo-main\application\src\main\java\run\halo\app\security\authentication\jwt\LoginAuthenticationConverter.java,run.halo.app.security.authentication.jwt.LoginAuthenticationConverter,convert/1[run.halo.app.security.authentication.jwt.ServerWebExchange],request,2
C:\halo-main\application\src\main\java\run\halo\app\security\authentication\jwt\LoginAuthenticationConverter.java,run.halo.app.security.authentication.jwt.LoginAuthenticationConverter,convert/1[run.halo.app.security.authentication.jwt.ServerWebExchange],exchange,1
C:\halo-main\application\src\main\java\run\halo\app\security\authentication\jwt\LoginAuthenticationConverter.java,run.halo.app.security.authentication.jwt.LoginAuthenticationConverter,LoginAuthenticationConverter/1[java.util.List<run.halo.app.security.authentication.jwt.HttpMessageReader<?>>],reader,2
C:\halo-main\application\src\main\java\run\halo\app\security\CorsConfigurer.java,run.halo.app.security.CorsConfigurer,configure/1[run.halo.app.security.ServerHttpSecurity],http,1
C:\halo-main\application\src\main\java\run\halo\app\security\CorsConfigurer.java,run.halo.app.security.CorsConfigurer,configure/1[run.halo.app.security.ServerHttpSecurity],spec,1
C:\halo-main\application\src\main\java\run\halo\app\security\CorsConfigurer.java,run.halo.app.security.CorsConfigurer,apiCorsConfigSource/0,configuration,6
C:\halo-main\application\src\main\java\run\halo\app\security\CorsConfigurer.java,run.halo.app.security.CorsConfigurer,apiCorsConfigSource/0,source,3
C:\halo-main\application\src\test\java\run\halo\app\security\authentication\login\LoginAuthenticationConverterTest.java,run.halo.app.security.authentication.login.LoginAuthenticationConverterTest,applyUsernameAndInvalidPasswordThenBadCredentialsException/0,password,3
C:\halo-main\application\src\test\java\run\halo\app\security\authentication\login\LoginAuthenticationConverterTest.java,run.halo.app.security.authentication.login.LoginAuthenticationConverterTest,applyUsernameAndInvalidPasswordThenBadCredentialsException/0,username,1
C:\halo-main\application\src\test\java\run\halo\app\security\authentication\login\LoginAuthenticationConverterTest.java,run.halo.app.security.authentication.login.LoginAuthenticationConverterTest,applyPasswordWithoutBase64FormatThenBadCredentialsException/0,password,1
C:\halo-main\application\src\test\java\run\halo\app\security\authentication\login\LoginAuthenticationConverterTest.java,run.halo.app.security.authentication.login.LoginAuthenticationConverterTest,applyPasswordWithoutBase64FormatThenBadCredentialsException/0,username,1
C:\halo-main\application\src\test\java\run\halo\app\security\authentication\login\LoginAuthenticationConverterTest.java,run.halo.app.security.authentication.login.LoginAuthenticationConverterTest,applyUsernameAndPasswordThenCreatesTokenSuccess/0,password,3
C:\halo-main\application\src\test\java\run\halo\app\security\authentication\login\LoginAuthenticationConverterTest.java,run.halo.app.security.authentication.login.LoginAuthenticationConverterTest,applyUsernameAndPasswordThenCreatesTokenSuccess/0,decryptedPassword,2
C:\halo-main\application\src\test\java\run\halo\app\security\authentication\login\LoginAuthenticationConverterTest.java,run.halo.app.security.authentication.login.LoginAuthenticationConverterTest,applyUsernameAndPasswordThenCreatesTokenSuccess/0,username,2
C:\halo-main\application\src\test\java\run\halo\app\security\authentication\login\LoginAuthenticationConverterTest.java,run.halo.app.security.authentication.login.LoginAuthenticationConverterTest,applyUsernameAndPasswordThenCreatesTokenSuccess/0,token,2
C:\halo-main\application\src\test\java\run\halo\app\theme\router\factories\TagPostRouteFactoryTest.java,run.halo.app.theme.router.factories.TagPostRouteFactoryTest,create/0,webTestClient,3
C:\halo-main\application\src\test\java\run\halo\app\theme\router\factories\TagPostRouteFactoryTest.java,run.halo.app.theme.router.factories.TagPostRouteFactoryTest,create/0,tag,7
C:\halo-main\application\src\test\java\run\halo\app\console\WebSocketServerWebExchangeMatcherTest.java,run.halo.app.console.WebSocketServerWebExchangeMatcherTest,shouldMatchIfWebSocketProtocol/0,result,1
C:\halo-main\application\src\test\java\run\halo\app\console\WebSocketServerWebExchangeMatcherTest.java,run.halo.app.console.WebSocketServerWebExchangeMatcherTest,shouldMatchIfWebSocketProtocol/0,httpRequest,1
C:\halo-main\application\src\test\java\run\halo\app\console\WebSocketServerWebExchangeMatcherTest.java,run.halo.app.console.WebSocketServerWebExchangeMatcherTest,shouldMatchIfWebSocketProtocol/0,wsExchange,1
C:\halo-main\application\src\test\java\run\halo\app\console\WebSocketServerWebExchangeMatcherTest.java,run.halo.app.console.WebSocketServerWebExchangeMatcherTest,shouldMatchIfWebSocketProtocol/0,wsMatcher,1
C:\halo-main\application\src\test\java\run\halo\app\console\WebSocketServerWebExchangeMatcherTest.java,run.halo.app.console.WebSocketServerWebExchangeMatcherTest,shouldNotMatchIfNotWebSocketProtocol/0,result,1
C:\halo-main\application\src\test\java\run\halo\app\console\WebSocketServerWebExchangeMatcherTest.java,run.halo.app.console.WebSocketServerWebExchangeMatcherTest,shouldNotMatchIfNotWebSocketProtocol/0,httpRequest,1
C:\halo-main\application\src\test\java\run\halo\app\console\WebSocketServerWebExchangeMatcherTest.java,run.halo.app.console.WebSocketServerWebExchangeMatcherTest,shouldNotMatchIfNotWebSocketProtocol/0,wsExchange,1
C:\halo-main\application\src\test\java\run\halo\app\console\WebSocketServerWebExchangeMatcherTest.java,run.halo.app.console.WebSocketServerWebExchangeMatcherTest,shouldNotMatchIfNotWebSocketProtocol/0,wsMatcher,1
C:\halo-main\application\src\main\java\run\halo\app\content\comment\SinglePageCommentSubject.java,run.halo.app.content.comment.SinglePageCommentSubject,get/1[java.lang.String],name,1
C:\halo-main\application\src\main\java\run\halo\app\content\comment\SinglePageCommentSubject.java,run.halo.app.content.comment.SinglePageCommentSubject,supports/1[run.halo.app.content.comment.Ref],ref,4
C:\halo-main\application\src\main\java\run\halo\app\content\comment\SinglePageCommentSubject.java,run.halo.app.content.comment.SinglePageCommentSubject,supports/1[run.halo.app.content.comment.Ref],groupVersionKind,1
C:\halo-main\application\src\main\java\run\halo\app\content\comment\SinglePageCommentSubject.java,run.halo.app.content.comment.SinglePageCommentSubject,SinglePageCommentSubject/1[run.halo.app.content.comment.ReactiveExtensionClient],client,2
C:\halo-main\application\src\test\java\run\halo\app\core\extension\reconciler\MenuItemReconcilerTest.java,run.halo.app.core.extension.reconciler.MenuItemReconcilerTest$WhenSinglePageRefSet,shouldUpdateMenuItemIfPageFound/0,result,2
C:\halo-main\application\src\test\java\run\halo\app\core\extension\reconciler\MenuItemReconcilerTest.java,run.halo.app.core.extension.reconciler.MenuItemReconcilerTest$WhenSinglePageRefSet,shouldUpdateMenuItemIfPageFound/0,menuItemSupplier,2
C:\halo-main\application\src\test\java\run\halo\app\core\extension\reconciler\MenuItemReconcilerTest.java,run.halo.app.core.extension.reconciler.MenuItemReconcilerTest$WhenSinglePageRefSet,shouldUpdateMenuItemIfPageFound/0,menuItem,1
C:\halo-main\application\src\test\java\run\halo\app\core\extension\reconciler\MenuItemReconcilerTest.java,run.halo.app.core.extension.reconciler.MenuItemReconcilerTest$WhenSinglePageRefSet,shouldUpdateMenuItemIfPageFound/0,spec,1
C:\halo-main\application\src\test\java\run\halo\app\core\extension\reconciler\MenuItemReconcilerTest.java,run.halo.app.core.extension.reconciler.MenuItemReconcilerTest$WhenSinglePageRefSet,shouldUpdateMenuItemIfPageFound/0,status,2
C:\halo-main\application\src\test\java\run\halo\app\core\extension\reconciler\MenuItemReconcilerTest.java,run.halo.app.core.extension.reconciler.MenuItemReconcilerTest$WhenSinglePageRefSet,createSinglePage/0,metadata,2
C:\halo-main\application\src\test\java\run\halo\app\core\extension\reconciler\MenuItemReconcilerTest.java,run.halo.app.core.extension.reconciler.MenuItemReconcilerTest$WhenSinglePageRefSet,createSinglePage/0,singlePage,4
C:\halo-main\application\src\test\java\run\halo\app\core\extension\reconciler\MenuItemReconcilerTest.java,run.halo.app.core.extension.reconciler.MenuItemReconcilerTest$WhenSinglePageRefSet,createSinglePage/0,spec,2
C:\halo-main\application\src\test\java\run\halo\app\core\extension\reconciler\MenuItemReconcilerTest.java,run.halo.app.core.extension.reconciler.MenuItemReconcilerTest$WhenSinglePageRefSet,createSinglePage/0,status,2
C:\halo-main\application\src\test\java\run\halo\app\config\ExtensionConfigurationTest.java,run.halo.app.config.ExtensionConfigurationTest$AfterCreatingExtension,shouldGetExtensionWhenSchemeRegistered/0,result,1
C:\halo-main\application\src\test\java\run\halo\app\config\ExtensionConfigurationTest.java,run.halo.app.config.ExtensionConfigurationTest$AfterCreatingExtension,shouldGetExtensionWhenSchemeRegistered/0,name,2
C:\halo-main\application\src\test\java\run\halo\app\config\ExtensionConfigurationTest.java,run.halo.app.config.ExtensionConfigurationTest$AfterCreatingExtension,shouldGetExtensionWhenSchemeRegistered/0,gotFake,4
C:\halo-main\application\src\test\java\run\halo\app\config\ExtensionConfigurationTest.java,run.halo.app.config.ExtensionConfigurationTest$AfterCreatingExtension,shouldListExtensionsWithMatchedSelectors/0,uriBuilder,1
C:\halo-main\application\src\test\java\run\halo\app\config\ExtensionConfigurationTest.java,run.halo.app.config.ExtensionConfigurationTest$AfterCreatingExtension,shouldListExtensionsWithMismatchedSelectors/0,uriBuilder,1
C:\halo-main\application\src\test\java\run\halo\app\config\ExtensionConfigurationTest.java,run.halo.app.config.ExtensionConfigurationTest$AfterCreatingExtension,getFakeExtension/1[java.lang.String],name,1
C:\halo-main\application\src\test\java\run\halo\app\config\ExtensionConfigurationTest.java,run.halo.app.config.ExtensionConfigurationTest$AfterCreatingExtension,shouldDeleteExtensionWhenSchemeRegistered/0,result,1
C:\halo-main\application\src\test\java\run\halo\app\config\ExtensionConfigurationTest.java,run.halo.app.config.ExtensionConfigurationTest$AfterCreatingExtension,shouldDeleteExtensionWhenSchemeRegistered/0,deletedFake,3
C:\halo-main\application\src\test\java\run\halo\app\config\ExtensionConfigurationTest.java,run.halo.app.config.ExtensionConfigurationTest$AfterCreatingExtension,setUp/0,result,1
C:\halo-main\application\src\test\java\run\halo\app\config\ExtensionConfigurationTest.java,run.halo.app.config.ExtensionConfigurationTest$AfterCreatingExtension,setUp/0,metadata,3
C:\halo-main\application\src\test\java\run\halo\app\config\ExtensionConfigurationTest.java,run.halo.app.config.ExtensionConfigurationTest$AfterCreatingExtension,setUp/0,fake,2
C:\halo-main\application\src\test\java\run\halo\app\config\ExtensionConfigurationTest.java,run.halo.app.config.ExtensionConfigurationTest$AfterCreatingExtension,setUp/0,gotFake,4
C:\halo-main\application\src\test\java\run\halo\app\config\ExtensionConfigurationTest.java,run.halo.app.config.ExtensionConfigurationTest$AfterCreatingExtension,shouldUpdateExtensionWhenSchemeRegistered/0,result,1
C:\halo-main\application\src\test\java\run\halo\app\config\ExtensionConfigurationTest.java,run.halo.app.config.ExtensionConfigurationTest$AfterCreatingExtension,shouldUpdateExtensionWhenSchemeRegistered/0,updatedFake,3
C:\halo-main\application\src\test\java\run\halo\app\config\ExtensionConfigurationTest.java,run.halo.app.config.ExtensionConfigurationTest$AfterCreatingExtension,shouldUpdateExtensionWhenSchemeRegistered/0,fakeToUpdate,3
C:\halo-main\application\src\test\java\run\halo\app\config\ExtensionConfigurationTest.java,run.halo.app.config.ExtensionConfigurationTest$AfterCreatingExtension,shouldUpdateExtensionWhenSchemeRegistered/0,name,2
C:\halo-main\application\src\main\java\run\halo\app\theme\DefaultTemplateEnum.java,run.halo.app.theme.DefaultTemplateEnum,convertFrom/1[java.lang.String],template,1
C:\halo-main\application\src\main\java\run\halo\app\theme\DefaultTemplateEnum.java,run.halo.app.theme.DefaultTemplateEnum,convertFrom/1[java.lang.String],e,2
C:\halo-main\application\src\main\java\run\halo\app\theme\DefaultTemplateEnum.java,run.halo.app.theme.DefaultTemplateEnum,DefaultTemplateEnum/1[java.lang.String],value,2
C:\halo-main\application\src\test\java\run\halo\app\core\extension\endpoint\UserEndpointTest.java,run.halo.app.core.extension.endpoint.UserEndpointTest$GetUserDetailTest,shouldGetCurrentUserDetail/0,metadata,2
C:\halo-main\application\src\test\java\run\halo\app\core\extension\endpoint\UserEndpointTest.java,run.halo.app.core.extension.endpoint.UserEndpointTest$GetUserDetailTest,shouldGetCurrentUserDetail/0,role,5
C:\halo-main\application\src\test\java\run\halo\app\core\extension\endpoint\UserEndpointTest.java,run.halo.app.core.extension.endpoint.UserEndpointTest$GetUserDetailTest,shouldGetCurrentUserDetail/0,annotations,1
C:\halo-main\application\src\test\java\run\halo\app\core\extension\endpoint\UserEndpointTest.java,run.halo.app.core.extension.endpoint.UserEndpointTest$GetUserDetailTest,shouldGetCurrentUserDetail/0,user,4
C:\halo-main\application\src\main\java\run\halo\app\theme\ViewContextBasedVariablesAcquirer.java,run.halo.app.theme.ViewContextBasedVariablesAcquirer,acquire/1[run.halo.app.theme.ServerWebExchange],exchange,0
C:\halo-main\application\src\main\java\run\halo\app\core\extension\reconciler\AnnotationSettingReconciler.java,run.halo.app.core.extension.reconciler.AnnotationSettingReconciler,populateDefaultLabels/1[java.lang.String],annotationSetting,3
C:\halo-main\application\src\main\java\run\halo\app\core\extension\reconciler\AnnotationSettingReconciler.java,run.halo.app.core.extension.reconciler.AnnotationSettingReconciler,populateDefaultLabels/1[java.lang.String],targetRef,2
C:\halo-main\application\src\main\java\run\halo\app\core\extension\reconciler\AnnotationSettingReconciler.java,run.halo.app.core.extension.reconciler.AnnotationSettingReconciler,populateDefaultLabels/1[java.lang.String],targetRefLabel,2
C:\halo-main\application\src\main\java\run\halo\app\core\extension\reconciler\AnnotationSettingReconciler.java,run.halo.app.core.extension.reconciler.AnnotationSettingReconciler,populateDefaultLabels/1[java.lang.String],name,1
C:\halo-main\application\src\main\java\run\halo\app\core\extension\reconciler\AnnotationSettingReconciler.java,run.halo.app.core.extension.reconciler.AnnotationSettingReconciler,populateDefaultLabels/1[java.lang.String],oldTargetRef,1
C:\halo-main\application\src\main\java\run\halo\app\core\extension\reconciler\AnnotationSettingReconciler.java,run.halo.app.core.extension.reconciler.AnnotationSettingReconciler,populateDefaultLabels/1[java.lang.String],labels,2
C:\halo-main\application\src\main\java\run\halo\app\core\extension\reconciler\AnnotationSettingReconciler.java,run.halo.app.core.extension.reconciler.AnnotationSettingReconciler,setupWith/1[run.halo.app.core.extension.reconciler.ControllerBuilder],builder,1
C:\halo-main\application\src\main\java\run\halo\app\core\extension\reconciler\AnnotationSettingReconciler.java,run.halo.app.core.extension.reconciler.AnnotationSettingReconciler,reconcile/1[run.halo.app.core.extension.reconciler.Request],request,1
C:\halo-main\application\src\main\java\run\halo\app\theme\finders\impl\CommentFinderImpl.java,run.halo.app.theme.finders.impl.CommentFinderImpl$CommentComparator,"compare/2[run.halo.app.theme.finders.impl.Comment,run.halo.app.theme.finders.impl.Comment]",c1Priority,1
C:\halo-main\application\src\main\java\run\halo\app\theme\finders\impl\CommentFinderImpl.java,run.halo.app.theme.finders.impl.CommentFinderImpl$CommentComparator,"compare/2[run.halo.app.theme.finders.impl.Comment,run.halo.app.theme.finders.impl.Comment]",c2Priority,1
C:\halo-main\application\src\main\java\run\halo\app\theme\finders\impl\CommentFinderImpl.java,run.halo.app.theme.finders.impl.CommentFinderImpl$CommentComparator,"compare/2[run.halo.app.theme.finders.impl.Comment,run.halo.app.theme.finders.impl.Comment]",comment,3
C:\halo-main\application\src\main\java\run\halo\app\theme\finders\impl\CommentFinderImpl.java,run.halo.app.theme.finders.impl.CommentFinderImpl$CommentComparator,"compare/2[run.halo.app.theme.finders.impl.Comment,run.halo.app.theme.finders.impl.Comment]",c1Top,3
C:\halo-main\application\src\main\java\run\halo\app\theme\finders\impl\CommentFinderImpl.java,run.halo.app.theme.finders.impl.CommentFinderImpl$CommentComparator,"compare/2[run.halo.app.theme.finders.impl.Comment,run.halo.app.theme.finders.impl.Comment]",c2Top,1
C:\halo-main\application\src\main\java\run\halo\app\theme\finders\impl\CommentFinderImpl.java,run.halo.app.theme.finders.impl.CommentFinderImpl$CommentComparator,"compare/2[run.halo.app.theme.finders.impl.Comment,run.halo.app.theme.finders.impl.Comment]",c1,3
C:\halo-main\application\src\main\java\run\halo\app\theme\finders\impl\CommentFinderImpl.java,run.halo.app.theme.finders.impl.CommentFinderImpl$CommentComparator,"compare/2[run.halo.app.theme.finders.impl.Comment,run.halo.app.theme.finders.impl.Comment]",c2,3
C:\halo-main\application\src\test\java\run\halo\app\core\extension\reconciler\PostReconcilerTest.java,run.halo.app.core.extension.reconciler.PostReconcilerTest$LastModifyTimeTest,reconcileLastModifyTimeWhenPostIsPublished/0,post,8
C:\halo-main\application\src\test\java\run\halo\app\core\extension\reconciler\PostReconcilerTest.java,run.halo.app.core.extension.reconciler.PostReconcilerTest$LastModifyTimeTest,reconcileLastModifyTimeWhenPostIsPublished/0,lastModifyTime,2
C:\halo-main\application\src\test\java\run\halo\app\core\extension\reconciler\PostReconcilerTest.java,run.halo.app.core.extension.reconciler.PostReconcilerTest$LastModifyTimeTest,reconcileLastModifyTimeWhenPostIsPublished/0,name,2
C:\halo-main\application\src\test\java\run\halo\app\core\extension\reconciler\PostReconcilerTest.java,run.halo.app.core.extension.reconciler.PostReconcilerTest$LastModifyTimeTest,reconcileLastModifyTimeWhenPostIsPublished/0,snapshotV2,3
C:\halo-main\application\src\test\java\run\halo\app\core\extension\reconciler\PostReconcilerTest.java,run.halo.app.core.extension.reconciler.PostReconcilerTest$LastModifyTimeTest,reconcileLastModifyTimeWhenPostIsPublished/0,value,1
C:\halo-main\application\src\test\java\run\halo\app\core\extension\reconciler\PostReconcilerTest.java,run.halo.app.core.extension.reconciler.PostReconcilerTest$LastModifyTimeTest,reconcileLastModifyTimeWhenPostIsPublished/0,captor,2
C:\halo-main\application\src\test\java\run\halo\app\core\extension\reconciler\PostReconcilerTest.java,run.halo.app.core.extension.reconciler.PostReconcilerTest$LastModifyTimeTest,reconcileLastModifyTimeWhenPostIsNotPublished/0,post,6
C:\halo-main\application\src\test\java\run\halo\app\core\extension\reconciler\PostReconcilerTest.java,run.halo.app.core.extension.reconciler.PostReconcilerTest$LastModifyTimeTest,reconcileLastModifyTimeWhenPostIsNotPublished/0,name,2
C:\halo-main\application\src\test\java\run\halo\app\core\extension\reconciler\PostReconcilerTest.java,run.halo.app.core.extension.reconciler.PostReconcilerTest$LastModifyTimeTest,reconcileLastModifyTimeWhenPostIsNotPublished/0,value,1
C:\halo-main\application\src\test\java\run\halo\app\core\extension\reconciler\PostReconcilerTest.java,run.halo.app.core.extension.reconciler.PostReconcilerTest$LastModifyTimeTest,reconcileLastModifyTimeWhenPostIsNotPublished/0,captor,2
C:\halo-main\application\src\test\java\run\halo\app\theme\finders\impl\CommentFinderImplTest.java,run.halo.app.theme.finders.impl.CommentFinderImplTest$ListCommentTest,"commentForCompare/4[java.lang.String,java.time.Instant,boolean,int]",creationTime,1
C:\halo-main\application\src\test\java\run\halo\app\theme\finders\impl\CommentFinderImplTest.java,run.halo.app.theme.finders.impl.CommentFinderImplTest$ListCommentTest,"commentForCompare/4[java.lang.String,java.time.Instant,boolean,int]",top,1
C:\halo-main\application\src\test\java\run\halo\app\theme\finders\impl\CommentFinderImplTest.java,run.halo.app.theme.finders.impl.CommentFinderImplTest$ListCommentTest,"commentForCompare/4[java.lang.String,java.time.Instant,boolean,int]",name,1
C:\halo-main\application\src\test\java\run\halo\app\theme\finders\impl\CommentFinderImplTest.java,run.halo.app.theme.finders.impl.CommentFinderImplTest$ListCommentTest,"commentForCompare/4[java.lang.String,java.time.Instant,boolean,int]",comment,8
C:\halo-main\application\src\test\java\run\halo\app\theme\finders\impl\CommentFinderImplTest.java,run.halo.app.theme.finders.impl.CommentFinderImplTest$ListCommentTest,"commentForCompare/4[java.lang.String,java.time.Instant,boolean,int]",priority,1
C:\halo-main\application\src\test\java\run\halo\app\theme\finders\impl\CommentFinderImplTest.java,run.halo.app.theme.finders.impl.CommentFinderImplTest$ListCommentTest,mockWhenListComment/0,predicate,1
C:\halo-main\application\src\test\java\run\halo\app\theme\finders\impl\CommentFinderImplTest.java,run.halo.app.theme.finders.impl.CommentFinderImplTest$ListCommentTest,mockWhenListComment/0,invocation,1
C:\halo-main\application\src\test\java\run\halo\app\theme\finders\impl\CommentFinderImplTest.java,run.halo.app.theme.finders.impl.CommentFinderImplTest$ListCommentTest,mockWhenListComment/0,comments,2
C:\halo-main\application\src\test\java\run\halo\app\theme\finders\impl\CommentFinderImplTest.java,run.halo.app.theme.finders.impl.CommentFinderImplTest$ListCommentTest,mockWhenListComment/0,commentNotApproved,3
C:\halo-main\application\src\test\java\run\halo\app\theme\finders\impl\CommentFinderImplTest.java,run.halo.app.theme.finders.impl.CommentFinderImplTest$ListCommentTest,mockWhenListComment/0,commentApproved,3
C:\halo-main\application\src\test\java\run\halo\app\theme\finders\impl\CommentFinderImplTest.java,run.halo.app.theme.finders.impl.CommentFinderImplTest$ListCommentTest,mockWhenListComment/0,counter,2
C:\halo-main\application\src\test\java\run\halo\app\theme\finders\impl\CommentFinderImplTest.java,run.halo.app.theme.finders.impl.CommentFinderImplTest$ListCommentTest,mockWhenListComment/0,commentApprovedButAnotherOwner,4
C:\halo-main\application\src\test\java\run\halo\app\theme\finders\impl\CommentFinderImplTest.java,run.halo.app.theme.finders.impl.CommentFinderImplTest$ListCommentTest,mockWhenListComment/0,notApprovedAndAnotherRef,4
C:\halo-main\application\src\test\java\run\halo\app\theme\finders\impl\CommentFinderImplTest.java,run.halo.app.theme.finders.impl.CommentFinderImplTest$ListCommentTest,mockWhenListComment/0,anotherRef,1
C:\halo-main\application\src\test\java\run\halo\app\theme\finders\impl\CommentFinderImplTest.java,run.halo.app.theme.finders.impl.CommentFinderImplTest$ListCommentTest,mockWhenListComment/0,notApprovedWithAnonymous,4
C:\halo-main\application\src\test\java\run\halo\app\theme\finders\impl\CommentFinderImplTest.java,run.halo.app.theme.finders.impl.CommentFinderImplTest$ListCommentTest,mockWhenListComment/0,commentNotApprovedAndAnotherOwner,4
C:\halo-main\application\src\test\java\run\halo\app\theme\finders\impl\CommentFinderImplTest.java,run.halo.app.theme.finders.impl.CommentFinderImplTest$ListCommentTest,listWhenUserNotLogin/0,ref,1
C:\halo-main\application\src\test\java\run\halo\app\theme\finders\impl\CommentFinderImplTest.java,run.halo.app.theme.finders.impl.CommentFinderImplTest$ListCommentTest,listWhenUserNotLogin/0,listResult,3
C:\halo-main\application\src\test\java\run\halo\app\theme\finders\impl\CommentFinderImplTest.java,run.halo.app.theme.finders.impl.CommentFinderImplTest$ListCommentTest,listWhenUserLoggedIn/0,ref,1
C:\halo-main\application\src\test\java\run\halo\app\theme\finders\impl\CommentFinderImplTest.java,run.halo.app.theme.finders.impl.CommentFinderImplTest$ListCommentTest,listWhenUserLoggedIn/0,listResult,4
C:\halo-main\application\src\test\java\run\halo\app\theme\finders\impl\CommentFinderImplTest.java,run.halo.app.theme.finders.impl.CommentFinderImplTest$ListCommentTest,listWhenUserIsAnonymous/0,ref,1
C:\halo-main\application\src\test\java\run\halo\app\theme\finders\impl\CommentFinderImplTest.java,run.halo.app.theme.finders.impl.CommentFinderImplTest$ListCommentTest,listWhenUserIsAnonymous/0,listResult,4
C:\halo-main\application\src\test\java\run\halo\app\theme\finders\impl\CommentFinderImplTest.java,run.halo.app.theme.finders.impl.CommentFinderImplTest$ListCommentTest,commentComparator/0,comment6,1
C:\halo-main\application\src\test\java\run\halo\app\theme\finders\impl\CommentFinderImplTest.java,run.halo.app.theme.finders.impl.CommentFinderImplTest$ListCommentTest,commentComparator/0,comment5,1
C:\halo-main\application\src\test\java\run\halo\app\theme\finders\impl\CommentFinderImplTest.java,run.halo.app.theme.finders.impl.CommentFinderImplTest$ListCommentTest,commentComparator/0,comment14,1
C:\halo-main\application\src\test\java\run\halo\app\theme\finders\impl\CommentFinderImplTest.java,run.halo.app.theme.finders.impl.CommentFinderImplTest$ListCommentTest,commentComparator/0,comment4,1
C:\halo-main\application\src\test\java\run\halo\app\theme\finders\impl\CommentFinderImplTest.java,run.halo.app.theme.finders.impl.CommentFinderImplTest$ListCommentTest,commentComparator/0,comment13,1
C:\halo-main\application\src\test\java\run\halo\app\theme\finders\impl\CommentFinderImplTest.java,run.halo.app.theme.finders.impl.CommentFinderImplTest$ListCommentTest,commentComparator/0,comment3,1
C:\halo-main\application\src\test\java\run\halo\app\theme\finders\impl\CommentFinderImplTest.java,run.halo.app.theme.finders.impl.CommentFinderImplTest$ListCommentTest,commentComparator/0,comment12,1
C:\halo-main\application\src\test\java\run\halo\app\theme\finders\impl\CommentFinderImplTest.java,run.halo.app.theme.finders.impl.CommentFinderImplTest$ListCommentTest,commentComparator/0,comment2,1
C:\halo-main\application\src\test\java\run\halo\app\theme\finders\impl\CommentFinderImplTest.java,run.halo.app.theme.finders.impl.CommentFinderImplTest$ListCommentTest,commentComparator/0,comment1,1
C:\halo-main\application\src\test\java\run\halo\app\theme\finders\impl\CommentFinderImplTest.java,run.halo.app.theme.finders.impl.CommentFinderImplTest$ListCommentTest,commentComparator/0,comment9,1
C:\halo-main\application\src\test\java\run\halo\app\theme\finders\impl\CommentFinderImplTest.java,run.halo.app.theme.finders.impl.CommentFinderImplTest$ListCommentTest,commentComparator/0,comment8,1
C:\halo-main\application\src\test\java\run\halo\app\theme\finders\impl\CommentFinderImplTest.java,run.halo.app.theme.finders.impl.CommentFinderImplTest$ListCommentTest,commentComparator/0,comment7,1
C:\halo-main\application\src\test\java\run\halo\app\theme\finders\impl\CommentFinderImplTest.java,run.halo.app.theme.finders.impl.CommentFinderImplTest$ListCommentTest,commentComparator/0,result,1
C:\halo-main\application\src\test\java\run\halo\app\theme\finders\impl\CommentFinderImplTest.java,run.halo.app.theme.finders.impl.CommentFinderImplTest$ListCommentTest,commentComparator/0,now,12
C:\halo-main\application\src\test\java\run\halo\app\theme\finders\impl\CommentFinderImplTest.java,run.halo.app.theme.finders.impl.CommentFinderImplTest$ListCommentTest,commentComparator/0,comment11,1
C:\halo-main\application\src\test\java\run\halo\app\theme\finders\impl\CommentFinderImplTest.java,run.halo.app.theme.finders.impl.CommentFinderImplTest$ListCommentTest,commentComparator/0,comment10,1
C:\halo-main\application\src\test\java\run\halo\app\theme\finders\impl\CommentFinderImplTest.java,run.halo.app.theme.finders.impl.CommentFinderImplTest$ListCommentTest,createComment/0,commentOwner,4
C:\halo-main\application\src\test\java\run\halo\app\theme\finders\impl\CommentFinderImplTest.java,run.halo.app.theme.finders.impl.CommentFinderImplTest$ListCommentTest,createComment/0,comment,10
C:\halo-main\application\src\test\java\run\halo\app\theme\finders\impl\PluginFinderImplTest.java,run.halo.app.theme.finders.impl.PluginFinderImplTest,available/0,available,8
C:\halo-main\application\src\test\java\run\halo\app\theme\finders\impl\PluginFinderImplTest.java,run.halo.app.theme.finders.impl.PluginFinderImplTest,available/0,mockPluginWrapper,3
C:\halo-main\application\src\main\java\run\halo\app\infra\SchemeInitializer.java,run.halo.app.infra.SchemeInitializer,"SchemeInitializer/2[run.halo.app.infra.SchemeManager,run.halo.app.infra.ApplicationEventPublisher]",schemeManager,2
C:\halo-main\application\src\main\java\run\halo\app\infra\SchemeInitializer.java,run.halo.app.infra.SchemeInitializer,"SchemeInitializer/2[run.halo.app.infra.SchemeManager,run.halo.app.infra.ApplicationEventPublisher]",eventPublisher,2
C:\halo-main\application\src\main\java\run\halo\app\infra\SchemeInitializer.java,run.halo.app.infra.SchemeInitializer,onApplicationEvent/1[run.halo.app.infra.ApplicationStartedEvent],event,0
C:\halo-main\application\src\main\java\run\halo\app\config\ExtensionConfiguration.java,run.halo.app.config.ExtensionConfiguration,"extensionsRouterFunction/2[run.halo.app.config.ReactiveExtensionClient,run.halo.app.extension.SchemeWatcherManager]",client,1
C:\halo-main\application\src\main\java\run\halo\app\config\ExtensionConfiguration.java,run.halo.app.config.ExtensionConfiguration,"extensionsRouterFunction/2[run.halo.app.config.ReactiveExtensionClient,run.halo.app.extension.SchemeWatcherManager]",watcherManager,1
C:\halo-main\application\src\main\java\run\halo\app\config\ExtensionConfiguration.java,run.halo.app.config.ExtensionConfiguration,schemeManager/1[run.halo.app.extension.SchemeWatcherManager],watcherManager,1
C:\halo-main\application\src\main\java\run\halo\app\event\post\VisitedEvent.java,run.halo.app.event.post.VisitedEvent,"VisitedEvent/4[java.lang.Object,java.lang.String,java.lang.String,java.lang.String]",plural,2
C:\halo-main\application\src\main\java\run\halo\app\event\post\VisitedEvent.java,run.halo.app.event.post.VisitedEvent,"VisitedEvent/4[java.lang.Object,java.lang.String,java.lang.String,java.lang.String]",name,2
C:\halo-main\application\src\main\java\run\halo\app\event\post\VisitedEvent.java,run.halo.app.event.post.VisitedEvent,"VisitedEvent/4[java.lang.Object,java.lang.String,java.lang.String,java.lang.String]",source,1
C:\halo-main\application\src\main\java\run\halo\app\event\post\VisitedEvent.java,run.halo.app.event.post.VisitedEvent,"VisitedEvent/4[java.lang.Object,java.lang.String,java.lang.String,java.lang.String]",group,2
C:\halo-main\application\src\main\java\run\halo\app\infra\exception\ThemeUninstallException.java,run.halo.app.infra.exception.ThemeUninstallException,ThemeUninstallException/1[java.lang.String],message,1
C:\halo-main\application\src\main\java\run\halo\app\infra\exception\ThemeUninstallException.java,run.halo.app.infra.exception.ThemeUninstallException,"ThemeUninstallException/2[java.lang.String,java.lang.Throwable]",cause,1
C:\halo-main\application\src\main\java\run\halo\app\infra\exception\ThemeUninstallException.java,run.halo.app.infra.exception.ThemeUninstallException,"ThemeUninstallException/2[java.lang.String,java.lang.Throwable]",message,1
C:\halo-main\application\src\main\java\run\halo\app\core\extension\endpoint\ReplyEndpoint.java,run.halo.app.core.extension.endpoint.ReplyEndpoint,endpoint/0,builder,2
C:\halo-main\application\src\main\java\run\halo\app\core\extension\endpoint\ReplyEndpoint.java,run.halo.app.core.extension.endpoint.ReplyEndpoint,endpoint/0,tag,2
C:\halo-main\application\src\main\java\run\halo\app\core\extension\endpoint\ReplyEndpoint.java,run.halo.app.core.extension.endpoint.ReplyEndpoint,listReplies/1[run.halo.app.core.extension.endpoint.ServerRequest],request,1
C:\halo-main\application\src\main\java\run\halo\app\core\extension\endpoint\ReplyEndpoint.java,run.halo.app.core.extension.endpoint.ReplyEndpoint,listReplies/1[run.halo.app.core.extension.endpoint.ServerRequest],replyQuery,1
C:\halo-main\application\src\main\java\run\halo\app\core\extension\endpoint\ReplyEndpoint.java,run.halo.app.core.extension.endpoint.ReplyEndpoint,listReplies/1[run.halo.app.core.extension.endpoint.ServerRequest],listedReplies,1
C:\halo-main\application\src\main\java\run\halo\app\core\extension\endpoint\ReplyEndpoint.java,run.halo.app.core.extension.endpoint.ReplyEndpoint,ReplyEndpoint/1[run.halo.app.content.comment.ReplyService],replyService,2
C:\halo-main\application\src\main\java\run\halo\app\plugin\resources\ReverseProxyRouterFunctionRegistry.java,run.halo.app.plugin.resources.ReverseProxyRouterFunctionRegistry,"register/2[java.lang.String,run.halo.app.plugin.resources.ReverseProxy]",routerFunction,2
C:\halo-main\application\src\main\java\run\halo\app\plugin\resources\ReverseProxyRouterFunctionRegistry.java,run.halo.app.plugin.resources.ReverseProxyRouterFunctionRegistry,"register/2[java.lang.String,run.halo.app.plugin.resources.ReverseProxy]",proxyName,2
C:\halo-main\application\src\main\java\run\halo\app\plugin\resources\ReverseProxyRouterFunctionRegistry.java,run.halo.app.plugin.resources.ReverseProxyRouterFunctionRegistry,"register/2[java.lang.String,run.halo.app.plugin.resources.ReverseProxy]",reverseProxy,2
C:\halo-main\application\src\main\java\run\halo\app\plugin\resources\ReverseProxyRouterFunctionRegistry.java,run.halo.app.plugin.resources.ReverseProxyRouterFunctionRegistry,"register/2[java.lang.String,run.halo.app.plugin.resources.ReverseProxy]",pluginId,3
C:\halo-main\application\src\main\java\run\halo\app\plugin\resources\ReverseProxyRouterFunctionRegistry.java,run.halo.app.plugin.resources.ReverseProxyRouterFunctionRegistry,"register/2[java.lang.String,run.halo.app.plugin.resources.ReverseProxy]",stamp,1
C:\halo-main\application\src\main\java\run\halo\app\plugin\resources\ReverseProxyRouterFunctionRegistry.java,run.halo.app.plugin.resources.ReverseProxyRouterFunctionRegistry,"remove/2[java.lang.String,java.lang.String]",reverseProxyName,2
C:\halo-main\application\src\main\java\run\halo\app\plugin\resources\ReverseProxyRouterFunctionRegistry.java,run.halo.app.plugin.resources.ReverseProxyRouterFunctionRegistry,"remove/2[java.lang.String,java.lang.String]",pluginId,1
C:\halo-main\application\src\main\java\run\halo\app\plugin\resources\ReverseProxyRouterFunctionRegistry.java,run.halo.app.plugin.resources.ReverseProxyRouterFunctionRegistry,"remove/2[java.lang.String,java.lang.String]",stamp,1
C:\halo-main\application\src\main\java\run\halo\app\plugin\resources\ReverseProxyRouterFunctionRegistry.java,run.halo.app.plugin.resources.ReverseProxyRouterFunctionRegistry,getRouterFunction/1[java.lang.String],proxyName,1
C:\halo-main\application\src\main\java\run\halo\app\plugin\resources\ReverseProxyRouterFunctionRegistry.java,run.halo.app.plugin.resources.ReverseProxyRouterFunctionRegistry,getRouterFunction/1[java.lang.String],stamp,1
C:\halo-main\application\src\main\java\run\halo\app\plugin\resources\ReverseProxyRouterFunctionRegistry.java,run.halo.app.plugin.resources.ReverseProxyRouterFunctionRegistry,getRouterFunctions/0,stamp,1
C:\halo-main\application\src\main\java\run\halo\app\plugin\resources\ReverseProxyRouterFunctionRegistry.java,run.halo.app.plugin.resources.ReverseProxyRouterFunctionRegistry,reverseProxySize/1[java.lang.String],names,1
C:\halo-main\application\src\main\java\run\halo\app\plugin\resources\ReverseProxyRouterFunctionRegistry.java,run.halo.app.plugin.resources.ReverseProxyRouterFunctionRegistry,reverseProxySize/1[java.lang.String],pluginId,1
C:\halo-main\application\src\main\java\run\halo\app\plugin\resources\ReverseProxyRouterFunctionRegistry.java,run.halo.app.plugin.resources.ReverseProxyRouterFunctionRegistry,remove/1[java.lang.String],proxyName,1
C:\halo-main\application\src\main\java\run\halo\app\plugin\resources\ReverseProxyRouterFunctionRegistry.java,run.halo.app.plugin.resources.ReverseProxyRouterFunctionRegistry,remove/1[java.lang.String],pluginId,2
C:\halo-main\application\src\main\java\run\halo\app\plugin\resources\ReverseProxyRouterFunctionRegistry.java,run.halo.app.plugin.resources.ReverseProxyRouterFunctionRegistry,remove/1[java.lang.String],proxyNames,1
C:\halo-main\application\src\main\java\run\halo\app\plugin\resources\ReverseProxyRouterFunctionRegistry.java,run.halo.app.plugin.resources.ReverseProxyRouterFunctionRegistry,remove/1[java.lang.String],stamp,1
C:\halo-main\application\src\main\java\run\halo\app\plugin\resources\ReverseProxyRouterFunctionRegistry.java,run.halo.app.plugin.resources.ReverseProxyRouterFunctionRegistry,ReverseProxyRouterFunctionRegistry/1[run.halo.app.plugin.resources.ReverseProxyRouterFunctionFactory],reverseProxyRouterFunctionFactory,2
C:\halo-main\application\src\test\java\run\halo\app\infra\exception\handlers\I18nExceptionTest.java,run.halo.app.infra.exception.handlers.I18nExceptionTest$ErrorResponseException,ErrorResponseException/1[java.lang.String],reason,1
C:\halo-main\application\src\test\java\run\halo\app\infra\exception\handlers\I18nExceptionTest.java,run.halo.app.infra.exception.handlers.I18nExceptionTest$ErrorResponseException,"ErrorResponseException/3[java.lang.String,java.lang.String,java.lang.Object[]]",reason,1
C:\halo-main\application\src\test\java\run\halo\app\infra\exception\handlers\I18nExceptionTest.java,run.halo.app.infra.exception.handlers.I18nExceptionTest$ErrorResponseException,"ErrorResponseException/3[java.lang.String,java.lang.String,java.lang.Object[]]",detailArgs,1
C:\halo-main\application\src\test\java\run\halo\app\infra\exception\handlers\I18nExceptionTest.java,run.halo.app.infra.exception.handlers.I18nExceptionTest$ErrorResponseException,"ErrorResponseException/3[java.lang.String,java.lang.String,java.lang.Object[]]",detailCode,1
C:\halo-main\application\src\main\java\run\halo\app\extension\router\ExtensionCreateHandler.java,run.halo.app.extension.router.ExtensionCreateHandler,handle/1[run.halo.app.extension.router.ServerRequest],request,1
C:\halo-main\application\src\main\java\run\halo\app\extension\router\ExtensionCreateHandler.java,run.halo.app.extension.router.ExtensionCreateHandler,handle/1[run.halo.app.extension.router.ServerRequest],createdExt,2
C:\halo-main\application\src\main\java\run\halo\app\extension\router\ExtensionCreateHandler.java,run.halo.app.extension.router.ExtensionCreateHandler,"ExtensionCreateHandler/2[run.halo.app.extension.router.Scheme,run.halo.app.extension.router.ReactiveExtensionClient]",scheme,2
C:\halo-main\application\src\main\java\run\halo\app\extension\router\ExtensionCreateHandler.java,run.halo.app.extension.router.ExtensionCreateHandler,"ExtensionCreateHandler/2[run.halo.app.extension.router.Scheme,run.halo.app.extension.router.ReactiveExtensionClient]",client,2
C:\halo-main\application\src\main\java\run\halo\app\theme\finders\impl\ContributorFinderImpl.java,run.halo.app.theme.finders.impl.ContributorFinderImpl,getContributors/1[java.util.List<java.lang.String>],names,2
C:\halo-main\application\src\main\java\run\halo\app\theme\finders\impl\ContributorFinderImpl.java,run.halo.app.theme.finders.impl.ContributorFinderImpl,getContributor/1[java.lang.String],name,1
C:\halo-main\application\src\test\java\run\halo\app\theme\router\SinglePageRouteTest.java,run.halo.app.theme.router.SinglePageRouteTest$Anonymous1,"render/3[java.util.Map<java.lang.String,?>,run.halo.app.theme.router.MediaType,run.halo.app.theme.router.ServerWebExchange]",model,7
C:\halo-main\application\src\test\java\run\halo\app\theme\router\SinglePageRouteTest.java,run.halo.app.theme.router.SinglePageRouteTest$Anonymous1,"render/3[java.util.Map<java.lang.String,?>,run.halo.app.theme.router.MediaType,run.halo.app.theme.router.ServerWebExchange]",exchange,1
C:\halo-main\application\src\test\java\run\halo\app\theme\router\SinglePageRouteTest.java,run.halo.app.theme.router.SinglePageRouteTest$Anonymous1,"render/3[java.util.Map<java.lang.String,?>,run.halo.app.theme.router.MediaType,run.halo.app.theme.router.ServerWebExchange]",contentType,1
C:\halo-main\application\src\test\java\run\halo\app\core\extension\endpoint\UserEndpointTest.java,run.halo.app.core.extension.endpoint.UserEndpointTest$ChangePasswordTest,shouldUpdateOtherPasswordCorrectly/0,user,2
C:\halo-main\application\src\test\java\run\halo\app\core\extension\endpoint\UserEndpointTest.java,run.halo.app.core.extension.endpoint.UserEndpointTest$ChangePasswordTest,shouldUpdateMyPasswordCorrectly/0,user,2
C:\halo-main\application\src\main\java\run\halo\app\extension\store\ExtensionStoreClient.java,run.halo.app.extension.store.ExtensionStoreClient,"update/3[java.lang.String,java.lang.Long,byte[]]",data,0
C:\halo-main\application\src\main\java\run\halo\app\extension\store\ExtensionStoreClient.java,run.halo.app.extension.store.ExtensionStoreClient,"update/3[java.lang.String,java.lang.Long,byte[]]",name,0
C:\halo-main\application\src\main\java\run\halo\app\extension\store\ExtensionStoreClient.java,run.halo.app.extension.store.ExtensionStoreClient,"update/3[java.lang.String,java.lang.Long,byte[]]",version,0
C:\halo-main\application\src\main\java\run\halo\app\extension\store\ExtensionStoreClient.java,run.halo.app.extension.store.ExtensionStoreClient,listByNamePrefix/1[java.lang.String],prefix,0
C:\halo-main\application\src\main\java\run\halo\app\extension\store\ExtensionStoreClient.java,run.halo.app.extension.store.ExtensionStoreClient,"delete/2[java.lang.String,java.lang.Long]",name,0
C:\halo-main\application\src\main\java\run\halo\app\extension\store\ExtensionStoreClient.java,run.halo.app.extension.store.ExtensionStoreClient,"delete/2[java.lang.String,java.lang.Long]",version,0
C:\halo-main\application\src\main\java\run\halo\app\extension\store\ExtensionStoreClient.java,run.halo.app.extension.store.ExtensionStoreClient,"create/2[java.lang.String,byte[]]",data,0
C:\halo-main\application\src\main\java\run\halo\app\extension\store\ExtensionStoreClient.java,run.halo.app.extension.store.ExtensionStoreClient,"create/2[java.lang.String,byte[]]",name,0
C:\halo-main\application\src\main\java\run\halo\app\extension\store\ExtensionStoreClient.java,run.halo.app.extension.store.ExtensionStoreClient,fetchByName/1[java.lang.String],name,0
C:\halo-main\application\src\main\java\run\halo\app\core\extension\endpoint\SinglePageEndpoint.java,run.halo.app.core.extension.endpoint.SinglePageEndpoint,endpoint/0,builder,14
C:\halo-main\application\src\main\java\run\halo\app\core\extension\endpoint\SinglePageEndpoint.java,run.halo.app.core.extension.endpoint.SinglePageEndpoint,endpoint/0,tag,14
C:\halo-main\application\src\main\java\run\halo\app\core\extension\endpoint\SinglePageEndpoint.java,run.halo.app.core.extension.endpoint.SinglePageEndpoint,updateSinglePage/1[run.halo.app.core.extension.endpoint.ServerRequest],request,1
C:\halo-main\application\src\main\java\run\halo\app\core\extension\endpoint\SinglePageEndpoint.java,run.halo.app.core.extension.endpoint.SinglePageEndpoint,updateSinglePage/1[run.halo.app.core.extension.endpoint.ServerRequest],page,1
C:\halo-main\application\src\main\java\run\halo\app\core\extension\endpoint\SinglePageEndpoint.java,run.halo.app.core.extension.endpoint.SinglePageEndpoint,publishSinglePage/1[run.halo.app.core.extension.endpoint.ServerRequest],request,2
C:\halo-main\application\src\main\java\run\halo\app\core\extension\endpoint\SinglePageEndpoint.java,run.halo.app.core.extension.endpoint.SinglePageEndpoint,publishSinglePage/1[run.halo.app.core.extension.endpoint.ServerRequest],t,3
C:\halo-main\application\src\main\java\run\halo\app\core\extension\endpoint\SinglePageEndpoint.java,run.halo.app.core.extension.endpoint.SinglePageEndpoint,publishSinglePage/1[run.halo.app.core.extension.endpoint.ServerRequest],post,1
C:\halo-main\application\src\main\java\run\halo\app\core\extension\endpoint\SinglePageEndpoint.java,run.halo.app.core.extension.endpoint.SinglePageEndpoint,publishSinglePage/1[run.halo.app.core.extension.endpoint.ServerRequest],err,1
C:\halo-main\application\src\main\java\run\halo\app\core\extension\endpoint\SinglePageEndpoint.java,run.halo.app.core.extension.endpoint.SinglePageEndpoint,publishSinglePage/1[run.halo.app.core.extension.endpoint.ServerRequest],singlePage,2
C:\halo-main\application\src\main\java\run\halo\app\core\extension\endpoint\SinglePageEndpoint.java,run.halo.app.core.extension.endpoint.SinglePageEndpoint,publishSinglePage/1[run.halo.app.core.extension.endpoint.ServerRequest],name,3
C:\halo-main\application\src\main\java\run\halo\app\core\extension\endpoint\SinglePageEndpoint.java,run.halo.app.core.extension.endpoint.SinglePageEndpoint,publishSinglePage/1[run.halo.app.core.extension.endpoint.ServerRequest],latestReleasedSnapshotName,1
C:\halo-main\application\src\main\java\run\halo\app\core\extension\endpoint\SinglePageEndpoint.java,run.halo.app.core.extension.endpoint.SinglePageEndpoint,publishSinglePage/1[run.halo.app.core.extension.endpoint.ServerRequest],page,1
C:\halo-main\application\src\main\java\run\halo\app\core\extension\endpoint\SinglePageEndpoint.java,run.halo.app.core.extension.endpoint.SinglePageEndpoint,publishSinglePage/1[run.halo.app.core.extension.endpoint.ServerRequest],asyncPublish,1
C:\halo-main\application\src\main\java\run\halo\app\core\extension\endpoint\SinglePageEndpoint.java,run.halo.app.core.extension.endpoint.SinglePageEndpoint,publishSinglePage/1[run.halo.app.core.extension.endpoint.ServerRequest],spec,6
C:\halo-main\application\src\main\java\run\halo\app\core\extension\endpoint\SinglePageEndpoint.java,run.halo.app.core.extension.endpoint.SinglePageEndpoint,publishSinglePage/1[run.halo.app.core.extension.endpoint.ServerRequest],latest,3
C:\halo-main\application\src\main\java\run\halo\app\core\extension\endpoint\SinglePageEndpoint.java,run.halo.app.core.extension.endpoint.SinglePageEndpoint,fetchHeadContent/1[run.halo.app.core.extension.endpoint.ServerRequest],request,1
C:\halo-main\application\src\main\java\run\halo\app\core\extension\endpoint\SinglePageEndpoint.java,run.halo.app.core.extension.endpoint.SinglePageEndpoint,fetchHeadContent/1[run.halo.app.core.extension.endpoint.ServerRequest],name,1
C:\halo-main\application\src\main\java\run\halo\app\core\extension\endpoint\SinglePageEndpoint.java,run.halo.app.core.extension.endpoint.SinglePageEndpoint,fetchHeadContent/1[run.halo.app.core.extension.endpoint.ServerRequest],content,1
C:\halo-main\application\src\main\java\run\halo\app\core\extension\endpoint\SinglePageEndpoint.java,run.halo.app.core.extension.endpoint.SinglePageEndpoint,fetchReleaseContent/1[run.halo.app.core.extension.endpoint.ServerRequest],request,1
C:\halo-main\application\src\main\java\run\halo\app\core\extension\endpoint\SinglePageEndpoint.java,run.halo.app.core.extension.endpoint.SinglePageEndpoint,fetchReleaseContent/1[run.halo.app.core.extension.endpoint.ServerRequest],name,1
C:\halo-main\application\src\main\java\run\halo\app\core\extension\endpoint\SinglePageEndpoint.java,run.halo.app.core.extension.endpoint.SinglePageEndpoint,fetchReleaseContent/1[run.halo.app.core.extension.endpoint.ServerRequest],content,1
C:\halo-main\application\src\main\java\run\halo\app\core\extension\endpoint\SinglePageEndpoint.java,run.halo.app.core.extension.endpoint.SinglePageEndpoint,draftSinglePage/1[run.halo.app.core.extension.endpoint.ServerRequest],request,1
C:\halo-main\application\src\main\java\run\halo\app\core\extension\endpoint\SinglePageEndpoint.java,run.halo.app.core.extension.endpoint.SinglePageEndpoint,draftSinglePage/1[run.halo.app.core.extension.endpoint.ServerRequest],singlePage,1
C:\halo-main\application\src\main\java\run\halo\app\core\extension\endpoint\SinglePageEndpoint.java,run.halo.app.core.extension.endpoint.SinglePageEndpoint,updateContent/1[run.halo.app.core.extension.endpoint.ServerRequest],request,2
C:\halo-main\application\src\main\java\run\halo\app\core\extension\endpoint\SinglePageEndpoint.java,run.halo.app.core.extension.endpoint.SinglePageEndpoint,updateContent/1[run.halo.app.core.extension.endpoint.ServerRequest],post,1
C:\halo-main\application\src\main\java\run\halo\app\core\extension\endpoint\SinglePageEndpoint.java,run.halo.app.core.extension.endpoint.SinglePageEndpoint,updateContent/1[run.halo.app.core.extension.endpoint.ServerRequest],pageRequest,1
C:\halo-main\application\src\main\java\run\halo\app\core\extension\endpoint\SinglePageEndpoint.java,run.halo.app.core.extension.endpoint.SinglePageEndpoint,updateContent/1[run.halo.app.core.extension.endpoint.ServerRequest],page,1
C:\halo-main\application\src\main\java\run\halo\app\core\extension\endpoint\SinglePageEndpoint.java,run.halo.app.core.extension.endpoint.SinglePageEndpoint,updateContent/1[run.halo.app.core.extension.endpoint.ServerRequest],pageName,1
C:\halo-main\application\src\main\java\run\halo\app\core\extension\endpoint\SinglePageEndpoint.java,run.halo.app.core.extension.endpoint.SinglePageEndpoint,updateContent/1[run.halo.app.core.extension.endpoint.ServerRequest],content,1
C:\halo-main\application\src\main\java\run\halo\app\core\extension\endpoint\SinglePageEndpoint.java,run.halo.app.core.extension.endpoint.SinglePageEndpoint,listSinglePage/1[run.halo.app.core.extension.endpoint.ServerRequest],request,1
C:\halo-main\application\src\main\java\run\halo\app\core\extension\endpoint\SinglePageEndpoint.java,run.halo.app.core.extension.endpoint.SinglePageEndpoint,listSinglePage/1[run.halo.app.core.extension.endpoint.ServerRequest],listedPages,1
C:\halo-main\application\src\main\java\run\halo\app\core\extension\endpoint\SinglePageEndpoint.java,run.halo.app.core.extension.endpoint.SinglePageEndpoint,listSinglePage/1[run.halo.app.core.extension.endpoint.ServerRequest],listRequest,1
C:\halo-main\application\src\main\java\run\halo\app\plugin\event\HaloPluginStateChangedEvent.java,run.halo.app.plugin.event.HaloPluginStateChangedEvent,"HaloPluginStateChangedEvent/3[java.lang.Object,run.halo.app.plugin.event.PluginWrapper,run.halo.app.plugin.event.PluginState]",oldState,2
C:\halo-main\application\src\main\java\run\halo\app\plugin\event\HaloPluginStateChangedEvent.java,run.halo.app.plugin.event.HaloPluginStateChangedEvent,"HaloPluginStateChangedEvent/3[java.lang.Object,run.halo.app.plugin.event.PluginWrapper,run.halo.app.plugin.event.PluginState]",wrapper,1
C:\halo-main\application\src\main\java\run\halo\app\plugin\event\HaloPluginStateChangedEvent.java,run.halo.app.plugin.event.HaloPluginStateChangedEvent,"HaloPluginStateChangedEvent/3[java.lang.Object,run.halo.app.plugin.event.PluginWrapper,run.halo.app.plugin.event.PluginState]",source,1
C:\halo-main\application\src\main\java\run\halo\app\event\post\VotedEvent.java,run.halo.app.event.post.VotedEvent,"VotedEvent/4[java.lang.Object,java.lang.String,java.lang.String,java.lang.String]",plural,2
C:\halo-main\application\src\main\java\run\halo\app\event\post\VotedEvent.java,run.halo.app.event.post.VotedEvent,"VotedEvent/4[java.lang.Object,java.lang.String,java.lang.String,java.lang.String]",name,2
C:\halo-main\application\src\main\java\run\halo\app\event\post\VotedEvent.java,run.halo.app.event.post.VotedEvent,"VotedEvent/4[java.lang.Object,java.lang.String,java.lang.String,java.lang.String]",source,1
C:\halo-main\application\src\main\java\run\halo\app\event\post\VotedEvent.java,run.halo.app.event.post.VotedEvent,"VotedEvent/4[java.lang.Object,java.lang.String,java.lang.String,java.lang.String]",group,2
C:\halo-main\application\src\test\java\run\halo\app\core\extension\ThemeTest.java,run.halo.app.core.extension.ThemeTest,constructor/0,metadata,2
C:\halo-main\application\src\test\java\run\halo\app\core\extension\ThemeTest.java,run.halo.app.core.extension.ThemeTest,constructor/0,author,3
C:\halo-main\application\src\test\java\run\halo\app\core\extension\ThemeTest.java,run.halo.app.core.extension.ThemeTest,constructor/0,theme,3
C:\halo-main\application\src\test\java\run\halo\app\core\extension\ThemeTest.java,run.halo.app.core.extension.ThemeTest,constructor/0,themeSpec,15
C:\halo-main\application\src\test\java\run\halo\app\core\extension\ThemeTest.java,run.halo.app.core.extension.ThemeTest,themeCustomTemplate/0,unstructuredList,2
C:\halo-main\application\src\test\java\run\halo\app\core\extension\ThemeTest.java,run.halo.app.core.extension.ThemeTest,themeCustomTemplate/0,theme,2
C:\halo-main\application\src\test\java\run\halo\app\core\extension\ThemeTest.java,run.halo.app.core.extension.ThemeTest,themeCustomTemplate/0,themeYaml,1
C:\halo-main\application\src\main\java\run\halo\app\core\extension\reconciler\UserReconciler.java,run.halo.app.core.extension.reconciler.UserReconciler,reconcile/1[run.halo.app.core.extension.reconciler.Request],request,3
C:\halo-main\application\src\main\java\run\halo\app\core\extension\reconciler\UserReconciler.java,run.halo.app.core.extension.reconciler.UserReconciler,reconcile/1[run.halo.app.core.extension.reconciler.Request],user,2
C:\halo-main\application\src\main\java\run\halo\app\core\extension\reconciler\UserReconciler.java,run.halo.app.core.extension.reconciler.UserReconciler,updatePermalink/1[java.lang.String],name,2
C:\halo-main\application\src\main\java\run\halo\app\core\extension\reconciler\UserReconciler.java,run.halo.app.core.extension.reconciler.UserReconciler,updatePermalink/1[java.lang.String],user,5
C:\halo-main\application\src\main\java\run\halo\app\core\extension\reconciler\UserReconciler.java,run.halo.app.core.extension.reconciler.UserReconciler,updatePermalink/1[java.lang.String],status,3
C:\halo-main\application\src\main\java\run\halo\app\core\extension\reconciler\UserReconciler.java,run.halo.app.core.extension.reconciler.UserReconciler,updatePermalink/1[java.lang.String],oldPermalink,1
C:\halo-main\application\src\main\java\run\halo\app\core\extension\reconciler\UserReconciler.java,run.halo.app.core.extension.reconciler.UserReconciler,addFinalizerIfNecessary/1[run.halo.app.core.extension.reconciler.User],finalizers,2
C:\halo-main\application\src\main\java\run\halo\app\core\extension\reconciler\UserReconciler.java,run.halo.app.core.extension.reconciler.UserReconciler,addFinalizerIfNecessary/1[run.halo.app.core.extension.reconciler.User],oldUser,2
C:\halo-main\application\src\main\java\run\halo\app\core\extension\reconciler\UserReconciler.java,run.halo.app.core.extension.reconciler.UserReconciler,addFinalizerIfNecessary/1[run.halo.app.core.extension.reconciler.User],user,3
C:\halo-main\application\src\main\java\run\halo\app\core\extension\reconciler\UserReconciler.java,run.halo.app.core.extension.reconciler.UserReconciler,addFinalizerIfNecessary/1[run.halo.app.core.extension.reconciler.User],newFinalizers,4
C:\halo-main\application\src\main\java\run\halo\app\core\extension\reconciler\UserReconciler.java,run.halo.app.core.extension.reconciler.UserReconciler,cleanUpResourcesAndRemoveFinalizer/1[java.lang.String],userName,2
C:\halo-main\application\src\main\java\run\halo\app\core\extension\reconciler\UserReconciler.java,run.halo.app.core.extension.reconciler.UserReconciler,cleanUpResourcesAndRemoveFinalizer/1[java.lang.String],user,3
C:\halo-main\application\src\main\java\run\halo\app\core\extension\reconciler\UserReconciler.java,run.halo.app.core.extension.reconciler.UserReconciler,listConnectionsByUsername/1[java.lang.String],connection,1
C:\halo-main\application\src\main\java\run\halo\app\core\extension\reconciler\UserReconciler.java,run.halo.app.core.extension.reconciler.UserReconciler,listConnectionsByUsername/1[java.lang.String],username,1
C:\halo-main\application\src\main\java\run\halo\app\core\extension\reconciler\UserReconciler.java,run.halo.app.core.extension.reconciler.UserReconciler,getUserPermalink/1[run.halo.app.core.extension.reconciler.User],user,1
C:\halo-main\application\src\main\java\run\halo\app\core\extension\reconciler\UserReconciler.java,run.halo.app.core.extension.reconciler.UserReconciler,setupWith/1[run.halo.app.core.extension.reconciler.ControllerBuilder],builder,1
C:\halo-main\application\src\main\java\run\halo\app\core\extension\reconciler\UserReconciler.java,run.halo.app.core.extension.reconciler.UserReconciler,deleteUserConnections/1[java.lang.String],callback,0
C:\halo-main\application\src\main\java\run\halo\app\core\extension\reconciler\UserReconciler.java,run.halo.app.core.extension.reconciler.UserReconciler,deleteUserConnections/1[java.lang.String],userName,2
C:\halo-main\application\src\main\java\run\halo\app\theme\finders\TagFinder.java,run.halo.app.theme.finders.TagFinder,getByName/1[java.lang.String],name,0
C:\halo-main\application\src\main\java\run\halo\app\theme\finders\TagFinder.java,run.halo.app.theme.finders.TagFinder,getByNames/1[java.util.List<java.lang.String>],names,0
C:\halo-main\application\src\main\java\run\halo\app\theme\finders\TagFinder.java,run.halo.app.theme.finders.TagFinder,"list/2[java.lang.Integer,java.lang.Integer]",size,0
C:\halo-main\application\src\main\java\run\halo\app\theme\finders\TagFinder.java,run.halo.app.theme.finders.TagFinder,"list/2[java.lang.Integer,java.lang.Integer]",page,0
C:\halo-main\application\src\main\java\run\halo\app\infra\utils\Base62Utils.java,run.halo.app.infra.utils.Base62Utils,decode/1[java.lang.String],base62Str,1
C:\halo-main\application\src\main\java\run\halo\app\infra\utils\Base62Utils.java,run.halo.app.infra.utils.Base62Utils,"decodeToString/2[java.lang.String,java.nio.charset.Charset]",charset,1
C:\halo-main\application\src\main\java\run\halo\app\infra\utils\Base62Utils.java,run.halo.app.infra.utils.Base62Utils,"decodeToString/2[java.lang.String,java.nio.charset.Charset]",source,1
C:\halo-main\application\src\main\java\run\halo\app\infra\utils\Base62Utils.java,run.halo.app.infra.utils.Base62Utils,decode/1[byte[]],base62bytes,1
C:\halo-main\application\src\main\java\run\halo\app\infra\utils\Base62Utils.java,run.halo.app.infra.utils.Base62Utils,decodeToString/1[java.lang.String],source,1
C:\halo-main\application\src\main\java\run\halo\app\infra\utils\Base62Utils.java,run.halo.app.infra.utils.Base62Utils,"encode/2[java.lang.String,java.nio.charset.Charset]",charset,1
C:\halo-main\application\src\main\java\run\halo\app\infra\utils\Base62Utils.java,run.halo.app.infra.utils.Base62Utils,"encode/2[java.lang.String,java.nio.charset.Charset]",source,1
C:\halo-main\application\src\main\java\run\halo\app\infra\utils\Base62Utils.java,run.halo.app.infra.utils.Base62Utils,encode/1[byte[]],source,1
C:\halo-main\application\src\main\java\run\halo\app\infra\utils\Base62Utils.java,run.halo.app.infra.utils.Base62Utils,encode/1[java.lang.String],source,1
C:\halo-main\application\src\test\java\run\halo\app\theme\router\PageUrlUtilsTest.java,run.halo.app.theme.router.PageUrlUtilsTest,nextPageUrl/0,totalPage,9
C:\halo-main\application\src\main\java\run\halo\app\infra\exception\UnsatisfiedAttributeValueException.java,run.halo.app.infra.exception.UnsatisfiedAttributeValueException,"UnsatisfiedAttributeValueException/3[java.lang.String,java.lang.String,java.lang.Object[]]",reason,1
C:\halo-main\application\src\main\java\run\halo\app\infra\exception\UnsatisfiedAttributeValueException.java,run.halo.app.infra.exception.UnsatisfiedAttributeValueException,"UnsatisfiedAttributeValueException/3[java.lang.String,java.lang.String,java.lang.Object[]]",messageDetailCode,1
C:\halo-main\application\src\main\java\run\halo\app\infra\exception\UnsatisfiedAttributeValueException.java,run.halo.app.infra.exception.UnsatisfiedAttributeValueException,"UnsatisfiedAttributeValueException/3[java.lang.String,java.lang.String,java.lang.Object[]]",messageDetailArguments,1
C:\halo-main\application\src\test\java\run\halo\app\extension\router\ExtensionRouterFunctionFactoryTest.java,run.halo.app.extension.router.ExtensionRouterFunctionFactoryTest,shouldCreateSuccessfully/0,factory,1
C:\halo-main\application\src\test\java\run\halo\app\extension\router\ExtensionRouterFunctionFactoryTest.java,run.halo.app.extension.router.ExtensionRouterFunctionFactoryTest,shouldCreateSuccessfully/0,request,1
C:\halo-main\application\src\test\java\run\halo\app\extension\router\ExtensionRouterFunctionFactoryTest.java,run.halo.app.extension.router.ExtensionRouterFunctionFactoryTest,shouldCreateSuccessfully/0,messageReaders,2
C:\halo-main\application\src\test\java\run\halo\app\extension\router\ExtensionRouterFunctionFactoryTest.java,run.halo.app.extension.router.ExtensionRouterFunctionFactoryTest,shouldCreateSuccessfully/0,handlerFunc,1
C:\halo-main\application\src\test\java\run\halo\app\extension\router\ExtensionRouterFunctionFactoryTest.java,run.halo.app.extension.router.ExtensionRouterFunctionFactoryTest,shouldCreateSuccessfully/0,routerFunction,1
C:\halo-main\application\src\test\java\run\halo\app\extension\router\ExtensionRouterFunctionFactoryTest.java,run.halo.app.extension.router.ExtensionRouterFunctionFactoryTest,shouldCreateSuccessfully/0,scheme,1
C:\halo-main\application\src\test\java\run\halo\app\extension\router\ExtensionRouterFunctionFactoryTest.java,run.halo.app.extension.router.ExtensionRouterFunctionFactoryTest,shouldCreateSuccessfully/0,testCase,2
C:\halo-main\application\src\test\java\run\halo\app\extension\router\ExtensionRouterFunctionFactoryTest.java,run.halo.app.extension.router.ExtensionRouterFunctionFactoryTest,"TestCase/2[run.halo.app.extension.router.ServerWebExchange,java.lang.Class<? extends run.halo.app.extension.router.HandlerFunction<run.halo.app.extension.router.ServerResponse>>]",expectHandlerType,0
C:\halo-main\application\src\test\java\run\halo\app\extension\router\ExtensionRouterFunctionFactoryTest.java,run.halo.app.extension.router.ExtensionRouterFunctionFactoryTest,"TestCase/2[run.halo.app.extension.router.ServerWebExchange,java.lang.Class<? extends run.halo.app.extension.router.HandlerFunction<run.halo.app.extension.router.ServerResponse>>]",webExchange,0
C:\halo-main\application\src\test\java\run\halo\app\extension\router\ExtensionRouterFunctionFactoryTest.java,run.halo.app.extension.router.ExtensionRouterFunctionFactoryTest,testCases/0,getWebExchange,1
C:\halo-main\application\src\test\java\run\halo\app\extension\router\ExtensionRouterFunctionFactoryTest.java,run.halo.app.extension.router.ExtensionRouterFunctionFactoryTest,testCases/0,listWebExchange,1
C:\halo-main\application\src\test\java\run\halo\app\extension\router\ExtensionRouterFunctionFactoryTest.java,run.halo.app.extension.router.ExtensionRouterFunctionFactoryTest,testCases/0,createWebExchange,1
C:\halo-main\application\src\test\java\run\halo\app\extension\router\ExtensionRouterFunctionFactoryTest.java,run.halo.app.extension.router.ExtensionRouterFunctionFactoryTest,testCases/0,updateWebExchange,1
C:\halo-main\application\src\main\java\run\halo\app\theme\finders\impl\SiteStatsFinderImpl.java,run.halo.app.theme.finders.impl.SiteStatsFinderImpl,getStats/0,stats,7
C:\halo-main\application\src\main\java\run\halo\app\theme\finders\impl\SiteStatsFinderImpl.java,run.halo.app.theme.finders.impl.SiteStatsFinderImpl,getStats/0,siteStatsVo,5
C:\halo-main\application\src\main\java\run\halo\app\theme\finders\impl\SiteStatsFinderImpl.java,run.halo.app.theme.finders.impl.SiteStatsFinderImpl,getStats/0,counter,3
C:\halo-main\application\src\main\java\run\halo\app\theme\finders\impl\SiteStatsFinderImpl.java,run.halo.app.theme.finders.impl.SiteStatsFinderImpl,postCount/0,post,2
C:\halo-main\application\src\test\java\run\halo\app\core\extension\attachment\endpoint\AttachmentEndpointTest.java,run.halo.app.core.extension.attachment.endpoint.AttachmentEndpointTest$SearchTest,shouldFilterWithUngrouped/0,request,1
C:\halo-main\application\src\test\java\run\halo\app\core\extension\attachment\endpoint\AttachmentEndpointTest.java,run.halo.app.core.extension.attachment.endpoint.AttachmentEndpointTest$SearchTest,shouldFilterWithUngrouped/0,searchRequest,1
C:\halo-main\application\src\test\java\run\halo\app\core\extension\attachment\endpoint\AttachmentEndpointTest.java,run.halo.app.core.extension.attachment.endpoint.AttachmentEndpointTest$SearchTest,shouldFilterWithUngrouped/0,attachment,3
C:\halo-main\application\src\test\java\run\halo\app\core\extension\attachment\endpoint\AttachmentEndpointTest.java,run.halo.app.core.extension.attachment.endpoint.AttachmentEndpointTest$SearchTest,shouldFilterWithUngrouped/0,pred,2
C:\halo-main\application\src\test\java\run\halo\app\core\extension\attachment\endpoint\AttachmentEndpointTest.java,run.halo.app.core.extension.attachment.endpoint.AttachmentEndpointTest$SearchTest,shouldFilterWithUngrouped/0,httpRequest,1
C:\halo-main\application\src\test\java\run\halo\app\core\extension\attachment\endpoint\AttachmentEndpointTest.java,run.halo.app.core.extension.attachment.endpoint.AttachmentEndpointTest$SearchTest,shouldFilterWithUngrouped/0,exchange,2
C:\halo-main\application\src\test\java\run\halo\app\core\extension\attachment\endpoint\AttachmentEndpointTest.java,run.halo.app.core.extension.attachment.endpoint.AttachmentEndpointTest$SearchTest,shouldFilterWithUngrouped/0,spec,2
C:\halo-main\application\src\main\java\run\halo\app\metrics\CounterServiceImpl.java,run.halo.app.metrics.CounterServiceImpl,deleteByName/1[java.lang.String],counterName,1
C:\halo-main\application\src\main\java\run\halo\app\metrics\CounterServiceImpl.java,run.halo.app.metrics.CounterServiceImpl,CounterServiceImpl/1[run.halo.app.metrics.ReactiveExtensionClient],client,2
C:\halo-main\application\src\main\java\run\halo\app\metrics\CounterServiceImpl.java,run.halo.app.metrics.CounterServiceImpl,getByName/1[java.lang.String],counterName,1
C:\halo-main\application\src\main\java\run\halo\app\theme\ThemeLinkBuilder.java,run.halo.app.theme.ThemeLinkBuilder,isAssetsRequest/1[java.lang.String],link,2
C:\halo-main\application\src\main\java\run\halo\app\theme\ThemeLinkBuilder.java,run.halo.app.theme.ThemeLinkBuilder,isAssetsRequest/1[java.lang.String],assetsPrefix,1
C:\halo-main\application\src\main\java\run\halo\app\theme\ThemeLinkBuilder.java,run.halo.app.theme.ThemeLinkBuilder,"linkInSite/2[java.net.URI,java.lang.String]",externalUri,1
C:\halo-main\application\src\main\java\run\halo\app\theme\ThemeLinkBuilder.java,run.halo.app.theme.ThemeLinkBuilder,"linkInSite/2[java.net.URI,java.lang.String]",e,0
C:\halo-main\application\src\main\java\run\halo\app\theme\ThemeLinkBuilder.java,run.halo.app.theme.ThemeLinkBuilder,"linkInSite/2[java.net.URI,java.lang.String]",link,2
C:\halo-main\application\src\main\java\run\halo\app\theme\ThemeLinkBuilder.java,run.halo.app.theme.ThemeLinkBuilder,"linkInSite/2[java.net.URI,java.lang.String]",requestUri,1
C:\halo-main\application\src\main\java\run\halo\app\theme\ThemeLinkBuilder.java,run.halo.app.theme.ThemeLinkBuilder,"processLink/2[run.halo.app.theme.IExpressionContext,java.lang.String]",context,0
C:\halo-main\application\src\main\java\run\halo\app\theme\ThemeLinkBuilder.java,run.halo.app.theme.ThemeLinkBuilder,"processLink/2[run.halo.app.theme.IExpressionContext,java.lang.String]",link,9
C:\halo-main\application\src\main\java\run\halo\app\theme\ThemeLinkBuilder.java,run.halo.app.theme.ThemeLinkBuilder,"ThemeLinkBuilder/2[run.halo.app.theme.ThemeContext,run.halo.app.theme.ExternalUrlSupplier]",externalUrlSupplier,2
C:\halo-main\application\src\main\java\run\halo\app\theme\ThemeLinkBuilder.java,run.halo.app.theme.ThemeLinkBuilder,"ThemeLinkBuilder/2[run.halo.app.theme.ThemeContext,run.halo.app.theme.ExternalUrlSupplier]",theme,2
C:\halo-main\application\src\test\java\run\halo\app\content\comment\CommentEmailOwnerTest.java,run.halo.app.content.comment.CommentEmailOwnerTest,toCommentOwner/0,commentEmailOwner,1
C:\halo-main\application\src\test\java\run\halo\app\content\comment\CommentEmailOwnerTest.java,run.halo.app.content.comment.CommentEmailOwnerTest,toCommentOwner/0,commentOwner,1
C:\halo-main\application\src\test\java\run\halo\app\content\comment\CommentEmailOwnerTest.java,run.halo.app.content.comment.CommentEmailOwnerTest,constructorTest/0,commentEmailOwner,1
C:\halo-main\application\src\test\java\run\halo\app\metrics\MeterUtilsTest.java,run.halo.app.metrics.MeterUtilsTest,isVisitCounter/0,visitCounter,2
C:\halo-main\application\src\test\java\run\halo\app\metrics\MeterUtilsTest.java,run.halo.app.metrics.MeterUtilsTest,isVisitCounter/0,meterRegistry,1
C:\halo-main\application\src\test\java\run\halo\app\metrics\MeterUtilsTest.java,run.halo.app.metrics.MeterUtilsTest,isApprovedCommentCounter/0,approvedCommentCounter,3
C:\halo-main\application\src\test\java\run\halo\app\metrics\MeterUtilsTest.java,run.halo.app.metrics.MeterUtilsTest,isApprovedCommentCounter/0,meterRegistry,1
C:\halo-main\application\src\test\java\run\halo\app\metrics\MeterUtilsTest.java,run.halo.app.metrics.MeterUtilsTest,approvedCommentCounter/0,requiredSearch,2
C:\halo-main\application\src\test\java\run\halo\app\metrics\MeterUtilsTest.java,run.halo.app.metrics.MeterUtilsTest,approvedCommentCounter/0,id,2
C:\halo-main\application\src\test\java\run\halo\app\metrics\MeterUtilsTest.java,run.halo.app.metrics.MeterUtilsTest,approvedCommentCounter/0,meterRegistry,2
C:\halo-main\application\src\test\java\run\halo\app\metrics\MeterUtilsTest.java,run.halo.app.metrics.MeterUtilsTest,testNameOf/0,s,1
C:\halo-main\application\src\test\java\run\halo\app\metrics\MeterUtilsTest.java,run.halo.app.metrics.MeterUtilsTest,nameOf/0,s,1
C:\halo-main\application\src\test\java\run\halo\app\metrics\MeterUtilsTest.java,run.halo.app.metrics.MeterUtilsTest,upvoteCounter/0,requiredSearch,2
C:\halo-main\application\src\test\java\run\halo\app\metrics\MeterUtilsTest.java,run.halo.app.metrics.MeterUtilsTest,upvoteCounter/0,id,2
C:\halo-main\application\src\test\java\run\halo\app\metrics\MeterUtilsTest.java,run.halo.app.metrics.MeterUtilsTest,upvoteCounter/0,meterRegistry,2
C:\halo-main\application\src\test\java\run\halo\app\metrics\MeterUtilsTest.java,run.halo.app.metrics.MeterUtilsTest,isUpvoteCounter/0,upvoteCounter,3
C:\halo-main\application\src\test\java\run\halo\app\metrics\MeterUtilsTest.java,run.halo.app.metrics.MeterUtilsTest,isUpvoteCounter/0,meterRegistry,1
C:\halo-main\application\src\test\java\run\halo\app\metrics\MeterUtilsTest.java,run.halo.app.metrics.MeterUtilsTest,visitCounter/0,requiredSearch,2
C:\halo-main\application\src\test\java\run\halo\app\metrics\MeterUtilsTest.java,run.halo.app.metrics.MeterUtilsTest,visitCounter/0,id,2
C:\halo-main\application\src\test\java\run\halo\app\metrics\MeterUtilsTest.java,run.halo.app.metrics.MeterUtilsTest,visitCounter/0,meterRegistry,2
C:\halo-main\application\src\test\java\run\halo\app\metrics\MeterUtilsTest.java,run.halo.app.metrics.MeterUtilsTest,totalCommentCounter/0,requiredSearch,2
C:\halo-main\application\src\test\java\run\halo\app\metrics\MeterUtilsTest.java,run.halo.app.metrics.MeterUtilsTest,totalCommentCounter/0,id,2
C:\halo-main\application\src\test\java\run\halo\app\metrics\MeterUtilsTest.java,run.halo.app.metrics.MeterUtilsTest,totalCommentCounter/0,meterRegistry,2
C:\halo-main\application\src\test\java\run\halo\app\metrics\MeterUtilsTest.java,run.halo.app.metrics.MeterUtilsTest,isDownvoteCounter/0,downvoteCounter,3
C:\halo-main\application\src\test\java\run\halo\app\metrics\MeterUtilsTest.java,run.halo.app.metrics.MeterUtilsTest,isDownvoteCounter/0,meterRegistry,1
C:\halo-main\application\src\test\java\run\halo\app\metrics\MeterUtilsTest.java,run.halo.app.metrics.MeterUtilsTest,isTotalCommentCounter/0,meterRegistry,1
C:\halo-main\application\src\test\java\run\halo\app\metrics\MeterUtilsTest.java,run.halo.app.metrics.MeterUtilsTest,isTotalCommentCounter/0,totalCommentCounter,3
C:\halo-main\application\src\test\java\run\halo\app\theme\router\factories\RouteFactoryTest.java,run.halo.app.theme.router.factories.RouteFactoryTest$TestRouteFactory,create/1[java.lang.String],pattern,0
C:\halo-main\application\src\main\java\run\halo\app\core\extension\theme\ThemeEndpoint.java,run.halo.app.core.extension.theme.ThemeEndpoint,reloadTheme/1[run.halo.app.core.extension.theme.ServerRequest],request,1
C:\halo-main\application\src\main\java\run\halo\app\core\extension\theme\ThemeEndpoint.java,run.halo.app.core.extension.theme.ThemeEndpoint,reloadTheme/1[run.halo.app.core.extension.theme.ServerRequest],name,1
C:\halo-main\application\src\main\java\run\halo\app\core\extension\theme\ThemeEndpoint.java,run.halo.app.core.extension.theme.ThemeEndpoint,reloadTheme/1[run.halo.app.core.extension.theme.ServerRequest],theme,1
C:\halo-main\application\src\main\java\run\halo\app\core\extension\theme\ThemeEndpoint.java,run.halo.app.core.extension.theme.ThemeEndpoint,themeNameInPathVariableOrActivated/1[run.halo.app.core.extension.theme.ServerRequest],request,2
C:\halo-main\application\src\main\java\run\halo\app\core\extension\theme\ThemeEndpoint.java,run.halo.app.core.extension.theme.ThemeEndpoint,themeNameInPathVariableOrActivated/1[run.halo.app.core.extension.theme.ServerRequest],name,3
C:\halo-main\application\src\main\java\run\halo\app\core\extension\theme\ThemeEndpoint.java,run.halo.app.core.extension.theme.ThemeEndpoint,filterUnInstalledThemes/1[java.util.List<run.halo.app.core.extension.theme.Theme>],installed,1
C:\halo-main\application\src\main\java\run\halo\app\core\extension\theme\ThemeEndpoint.java,run.halo.app.core.extension.theme.ThemeEndpoint,filterUnInstalledThemes/1[java.util.List<run.halo.app.core.extension.theme.Theme>],allThemes,1
C:\halo-main\application\src\main\java\run\halo\app\core\extension\theme\ThemeEndpoint.java,run.halo.app.core.extension.theme.ThemeEndpoint,filterUnInstalledThemes/1[java.util.List<run.halo.app.core.extension.theme.Theme>],theme,3
C:\halo-main\application\src\main\java\run\halo\app\core\extension\theme\ThemeEndpoint.java,run.halo.app.core.extension.theme.ThemeEndpoint,install/1[run.halo.app.core.extension.theme.ServerRequest],request,1
C:\halo-main\application\src\main\java\run\halo\app\core\extension\theme\ThemeEndpoint.java,run.halo.app.core.extension.theme.ThemeEndpoint,install/1[run.halo.app.core.extension.theme.ServerRequest],file,1
C:\halo-main\application\src\main\java\run\halo\app\core\extension\theme\ThemeEndpoint.java,run.halo.app.core.extension.theme.ThemeEndpoint,install/1[run.halo.app.core.extension.theme.ServerRequest],e,1
C:\halo-main\application\src\main\java\run\halo\app\core\extension\theme\ThemeEndpoint.java,run.halo.app.core.extension.theme.ThemeEndpoint,install/1[run.halo.app.core.extension.theme.ServerRequest],theme,1
C:\halo-main\application\src\main\java\run\halo\app\core\extension\theme\ThemeEndpoint.java,run.halo.app.core.extension.theme.ThemeEndpoint,fetchThemeConfig/1[run.halo.app.core.extension.theme.ServerRequest],request,1
C:\halo-main\application\src\main\java\run\halo\app\core\extension\theme\ThemeEndpoint.java,run.halo.app.core.extension.theme.ThemeEndpoint,fetchThemeConfig/1[run.halo.app.core.extension.theme.ServerRequest],themeName,1
C:\halo-main\application\src\main\java\run\halo\app\core\extension\theme\ThemeEndpoint.java,run.halo.app.core.extension.theme.ThemeEndpoint,fetchThemeConfig/1[run.halo.app.core.extension.theme.ServerRequest],configMap,1
C:\halo-main\application\src\main\java\run\halo\app\core\extension\theme\ThemeEndpoint.java,run.halo.app.core.extension.theme.ThemeEndpoint,fetchThemeConfig/1[run.halo.app.core.extension.theme.ServerRequest],theme,1
C:\halo-main\application\src\main\java\run\halo\app\core\extension\theme\ThemeEndpoint.java,run.halo.app.core.extension.theme.ThemeEndpoint,fetchThemeConfig/1[run.halo.app.core.extension.theme.ServerRequest],configMapName,1
C:\halo-main\application\src\main\java\run\halo\app\core\extension\theme\ThemeEndpoint.java,run.halo.app.core.extension.theme.ThemeEndpoint,fetchThemeSetting/1[run.halo.app.core.extension.theme.ServerRequest],request,1
C:\halo-main\application\src\main\java\run\halo\app\core\extension\theme\ThemeEndpoint.java,run.halo.app.core.extension.theme.ThemeEndpoint,fetchThemeSetting/1[run.halo.app.core.extension.theme.ServerRequest],name,1
C:\halo-main\application\src\main\java\run\halo\app\core\extension\theme\ThemeEndpoint.java,run.halo.app.core.extension.theme.ThemeEndpoint,fetchThemeSetting/1[run.halo.app.core.extension.theme.ServerRequest],theme,1
C:\halo-main\application\src\main\java\run\halo\app\core\extension\theme\ThemeEndpoint.java,run.halo.app.core.extension.theme.ThemeEndpoint,fetchThemeSetting/1[run.halo.app.core.extension.theme.ServerRequest],settingName,1
C:\halo-main\application\src\main\java\run\halo\app\core\extension\theme\ThemeEndpoint.java,run.halo.app.core.extension.theme.ThemeEndpoint,fetchThemeSetting/1[run.halo.app.core.extension.theme.ServerRequest],setting,1
C:\halo-main\application\src\main\java\run\halo\app\core\extension\theme\ThemeEndpoint.java,run.halo.app.core.extension.theme.ThemeEndpoint,listThemes/1[run.halo.app.core.extension.theme.ServerRequest],request,1
C:\halo-main\application\src\main\java\run\halo\app\core\extension\theme\ThemeEndpoint.java,run.halo.app.core.extension.theme.ThemeEndpoint,listThemes/1[run.halo.app.core.extension.theme.ServerRequest],extensions,1
C:\halo-main\application\src\main\java\run\halo\app\core\extension\theme\ThemeEndpoint.java,run.halo.app.core.extension.theme.ThemeEndpoint,listThemes/1[run.halo.app.core.extension.theme.ServerRequest],queryParams,2
C:\halo-main\application\src\main\java\run\halo\app\core\extension\theme\ThemeEndpoint.java,run.halo.app.core.extension.theme.ThemeEndpoint,listThemes/1[run.halo.app.core.extension.theme.ServerRequest],query,4
C:\halo-main\application\src\main\java\run\halo\app\core\extension\theme\ThemeEndpoint.java,run.halo.app.core.extension.theme.ThemeEndpoint,resetSettingConfig/1[run.halo.app.core.extension.theme.ServerRequest],request,1
C:\halo-main\application\src\main\java\run\halo\app\core\extension\theme\ThemeEndpoint.java,run.halo.app.core.extension.theme.ThemeEndpoint,resetSettingConfig/1[run.halo.app.core.extension.theme.ServerRequest],name,1
C:\halo-main\application\src\main\java\run\halo\app\core\extension\theme\ThemeEndpoint.java,run.halo.app.core.extension.theme.ThemeEndpoint,resetSettingConfig/1[run.halo.app.core.extension.theme.ServerRequest],theme,1
C:\halo-main\application\src\main\java\run\halo\app\core\extension\theme\ThemeEndpoint.java,run.halo.app.core.extension.theme.ThemeEndpoint,fetchActivatedTheme/1[run.halo.app.core.extension.theme.ServerRequest],request,0
C:\halo-main\application\src\main\java\run\halo\app\core\extension\theme\ThemeEndpoint.java,run.halo.app.core.extension.theme.ThemeEndpoint,fetchActivatedTheme/1[run.halo.app.core.extension.theme.ServerRequest],activatedName,1
C:\halo-main\application\src\main\java\run\halo\app\core\extension\theme\ThemeEndpoint.java,run.halo.app.core.extension.theme.ThemeEndpoint,fetchActivatedTheme/1[run.halo.app.core.extension.theme.ServerRequest],theme,1
C:\halo-main\application\src\main\java\run\halo\app\core\extension\theme\ThemeEndpoint.java,run.halo.app.core.extension.theme.ThemeEndpoint,upgrade/1[run.halo.app.core.extension.theme.ServerRequest],request,2
C:\halo-main\application\src\main\java\run\halo\app\core\extension\theme\ThemeEndpoint.java,run.halo.app.core.extension.theme.ThemeEndpoint,upgrade/1[run.halo.app.core.extension.theme.ServerRequest],themeNameInPath,1
C:\halo-main\application\src\main\java\run\halo\app\core\extension\theme\ThemeEndpoint.java,run.halo.app.core.extension.theme.ThemeEndpoint,upgrade/1[run.halo.app.core.extension.theme.ServerRequest],updatedTheme,4
C:\halo-main\application\src\main\java\run\halo\app\core\extension\theme\ThemeEndpoint.java,run.halo.app.core.extension.theme.ThemeEndpoint,upgrade/1[run.halo.app.core.extension.theme.ServerRequest],file,1
C:\halo-main\application\src\main\java\run\halo\app\core\extension\theme\ThemeEndpoint.java,run.halo.app.core.extension.theme.ThemeEndpoint,upgrade/1[run.halo.app.core.extension.theme.ServerRequest],e,1
C:\halo-main\application\src\main\java\run\halo\app\core\extension\theme\ThemeEndpoint.java,run.halo.app.core.extension.theme.ThemeEndpoint,activateTheme/1[run.halo.app.core.extension.theme.ServerRequest],request,1
C:\halo-main\application\src\main\java\run\halo\app\core\extension\theme\ThemeEndpoint.java,run.halo.app.core.extension.theme.ThemeEndpoint,activateTheme/1[run.halo.app.core.extension.theme.ServerRequest],themeConfigJson,1
C:\halo-main\application\src\main\java\run\halo\app\core\extension\theme\ThemeEndpoint.java,run.halo.app.core.extension.theme.ThemeEndpoint,activateTheme/1[run.halo.app.core.extension.theme.ServerRequest],activatedThemeName,2
C:\halo-main\application\src\main\java\run\halo\app\core\extension\theme\ThemeEndpoint.java,run.halo.app.core.extension.theme.ThemeEndpoint,activateTheme/1[run.halo.app.core.extension.theme.ServerRequest],activatedTheme,1
C:\halo-main\application\src\main\java\run\halo\app\core\extension\theme\ThemeEndpoint.java,run.halo.app.core.extension.theme.ThemeEndpoint,activateTheme/1[run.halo.app.core.extension.theme.ServerRequest],themeSetting,2
C:\halo-main\application\src\main\java\run\halo\app\core\extension\theme\ThemeEndpoint.java,run.halo.app.core.extension.theme.ThemeEndpoint,activateTheme/1[run.halo.app.core.extension.theme.ServerRequest],configMap,4
C:\halo-main\application\src\main\java\run\halo\app\core\extension\theme\ThemeEndpoint.java,run.halo.app.core.extension.theme.ThemeEndpoint,activateTheme/1[run.halo.app.core.extension.theme.ServerRequest],theme,1
C:\halo-main\application\src\main\java\run\halo\app\core\extension\theme\ThemeEndpoint.java,run.halo.app.core.extension.theme.ThemeEndpoint,endpoint/0,builder,20
C:\halo-main\application\src\main\java\run\halo\app\core\extension\theme\ThemeEndpoint.java,run.halo.app.core.extension.theme.ThemeEndpoint,endpoint/0,tag,20
C:\halo-main\application\src\main\java\run\halo\app\core\extension\theme\ThemeEndpoint.java,run.halo.app.core.extension.theme.ThemeEndpoint,updateThemeConfig/1[run.halo.app.core.extension.theme.ServerRequest],configMapNameToUpdate,1
C:\halo-main\application\src\main\java\run\halo\app\core\extension\theme\ThemeEndpoint.java,run.halo.app.core.extension.theme.ThemeEndpoint,updateThemeConfig/1[run.halo.app.core.extension.theme.ServerRequest],request,2
C:\halo-main\application\src\main\java\run\halo\app\core\extension\theme\ThemeEndpoint.java,run.halo.app.core.extension.theme.ThemeEndpoint,updateThemeConfig/1[run.halo.app.core.extension.theme.ServerRequest],themeName,1
C:\halo-main\application\src\main\java\run\halo\app\core\extension\theme\ThemeEndpoint.java,run.halo.app.core.extension.theme.ThemeEndpoint,updateThemeConfig/1[run.halo.app.core.extension.theme.ServerRequest],configMap,1
C:\halo-main\application\src\main\java\run\halo\app\core\extension\theme\ThemeEndpoint.java,run.halo.app.core.extension.theme.ThemeEndpoint,updateThemeConfig/1[run.halo.app.core.extension.theme.ServerRequest],configMapToUpdate,5
C:\halo-main\application\src\main\java\run\halo\app\core\extension\theme\ThemeEndpoint.java,run.halo.app.core.extension.theme.ThemeEndpoint,updateThemeConfig/1[run.halo.app.core.extension.theme.ServerRequest],theme,3
C:\halo-main\application\src\main\java\run\halo\app\core\extension\theme\ThemeEndpoint.java,run.halo.app.core.extension.theme.ThemeEndpoint,updateThemeConfig/1[run.halo.app.core.extension.theme.ServerRequest],persisted,1
C:\halo-main\application\src\main\java\run\halo\app\core\extension\theme\ThemeEndpoint.java,run.halo.app.core.extension.theme.ThemeEndpoint,updateThemeConfig/1[run.halo.app.core.extension.theme.ServerRequest],configMapName,4
C:\halo-main\application\src\main\java\run\halo\app\core\extension\theme\ThemeEndpoint.java,run.halo.app.core.extension.theme.ThemeEndpoint,listUninstalled/1[run.halo.app.core.extension.theme.ThemeEndpoint.ThemeQuery],path,1
C:\halo-main\application\src\main\java\run\halo\app\core\extension\theme\ThemeEndpoint.java,run.halo.app.core.extension.theme.ThemeEndpoint,listUninstalled/1[run.halo.app.core.extension.theme.ThemeEndpoint.ThemeQuery],themes,2
C:\halo-main\application\src\main\java\run\halo\app\core\extension\theme\ThemeEndpoint.java,run.halo.app.core.extension.theme.ThemeEndpoint,listUninstalled/1[run.halo.app.core.extension.theme.ThemeEndpoint.ThemeQuery],subList,2
C:\halo-main\application\src\main\java\run\halo\app\core\extension\theme\ThemeEndpoint.java,run.halo.app.core.extension.theme.ThemeEndpoint,listUninstalled/1[run.halo.app.core.extension.theme.ThemeEndpoint.ThemeQuery],size,3
C:\halo-main\application\src\main\java\run\halo\app\core\extension\theme\ThemeEndpoint.java,run.halo.app.core.extension.theme.ThemeEndpoint,listUninstalled/1[run.halo.app.core.extension.theme.ThemeEndpoint.ThemeQuery],query,2
C:\halo-main\application\src\main\java\run\halo\app\core\extension\theme\ThemeEndpoint.java,run.halo.app.core.extension.theme.ThemeEndpoint,listUninstalled/1[run.halo.app.core.extension.theme.ThemeEndpoint.ThemeQuery],page,2
C:\halo-main\application\src\main\java\run\halo\app\core\extension\theme\ThemeEndpoint.java,run.halo.app.core.extension.theme.ThemeEndpoint,InstallRequest/1[run.halo.app.core.extension.theme.FilePart],file,0
C:\halo-main\application\src\main\java\run\halo\app\core\extension\theme\ThemeEndpoint.java,run.halo.app.core.extension.theme.ThemeEndpoint,"getZipFilePart/1[run.halo.app.core.extension.theme.MultiValueMap<java.lang.String,run.halo.app.core.extension.theme.Part>]",part,1
C:\halo-main\application\src\main\java\run\halo\app\core\extension\theme\ThemeEndpoint.java,run.halo.app.core.extension.theme.ThemeEndpoint,"getZipFilePart/1[run.halo.app.core.extension.theme.MultiValueMap<java.lang.String,run.halo.app.core.extension.theme.Part>]",formData,1
C:\halo-main\application\src\main\java\run\halo\app\theme\router\factories\RouteFactory.java,run.halo.app.theme.router.factories.RouteFactory,"configuredPageSize/2[run.halo.app.infra.SystemConfigurableEnvironmentFetcher,java.util.function.Function<SystemSetting.Post,java.lang.Integer>]",p,1
C:\halo-main\application\src\main\java\run\halo\app\theme\router\factories\RouteFactory.java,run.halo.app.theme.router.factories.RouteFactory,"configuredPageSize/2[run.halo.app.infra.SystemConfigurableEnvironmentFetcher,java.util.function.Function<SystemSetting.Post,java.lang.Integer>]",environmentFetcher,1
C:\halo-main\application\src\main\java\run\halo\app\theme\router\factories\RouteFactory.java,run.halo.app.theme.router.factories.RouteFactory,"configuredPageSize/2[run.halo.app.infra.SystemConfigurableEnvironmentFetcher,java.util.function.Function<SystemSetting.Post,java.lang.Integer>]",mapper,1
C:\halo-main\application\src\main\java\run\halo\app\theme\router\factories\RouteFactory.java,run.halo.app.theme.router.factories.RouteFactory,pageNumInPathVariable/1[run.halo.app.theme.router.factories.ServerRequest],request,1
C:\halo-main\application\src\main\java\run\halo\app\theme\router\factories\RouteFactory.java,run.halo.app.theme.router.factories.RouteFactory,pageNumInPathVariable/1[run.halo.app.theme.router.factories.ServerRequest],page,1
C:\halo-main\application\src\main\java\run\halo\app\theme\router\factories\RouteFactory.java,run.halo.app.theme.router.factories.RouteFactory,create/1[java.lang.String],pattern,0
C:\halo-main\application\src\main\java\run\halo\app\core\extension\endpoint\PluginEndpoint.java,run.halo.app.core.extension.endpoint.PluginEndpoint$ListRequest,ListRequest/1[run.halo.app.core.extension.endpoint.ServerRequest],request,2
C:\halo-main\application\src\main\java\run\halo\app\core\extension\endpoint\PluginEndpoint.java,run.halo.app.core.extension.endpoint.PluginEndpoint$ListRequest,toPredicate/0,plugin,5
C:\halo-main\application\src\main\java\run\halo\app\core\extension\endpoint\PluginEndpoint.java,run.halo.app.core.extension.endpoint.PluginEndpoint$ListRequest,toPredicate/0,displayName,2
C:\halo-main\application\src\main\java\run\halo\app\core\extension\endpoint\PluginEndpoint.java,run.halo.app.core.extension.endpoint.PluginEndpoint$ListRequest,toPredicate/0,enablePredicate,1
C:\halo-main\application\src\main\java\run\halo\app\core\extension\endpoint\PluginEndpoint.java,run.halo.app.core.extension.endpoint.PluginEndpoint$ListRequest,toPredicate/0,displayNamePredicate,1
C:\halo-main\application\src\main\java\run\halo\app\core\extension\endpoint\PluginEndpoint.java,run.halo.app.core.extension.endpoint.PluginEndpoint$ListRequest,toPredicate/0,descriptionPredicate,1
C:\halo-main\application\src\main\java\run\halo\app\core\extension\endpoint\PluginEndpoint.java,run.halo.app.core.extension.endpoint.PluginEndpoint$ListRequest,toPredicate/0,description,2
C:\halo-main\application\src\main\java\run\halo\app\core\extension\endpoint\PluginEndpoint.java,run.halo.app.core.extension.endpoint.PluginEndpoint$ListRequest,toPredicate/0,keyword,5
C:\halo-main\application\src\main\java\run\halo\app\core\extension\endpoint\PluginEndpoint.java,run.halo.app.core.extension.endpoint.PluginEndpoint$ListRequest,toPredicate/0,enabled,2
C:\halo-main\application\src\main\java\run\halo\app\core\extension\endpoint\PluginEndpoint.java,run.halo.app.core.extension.endpoint.PluginEndpoint$ListRequest,getEnabled/0,enabled,2
C:\halo-main\application\src\main\java\run\halo\app\core\extension\endpoint\PluginEndpoint.java,run.halo.app.core.extension.endpoint.PluginEndpoint$ListRequest,toComparator/0,comparator,3
C:\halo-main\application\src\main\java\run\halo\app\core\extension\endpoint\PluginEndpoint.java,run.halo.app.core.extension.endpoint.PluginEndpoint$ListRequest,toComparator/0,ctOrder,2
C:\halo-main\application\src\main\java\run\halo\app\core\extension\endpoint\PluginEndpoint.java,run.halo.app.core.extension.endpoint.PluginEndpoint$ListRequest,toComparator/0,plugin,1
C:\halo-main\application\src\main\java\run\halo\app\core\extension\endpoint\PluginEndpoint.java,run.halo.app.core.extension.endpoint.PluginEndpoint$ListRequest,toComparator/0,sort,1
C:\halo-main\application\src\main\java\run\halo\app\core\extension\endpoint\PluginEndpoint.java,run.halo.app.core.extension.endpoint.PluginEndpoint$ListRequest,toComparator/0,comparators,4
C:\halo-main\application\src\test\java\run\halo\app\theme\SiteSettingVariablesAcquirerTest.java,run.halo.app.theme.SiteSettingVariablesAcquirerTest,acquire/0,result,3
C:\halo-main\application\src\test\java\run\halo\app\theme\SiteSettingVariablesAcquirerTest.java,run.halo.app.theme.SiteSettingVariablesAcquirerTest,acquire/0,configMap,2
C:\halo-main\application\src\test\java\run\halo\app\theme\SiteSettingVariablesAcquirerTest.java,run.halo.app.theme.SiteSettingVariablesAcquirerTest,acquire/0,uri,2
C:\halo-main\application\src\main\java\run\halo\app\theme\HaloViewResolver.java,run.halo.app.theme.HaloViewResolver,"loadView/2[java.lang.String,java.util.Locale]",view,2
C:\halo-main\application\src\main\java\run\halo\app\theme\HaloViewResolver.java,run.halo.app.theme.HaloViewResolver,"loadView/2[java.lang.String,java.util.Locale]",viewName,1
C:\halo-main\application\src\main\java\run\halo\app\theme\HaloViewResolver.java,run.halo.app.theme.HaloViewResolver,"loadView/2[java.lang.String,java.util.Locale]",locale,1
C:\halo-main\application\src\main\java\run\halo\app\theme\HaloViewResolver.java,run.halo.app.theme.HaloViewResolver,HaloViewResolver/1[run.halo.app.theme.finders.FinderRegistry],finderRegistry,2
C:\halo-main\application\src\test\java\run\halo\app\security\LoginUtils.java,run.halo.app.security.LoginUtils,"login/3[run.halo.app.security.WebTestClient,java.lang.String,java.lang.String]",request,3
C:\halo-main\application\src\test\java\run\halo\app\security\LoginUtils.java,run.halo.app.security.LoginUtils,"login/3[run.halo.app.security.WebTestClient,java.lang.String,java.lang.String]",password,1
C:\halo-main\application\src\test\java\run\halo\app\security\LoginUtils.java,run.halo.app.security.LoginUtils,"login/3[run.halo.app.security.WebTestClient,java.lang.String,java.lang.String]",responseMap,1
C:\halo-main\application\src\test\java\run\halo\app\security\LoginUtils.java,run.halo.app.security.LoginUtils,"login/3[run.halo.app.security.WebTestClient,java.lang.String,java.lang.String]",webClient,1
C:\halo-main\application\src\test\java\run\halo\app\security\LoginUtils.java,run.halo.app.security.LoginUtils,"login/3[run.halo.app.security.WebTestClient,java.lang.String,java.lang.String]",username,1
C:\halo-main\application\src\main\java\run\halo\app\theme\finders\impl\SinglePageFinderImpl.java,run.halo.app.theme.finders.impl.SinglePageFinderImpl,pageNullSafe/1[java.lang.Integer],page,1
C:\halo-main\application\src\main\java\run\halo\app\theme\finders\impl\SinglePageFinderImpl.java,run.halo.app.theme.finders.impl.SinglePageFinderImpl,getByName/1[java.lang.String],singlePageVo,3
C:\halo-main\application\src\main\java\run\halo\app\theme\finders\impl\SinglePageFinderImpl.java,run.halo.app.theme.finders.impl.SinglePageFinderImpl,getByName/1[java.lang.String],page,8
C:\halo-main\application\src\main\java\run\halo\app\theme\finders\impl\SinglePageFinderImpl.java,run.halo.app.theme.finders.impl.SinglePageFinderImpl,getByName/1[java.lang.String],pageName,2
C:\halo-main\application\src\main\java\run\halo\app\theme\finders\impl\SinglePageFinderImpl.java,run.halo.app.theme.finders.impl.SinglePageFinderImpl,getByName/1[java.lang.String],pageVo,3
C:\halo-main\application\src\main\java\run\halo\app\theme\finders\impl\SinglePageFinderImpl.java,run.halo.app.theme.finders.impl.SinglePageFinderImpl,content/1[java.lang.String],wrapper,2
C:\halo-main\application\src\main\java\run\halo\app\theme\finders\impl\SinglePageFinderImpl.java,run.halo.app.theme.finders.impl.SinglePageFinderImpl,content/1[java.lang.String],pageName,1
C:\halo-main\application\src\main\java\run\halo\app\theme\finders\impl\SinglePageFinderImpl.java,run.halo.app.theme.finders.impl.SinglePageFinderImpl,defaultComparator/0,pinned,1
C:\halo-main\application\src\main\java\run\halo\app\theme\finders\impl\SinglePageFinderImpl.java,run.halo.app.theme.finders.impl.SinglePageFinderImpl,defaultComparator/0,creationTimestamp,1
C:\halo-main\application\src\main\java\run\halo\app\theme\finders\impl\SinglePageFinderImpl.java,run.halo.app.theme.finders.impl.SinglePageFinderImpl,defaultComparator/0,name,1
C:\halo-main\application\src\main\java\run\halo\app\theme\finders\impl\SinglePageFinderImpl.java,run.halo.app.theme.finders.impl.SinglePageFinderImpl,defaultComparator/0,page,7
C:\halo-main\application\src\main\java\run\halo\app\theme\finders\impl\SinglePageFinderImpl.java,run.halo.app.theme.finders.impl.SinglePageFinderImpl,defaultComparator/0,priority,1
C:\halo-main\application\src\main\java\run\halo\app\theme\finders\impl\SinglePageFinderImpl.java,run.halo.app.theme.finders.impl.SinglePageFinderImpl,sizeNullSafe/1[java.lang.Integer],size,1
C:\halo-main\application\src\main\java\run\halo\app\theme\finders\impl\SinglePageFinderImpl.java,run.halo.app.theme.finders.impl.SinglePageFinderImpl,"list/2[java.lang.Integer,java.lang.Integer]",pageVos,1
C:\halo-main\application\src\main\java\run\halo\app\theme\finders\impl\SinglePageFinderImpl.java,run.halo.app.theme.finders.impl.SinglePageFinderImpl,"list/2[java.lang.Integer,java.lang.Integer]",size,1
C:\halo-main\application\src\main\java\run\halo\app\theme\finders\impl\SinglePageFinderImpl.java,run.halo.app.theme.finders.impl.SinglePageFinderImpl,"list/2[java.lang.Integer,java.lang.Integer]",lp,3
C:\halo-main\application\src\main\java\run\halo\app\theme\finders\impl\SinglePageFinderImpl.java,run.halo.app.theme.finders.impl.SinglePageFinderImpl,"list/2[java.lang.Integer,java.lang.Integer]",singlePage,1
C:\halo-main\application\src\main\java\run\halo\app\theme\finders\impl\SinglePageFinderImpl.java,run.halo.app.theme.finders.impl.SinglePageFinderImpl,"list/2[java.lang.Integer,java.lang.Integer]",page,1
C:\halo-main\application\src\main\java\run\halo\app\theme\finders\impl\SinglePageFinderImpl.java,run.halo.app.theme.finders.impl.SinglePageFinderImpl,"list/2[java.lang.Integer,java.lang.Integer]",list,4
C:\halo-main\application\src\main\java\run\halo\app\theme\finders\impl\SinglePageFinderImpl.java,run.halo.app.theme.finders.impl.SinglePageFinderImpl,"list/2[java.lang.Integer,java.lang.Integer]",pageVo,2
C:\halo-main\application\src\main\java\run\halo\app\theme\finders\impl\SinglePageFinderImpl.java,run.halo.app.theme.finders.impl.SinglePageFinderImpl,fetchStats/1[T],name,1
C:\halo-main\application\src\main\java\run\halo\app\theme\finders\impl\SinglePageFinderImpl.java,run.halo.app.theme.finders.impl.SinglePageFinderImpl,fetchStats/1[T],counter,3
C:\halo-main\application\src\main\java\run\halo\app\theme\finders\impl\SinglePageFinderImpl.java,run.halo.app.theme.finders.impl.SinglePageFinderImpl,fetchStats/1[T],pageVo,1
C:\halo-main\application\src\main\java\run\halo\app\theme\finders\impl\SinglePageFinderImpl.java,run.halo.app.theme.finders.impl.SinglePageFinderImpl,populateContributors/1[T],names,2
C:\halo-main\application\src\main\java\run\halo\app\theme\finders\impl\SinglePageFinderImpl.java,run.halo.app.theme.finders.impl.SinglePageFinderImpl,populateContributors/1[T],pageVo,4
C:\halo-main\application\src\main\java\run\halo\app\theme\router\factories\TagPostRouteFactory.java,run.halo.app.theme.router.factories.TagPostRouteFactory,handlerFunction/0,request,3
C:\halo-main\application\src\main\java\run\halo\app\theme\router\factories\TagPostRouteFactory.java,run.halo.app.theme.router.factories.TagPostRouteFactory,handlerFunction/0,path,2
C:\halo-main\application\src\main\java\run\halo\app\theme\router\factories\TagPostRouteFactory.java,run.halo.app.theme.router.factories.TagPostRouteFactory,handlerFunction/0,tagVo,3
C:\halo-main\application\src\main\java\run\halo\app\theme\router\factories\TagPostRouteFactory.java,run.halo.app.theme.router.factories.TagPostRouteFactory,handlerFunction/0,postList,2
C:\halo-main\application\src\main\java\run\halo\app\theme\router\factories\TagPostRouteFactory.java,run.halo.app.theme.router.factories.TagPostRouteFactory,handlerFunction/0,pageNum,1
C:\halo-main\application\src\main\java\run\halo\app\theme\router\factories\TagPostRouteFactory.java,run.halo.app.theme.router.factories.TagPostRouteFactory,"postList/3[java.lang.String,java.lang.Integer,java.lang.String]",name,1
C:\halo-main\application\src\main\java\run\halo\app\theme\router\factories\TagPostRouteFactory.java,run.halo.app.theme.router.factories.TagPostRouteFactory,"postList/3[java.lang.String,java.lang.Integer,java.lang.String]",pageSize,1
C:\halo-main\application\src\main\java\run\halo\app\theme\router\factories\TagPostRouteFactory.java,run.halo.app.theme.router.factories.TagPostRouteFactory,"postList/3[java.lang.String,java.lang.Integer,java.lang.String]",page,1
C:\halo-main\application\src\main\java\run\halo\app\theme\router\factories\TagPostRouteFactory.java,run.halo.app.theme.router.factories.TagPostRouteFactory,"postList/3[java.lang.String,java.lang.Integer,java.lang.String]",list,2
C:\halo-main\application\src\main\java\run\halo\app\theme\router\factories\TagPostRouteFactory.java,run.halo.app.theme.router.factories.TagPostRouteFactory,"postList/3[java.lang.String,java.lang.Integer,java.lang.String]",requestPath,2
C:\halo-main\application\src\main\java\run\halo\app\theme\router\factories\TagPostRouteFactory.java,run.halo.app.theme.router.factories.TagPostRouteFactory,tagBySlug/1[java.lang.String],tag,4
C:\halo-main\application\src\main\java\run\halo\app\theme\router\factories\TagPostRouteFactory.java,run.halo.app.theme.router.factories.TagPostRouteFactory,tagBySlug/1[java.lang.String],slug,2
C:\halo-main\application\src\main\java\run\halo\app\theme\router\factories\TagPostRouteFactory.java,run.halo.app.theme.router.factories.TagPostRouteFactory,create/1[java.lang.String],prefix,2
C:\halo-main\application\src\main\java\run\halo\app\core\extension\service\PluginService.java,run.halo.app.core.extension.service.PluginService,install/1[java.nio.file.Path],path,0
C:\halo-main\application\src\main\java\run\halo\app\core\extension\service\PluginService.java,run.halo.app.core.extension.service.PluginService,"upgrade/2[java.lang.String,java.nio.file.Path]",path,0
C:\halo-main\application\src\main\java\run\halo\app\core\extension\service\PluginService.java,run.halo.app.core.extension.service.PluginService,"upgrade/2[java.lang.String,java.nio.file.Path]",name,0
C:\halo-main\application\src\main\java\run\halo\app\core\extension\service\PluginService.java,run.halo.app.core.extension.service.PluginService,getPreset/1[java.lang.String],presetName,0
C:\halo-main\application\src\test\java\run\halo\app\theme\ThemeLinkBuilderTest.java,run.halo.app.theme.ThemeLinkBuilderTest,linkInSite/0,uri,9
C:\halo-main\application\src\test\java\run\halo\app\theme\ThemeLinkBuilderTest.java,run.halo.app.theme.ThemeLinkBuilderTest,processAbsoluteLink/0,processed,3
C:\halo-main\application\src\test\java\run\halo\app\theme\ThemeLinkBuilderTest.java,run.halo.app.theme.ThemeLinkBuilderTest,processAbsoluteLink/0,link,5
C:\halo-main\application\src\test\java\run\halo\app\theme\ThemeLinkBuilderTest.java,run.halo.app.theme.ThemeLinkBuilderTest,processAbsoluteLink/0,themeLinkBuilder,2
C:\halo-main\application\src\test\java\run\halo\app\theme\ThemeLinkBuilderTest.java,run.halo.app.theme.ThemeLinkBuilderTest,getTheme/1[boolean],isActive,1
C:\halo-main\application\src\test\java\run\halo\app\theme\ThemeLinkBuilderTest.java,run.halo.app.theme.ThemeLinkBuilderTest,processTemplateLinkWithNoActive/0,processed,3
C:\halo-main\application\src\test\java\run\halo\app\theme\ThemeLinkBuilderTest.java,run.halo.app.theme.ThemeLinkBuilderTest,processTemplateLinkWithNoActive/0,link,1
C:\halo-main\application\src\test\java\run\halo\app\theme\ThemeLinkBuilderTest.java,run.halo.app.theme.ThemeLinkBuilderTest,processTemplateLinkWithNoActive/0,themeLinkBuilder,2
C:\halo-main\application\src\test\java\run\halo\app\theme\ThemeLinkBuilderTest.java,run.halo.app.theme.ThemeLinkBuilderTest,processNullLink/0,processed,3
C:\halo-main\application\src\test\java\run\halo\app\theme\ThemeLinkBuilderTest.java,run.halo.app.theme.ThemeLinkBuilderTest,processNullLink/0,link,3
C:\halo-main\application\src\test\java\run\halo\app\theme\ThemeLinkBuilderTest.java,run.halo.app.theme.ThemeLinkBuilderTest,processNullLink/0,themeLinkBuilder,2
C:\halo-main\application\src\test\java\run\halo\app\theme\ThemeLinkBuilderTest.java,run.halo.app.theme.ThemeLinkBuilderTest,processTemplateLinkWithActive/0,processed,1
C:\halo-main\application\src\test\java\run\halo\app\theme\ThemeLinkBuilderTest.java,run.halo.app.theme.ThemeLinkBuilderTest,processTemplateLinkWithActive/0,link,1
C:\halo-main\application\src\test\java\run\halo\app\theme\ThemeLinkBuilderTest.java,run.halo.app.theme.ThemeLinkBuilderTest,processTemplateLinkWithActive/0,themeLinkBuilder,1
C:\halo-main\application\src\test\java\run\halo\app\theme\ThemeLinkBuilderTest.java,run.halo.app.theme.ThemeLinkBuilderTest,processAssetsLink/0,processed,3
C:\halo-main\application\src\test\java\run\halo\app\theme\ThemeLinkBuilderTest.java,run.halo.app.theme.ThemeLinkBuilderTest,processAssetsLink/0,link,3
C:\halo-main\application\src\test\java\run\halo\app\theme\ThemeLinkBuilderTest.java,run.halo.app.theme.ThemeLinkBuilderTest,processAssetsLink/0,themeLinkBuilder,2
C:\halo-main\application\src\test\java\run\halo\app\core\extension\PostTest.java,run.halo.app.core.extension.PostTest,staticIsPublishedTest/0,metadata,2
C:\halo-main\application\src\test\java\run\halo\app\core\extension\PostTest.java,run.halo.app.core.extension.PostTest,staticIsPublishedTest/0,test,9
C:\halo-main\application\src\test\java\run\halo\app\core\extension\PostTest.java,run.halo.app.core.extension.PostTest,staticIsPublishedTest/0,labels,1
C:\halo-main\application\src\test\java\run\halo\app\extension\router\ExtensionCreateHandlerTest.java,run.halo.app.extension.router.ExtensionCreateHandlerTest,shouldReturnErrorWhenExtensionNotFound/0,responseMono,1
C:\halo-main\application\src\test\java\run\halo\app\extension\router\ExtensionCreateHandlerTest.java,run.halo.app.extension.router.ExtensionCreateHandlerTest,shouldReturnErrorWhenExtensionNotFound/0,metadata,2
C:\halo-main\application\src\test\java\run\halo\app\extension\router\ExtensionCreateHandlerTest.java,run.halo.app.extension.router.ExtensionCreateHandlerTest,shouldReturnErrorWhenExtensionNotFound/0,extension,1
C:\halo-main\application\src\test\java\run\halo\app\extension\router\ExtensionCreateHandlerTest.java,run.halo.app.extension.router.ExtensionCreateHandlerTest,shouldReturnErrorWhenExtensionNotFound/0,scheme,1
C:\halo-main\application\src\test\java\run\halo\app\extension\router\ExtensionCreateHandlerTest.java,run.halo.app.extension.router.ExtensionCreateHandlerTest,shouldReturnErrorWhenExtensionNotFound/0,unstructured,4
C:\halo-main\application\src\test\java\run\halo\app\extension\router\ExtensionCreateHandlerTest.java,run.halo.app.extension.router.ExtensionCreateHandlerTest,shouldReturnErrorWhenExtensionNotFound/0,createHandler,1
C:\halo-main\application\src\test\java\run\halo\app\extension\router\ExtensionCreateHandlerTest.java,run.halo.app.extension.router.ExtensionCreateHandlerTest,shouldReturnErrorWhenExtensionNotFound/0,serverRequest,1
C:\halo-main\application\src\test\java\run\halo\app\extension\router\ExtensionCreateHandlerTest.java,run.halo.app.extension.router.ExtensionCreateHandlerTest,shouldHandleCorrectly/0,responseMono,1
C:\halo-main\application\src\test\java\run\halo\app\extension\router\ExtensionCreateHandlerTest.java,run.halo.app.extension.router.ExtensionCreateHandlerTest,shouldHandleCorrectly/0,metadata,3
C:\halo-main\application\src\test\java\run\halo\app\extension\router\ExtensionCreateHandlerTest.java,run.halo.app.extension.router.ExtensionCreateHandlerTest,shouldHandleCorrectly/0,scheme,1
C:\halo-main\application\src\test\java\run\halo\app\extension\router\ExtensionCreateHandlerTest.java,run.halo.app.extension.router.ExtensionCreateHandlerTest,shouldHandleCorrectly/0,response,5
C:\halo-main\application\src\test\java\run\halo\app\extension\router\ExtensionCreateHandlerTest.java,run.halo.app.extension.router.ExtensionCreateHandlerTest,shouldHandleCorrectly/0,unstructured,7
C:\halo-main\application\src\test\java\run\halo\app\extension\router\ExtensionCreateHandlerTest.java,run.halo.app.extension.router.ExtensionCreateHandlerTest,shouldHandleCorrectly/0,fake,1
C:\halo-main\application\src\test\java\run\halo\app\extension\router\ExtensionCreateHandlerTest.java,run.halo.app.extension.router.ExtensionCreateHandlerTest,shouldHandleCorrectly/0,getHandler,1
C:\halo-main\application\src\test\java\run\halo\app\extension\router\ExtensionCreateHandlerTest.java,run.halo.app.extension.router.ExtensionCreateHandlerTest,shouldHandleCorrectly/0,serverRequest,1
C:\halo-main\application\src\test\java\run\halo\app\extension\router\ExtensionCreateHandlerTest.java,run.halo.app.extension.router.ExtensionCreateHandlerTest,shouldReturnErrorWhenNoBodyProvided/0,responseMono,1
C:\halo-main\application\src\test\java\run\halo\app\extension\router\ExtensionCreateHandlerTest.java,run.halo.app.extension.router.ExtensionCreateHandlerTest,shouldReturnErrorWhenNoBodyProvided/0,scheme,1
C:\halo-main\application\src\test\java\run\halo\app\extension\router\ExtensionCreateHandlerTest.java,run.halo.app.extension.router.ExtensionCreateHandlerTest,shouldReturnErrorWhenNoBodyProvided/0,getHandler,1
C:\halo-main\application\src\test\java\run\halo\app\extension\router\ExtensionCreateHandlerTest.java,run.halo.app.extension.router.ExtensionCreateHandlerTest,shouldReturnErrorWhenNoBodyProvided/0,serverRequest,1
C:\halo-main\application\src\test\java\run\halo\app\extension\router\ExtensionCreateHandlerTest.java,run.halo.app.extension.router.ExtensionCreateHandlerTest,shouldBuildPathPatternCorrectly/0,scheme,1
C:\halo-main\application\src\test\java\run\halo\app\extension\router\ExtensionCreateHandlerTest.java,run.halo.app.extension.router.ExtensionCreateHandlerTest,shouldBuildPathPatternCorrectly/0,pathPattern,2
C:\halo-main\application\src\test\java\run\halo\app\extension\router\ExtensionCreateHandlerTest.java,run.halo.app.extension.router.ExtensionCreateHandlerTest,shouldBuildPathPatternCorrectly/0,createHandler,1
C:\halo-main\application\src\main\java\run\halo\app\core\extension\theme\ThemeService.java,run.halo.app.core.extension.theme.ThemeService,"upgrade/2[java.lang.String,java.io.InputStream]",themeName,0
C:\halo-main\application\src\main\java\run\halo\app\core\extension\theme\ThemeService.java,run.halo.app.core.extension.theme.ThemeService,"upgrade/2[java.lang.String,java.io.InputStream]",is,0
C:\halo-main\application\src\main\java\run\halo\app\core\extension\theme\ThemeService.java,run.halo.app.core.extension.theme.ThemeService,install/1[java.io.InputStream],is,0
C:\halo-main\application\src\main\java\run\halo\app\core\extension\theme\ThemeService.java,run.halo.app.core.extension.theme.ThemeService,reloadTheme/1[java.lang.String],name,0
C:\halo-main\application\src\main\java\run\halo\app\core\extension\theme\ThemeService.java,run.halo.app.core.extension.theme.ThemeService,resetSettingConfig/1[java.lang.String],name,0
C:\halo-main\application\src\test\java\run\halo\app\extension\ExtensionOperatorTest.java,run.halo.app.extension.ExtensionOperatorTest,testIsNotDeleted/0,ext,3
C:\halo-main\application\src\test\java\run\halo\app\extension\ExtensionOperatorTest.java,run.halo.app.extension.ExtensionOperatorTest,testIsNotDeleted/0,metadata,3
C:\halo-main\application\src\test\java\run\halo\app\extension\ExtensionOperatorTest.java,run.halo.app.extension.ExtensionOperatorTest,testIsDeleted/0,ext,5
C:\halo-main\application\src\test\java\run\halo\app\extension\ExtensionOperatorTest.java,run.halo.app.extension.ExtensionOperatorTest,testIsDeleted/0,metadata,3
C:\halo-main\application\src\main\java\run\halo\app\theme\finders\impl\ThemeFinderImpl.java,run.halo.app.theme.finders.impl.ThemeFinderImpl,themeWithConfig/1[run.halo.app.theme.finders.vo.ThemeVo],configJson,1
C:\halo-main\application\src\main\java\run\halo\app\theme\finders\impl\ThemeFinderImpl.java,run.halo.app.theme.finders.impl.ThemeFinderImpl,themeWithConfig/1[run.halo.app.theme.finders.vo.ThemeVo],configMap,1
C:\halo-main\application\src\main\java\run\halo\app\theme\finders\impl\ThemeFinderImpl.java,run.halo.app.theme.finders.impl.ThemeFinderImpl,themeWithConfig/1[run.halo.app.theme.finders.vo.ThemeVo],v,1
C:\halo-main\application\src\main\java\run\halo\app\theme\finders\impl\ThemeFinderImpl.java,run.halo.app.theme.finders.impl.ThemeFinderImpl,themeWithConfig/1[run.halo.app.theme.finders.vo.ThemeVo],k,1
C:\halo-main\application\src\main\java\run\halo\app\theme\finders\impl\ThemeFinderImpl.java,run.halo.app.theme.finders.impl.ThemeFinderImpl,themeWithConfig/1[run.halo.app.theme.finders.vo.ThemeVo],jsonNode,1
C:\halo-main\application\src\main\java\run\halo\app\theme\finders\impl\ThemeFinderImpl.java,run.halo.app.theme.finders.impl.ThemeFinderImpl,themeWithConfig/1[run.halo.app.theme.finders.vo.ThemeVo],config,2
C:\halo-main\application\src\main\java\run\halo\app\theme\finders\impl\ThemeFinderImpl.java,run.halo.app.theme.finders.impl.ThemeFinderImpl,themeWithConfig/1[run.halo.app.theme.finders.vo.ThemeVo],themeVo,5
C:\halo-main\application\src\main\java\run\halo\app\theme\finders\impl\ThemeFinderImpl.java,run.halo.app.theme.finders.impl.ThemeFinderImpl,"ThemeFinderImpl/2[run.halo.app.theme.finders.impl.ReactiveExtensionClient,run.halo.app.infra.SystemConfigurableEnvironmentFetcher]",environmentFetcher,2
C:\halo-main\application\src\main\java\run\halo\app\theme\finders\impl\ThemeFinderImpl.java,run.halo.app.theme.finders.impl.ThemeFinderImpl,"ThemeFinderImpl/2[run.halo.app.theme.finders.impl.ReactiveExtensionClient,run.halo.app.infra.SystemConfigurableEnvironmentFetcher]",client,2
C:\halo-main\application\src\main\java\run\halo\app\theme\finders\impl\ThemeFinderImpl.java,run.halo.app.theme.finders.impl.ThemeFinderImpl,getByName/1[java.lang.String],themeName,1
C:\halo-main\application\src\main\java\run\halo\app\theme\finders\impl\ThemeFinderImpl.java,run.halo.app.theme.finders.impl.ThemeFinderImpl,getByName/1[java.lang.String],theme,1
C:\halo-main\application\src\main\java\run\halo\app\theme\finders\impl\ThemeFinderImpl.java,run.halo.app.theme.finders.impl.ThemeFinderImpl,activation/0,themeName,1
C:\halo-main\application\src\main\java\run\halo\app\theme\finders\impl\ThemeFinderImpl.java,run.halo.app.theme.finders.impl.ThemeFinderImpl,activation/0,theme,1
C:\halo-main\application\src\main\java\run\halo\app\plugin\ExtensionComponentsFinder.java,run.halo.app.plugin.ExtensionComponentsFinder,assertExtensionPoint/1[java.lang.Class<?>],type,1
C:\halo-main\application\src\main\java\run\halo\app\plugin\ExtensionComponentsFinder.java,run.halo.app.plugin.ExtensionComponentsFinder,getExtensions/1[java.lang.Class<T>],components,2
C:\halo-main\application\src\main\java\run\halo\app\plugin\ExtensionComponentsFinder.java,run.halo.app.plugin.ExtensionComponentsFinder,getExtensions/1[java.lang.Class<T>],type,3
C:\halo-main\application\src\main\java\run\halo\app\plugin\ExtensionComponentsFinder.java,run.halo.app.plugin.ExtensionComponentsFinder,"ExtensionComponentsFinder/2[run.halo.app.plugin.HaloPluginManager,run.halo.app.plugin.ApplicationContext]",haloPluginManager,2
C:\halo-main\application\src\main\java\run\halo\app\plugin\ExtensionComponentsFinder.java,run.halo.app.plugin.ExtensionComponentsFinder,"ExtensionComponentsFinder/2[run.halo.app.plugin.HaloPluginManager,run.halo.app.plugin.ApplicationContext]",applicationContext,2
C:\halo-main\application\src\main\java\run\halo\app\plugin\ExtensionComponentsFinder.java,run.halo.app.plugin.ExtensionComponentsFinder,"getExtensions/2[java.lang.Class<T>,java.lang.String]",components,4
C:\halo-main\application\src\main\java\run\halo\app\plugin\ExtensionComponentsFinder.java,run.halo.app.plugin.ExtensionComponentsFinder,"getExtensions/2[java.lang.Class<T>,java.lang.String]",pluginId,3
C:\halo-main\application\src\main\java\run\halo\app\plugin\ExtensionComponentsFinder.java,run.halo.app.plugin.ExtensionComponentsFinder,"getExtensions/2[java.lang.Class<T>,java.lang.String]",type,3
C:\halo-main\application\src\main\java\run\halo\app\extension\DefaultSchemeManager.java,run.halo.app.extension.DefaultSchemeManager,DefaultSchemeManager/1[run.halo.app.extension.SchemeWatcherManager],watcherManager,2
C:\halo-main\application\src\main\java\run\halo\app\extension\DefaultSchemeManager.java,run.halo.app.extension.DefaultSchemeManager,unregister/1[run.halo.app.extension.Scheme],watcher,1
C:\halo-main\application\src\main\java\run\halo\app\extension\DefaultSchemeManager.java,run.halo.app.extension.DefaultSchemeManager,unregister/1[run.halo.app.extension.Scheme],scheme,3
C:\halo-main\application\src\main\java\run\halo\app\extension\DefaultSchemeManager.java,run.halo.app.extension.DefaultSchemeManager,register/1[run.halo.app.extension.Scheme],watcher,1
C:\halo-main\application\src\main\java\run\halo\app\extension\DefaultSchemeManager.java,run.halo.app.extension.DefaultSchemeManager,register/1[run.halo.app.extension.Scheme],scheme,3
C:\halo-main\application\src\test\java\run\halo\app\content\DefaultIndexerTest.java,run.halo.app.content.DefaultIndexerTest,labelIndexFunc/0,entry,2
C:\halo-main\application\src\test\java\run\halo\app\content\DefaultIndexerTest.java,run.halo.app.content.DefaultIndexerTest,labelIndexFunc/0,post,1
C:\halo-main\application\src\test\java\run\halo\app\content\DefaultIndexerTest.java,run.halo.app.content.DefaultIndexerTest,labelIndexFunc/0,indexKeys,2
C:\halo-main\application\src\test\java\run\halo\app\content\DefaultIndexerTest.java,run.halo.app.content.DefaultIndexerTest,labelIndexFunc/0,labels,2
C:\halo-main\application\src\test\java\run\halo\app\content\DefaultIndexerTest.java,run.halo.app.content.DefaultIndexerTest,testTagsIndexer/0,post,1
C:\halo-main\application\src\test\java\run\halo\app\content\DefaultIndexerTest.java,run.halo.app.content.DefaultIndexerTest,testTagsIndexer/0,tagsIndexName,6
C:\halo-main\application\src\test\java\run\halo\app\content\DefaultIndexerTest.java,run.halo.app.content.DefaultIndexerTest,testTagsIndexer/0,indexer,9
C:\halo-main\application\src\test\java\run\halo\app\content\DefaultIndexerTest.java,run.halo.app.content.DefaultIndexerTest,testTagsIndexer/0,post2,6
C:\halo-main\application\src\test\java\run\halo\app\content\DefaultIndexerTest.java,run.halo.app.content.DefaultIndexerTest,testTagsIndexer/0,post3,7
C:\halo-main\application\src\test\java\run\halo\app\content\DefaultIndexerTest.java,run.halo.app.content.DefaultIndexerTest,testTagsIndexer/0,tags,2
C:\halo-main\application\src\test\java\run\halo\app\content\DefaultIndexerTest.java,run.halo.app.content.DefaultIndexerTest,testTagsIndexer/0,post1,5
C:\halo-main\application\src\test\java\run\halo\app\content\DefaultIndexerTest.java,run.halo.app.content.DefaultIndexerTest,multiIndexName/0,labelsIndexName,5
C:\halo-main\application\src\test\java\run\halo\app\content\DefaultIndexerTest.java,run.halo.app.content.DefaultIndexerTest,multiIndexName/0,post,1
C:\halo-main\application\src\test\java\run\halo\app\content\DefaultIndexerTest.java,run.halo.app.content.DefaultIndexerTest,multiIndexName/0,tagsIndexName,9
C:\halo-main\application\src\test\java\run\halo\app\content\DefaultIndexerTest.java,run.halo.app.content.DefaultIndexerTest,multiIndexName/0,labelIndexFunc,2
C:\halo-main\application\src\test\java\run\halo\app\content\DefaultIndexerTest.java,run.halo.app.content.DefaultIndexerTest,multiIndexName/0,indexer,14
C:\halo-main\application\src\test\java\run\halo\app\content\DefaultIndexerTest.java,run.halo.app.content.DefaultIndexerTest,multiIndexName/0,post2,9
C:\halo-main\application\src\test\java\run\halo\app\content\DefaultIndexerTest.java,run.halo.app.content.DefaultIndexerTest,multiIndexName/0,tags,2
C:\halo-main\application\src\test\java\run\halo\app\content\DefaultIndexerTest.java,run.halo.app.content.DefaultIndexerTest,multiIndexName/0,post1,7
C:\halo-main\application\src\test\java\run\halo\app\content\DefaultIndexerTest.java,run.halo.app.content.DefaultIndexerTest,getByIndex/0,post,1
C:\halo-main\application\src\test\java\run\halo\app\content\DefaultIndexerTest.java,run.halo.app.content.DefaultIndexerTest,getByIndex/0,tagsIndexName,6
C:\halo-main\application\src\test\java\run\halo\app\content\DefaultIndexerTest.java,run.halo.app.content.DefaultIndexerTest,getByIndex/0,indexer,6
C:\halo-main\application\src\test\java\run\halo\app\content\DefaultIndexerTest.java,run.halo.app.content.DefaultIndexerTest,getByIndex/0,post2,5
C:\halo-main\application\src\test\java\run\halo\app\content\DefaultIndexerTest.java,run.halo.app.content.DefaultIndexerTest,getByIndex/0,tags,2
C:\halo-main\application\src\test\java\run\halo\app\content\DefaultIndexerTest.java,run.halo.app.content.DefaultIndexerTest,getByIndex/0,post1,5
C:\halo-main\application\src\test\java\run\halo\app\content\DefaultIndexerTest.java,run.halo.app.content.DefaultIndexerTest,addButNotIndexFunc/0,indexer,1
C:\halo-main\application\src\test\java\run\halo\app\content\DefaultIndexerTest.java,run.halo.app.content.DefaultIndexerTest,addButNotIndexFunc/0,post1,5
C:\halo-main\application\src\test\java\run\halo\app\content\DefaultIndexerTest.java,run.halo.app.content.DefaultIndexerTest,testLabelIndexer/0,labelsIndexName,7
C:\halo-main\application\src\test\java\run\halo\app\content\DefaultIndexerTest.java,run.halo.app.content.DefaultIndexerTest,testLabelIndexer/0,labelIndexFunc,2
C:\halo-main\application\src\test\java\run\halo\app\content\DefaultIndexerTest.java,run.halo.app.content.DefaultIndexerTest,testLabelIndexer/0,indexer,11
C:\halo-main\application\src\test\java\run\halo\app\content\DefaultIndexerTest.java,run.halo.app.content.DefaultIndexerTest,testLabelIndexer/0,post2,7
C:\halo-main\application\src\test\java\run\halo\app\content\DefaultIndexerTest.java,run.halo.app.content.DefaultIndexerTest,testLabelIndexer/0,post3,4
C:\halo-main\application\src\test\java\run\halo\app\content\DefaultIndexerTest.java,run.halo.app.content.DefaultIndexerTest,testLabelIndexer/0,post1,6
C:\halo-main\application\src\main\java\run\halo\app\plugin\DefaultDevelopmentPluginRepository.java,run.halo.app.plugin.DefaultDevelopmentPluginRepository,addFixedPath/1[java.nio.file.Path],path,1
C:\halo-main\application\src\main\java\run\halo\app\plugin\DefaultDevelopmentPluginRepository.java,run.halo.app.plugin.DefaultDevelopmentPluginRepository,DefaultDevelopmentPluginRepository/1[java.util.List<java.nio.file.Path>],pluginsRoots,1
C:\halo-main\application\src\main\java\run\halo\app\plugin\DefaultDevelopmentPluginRepository.java,run.halo.app.plugin.DefaultDevelopmentPluginRepository,DefaultDevelopmentPluginRepository/1[java.nio.file.Path[]],pluginsRoots,1
C:\halo-main\application\src\main\java\run\halo\app\plugin\DefaultDevelopmentPluginRepository.java,run.halo.app.plugin.DefaultDevelopmentPluginRepository,getPluginPaths/0,paths,2
C:\halo-main\application\src\main\java\run\halo\app\plugin\DefaultDevelopmentPluginRepository.java,run.halo.app.plugin.DefaultDevelopmentPluginRepository,setFixedPaths/1[java.util.List<java.nio.file.Path>],paths,2
C:\halo-main\application\src\main\java\run\halo\app\security\authentication\jwt\LoginAuthenticationManager.java,run.halo.app.security.authentication.jwt.LoginAuthenticationManager,"LoginAuthenticationManager/2[run.halo.app.security.authentication.jwt.ReactiveUserDetailsService,run.halo.app.security.authentication.jwt.PasswordEncoder]",passwordEncoder,1
C:\halo-main\application\src\main\java\run\halo\app\security\authentication\jwt\LoginAuthenticationManager.java,run.halo.app.security.authentication.jwt.LoginAuthenticationManager,"LoginAuthenticationManager/2[run.halo.app.security.authentication.jwt.ReactiveUserDetailsService,run.halo.app.security.authentication.jwt.PasswordEncoder]",userDetailsService,2
C:\halo-main\application\src\test\java\run\halo\app\content\comment\SinglePageCommentSubjectTest.java,run.halo.app.content.comment.SinglePageCommentSubjectTest,get/0,singlePage,4
C:\halo-main\application\src\test\java\run\halo\app\content\comment\SinglePageCommentSubjectTest.java,run.halo.app.content.comment.SinglePageCommentSubjectTest,supports/0,singlePage,3
C:\halo-main\application\src\test\java\run\halo\app\content\comment\SinglePageCommentSubjectTest.java,run.halo.app.content.comment.SinglePageCommentSubjectTest,supports/0,supports,5
C:\halo-main\application\src\test\java\run\halo\app\content\comment\SinglePageCommentSubjectTest.java,run.halo.app.content.comment.SinglePageCommentSubjectTest,supports/0,fakeExtension,3
C:\halo-main\application\src\main\java\run\halo\app\plugin\PluginApplicationInitializer.java,run.halo.app.plugin.PluginApplicationInitializer,findCandidateComponents/1[java.lang.String],candidateComponents,2
C:\halo-main\application\src\main\java\run\halo\app\plugin\PluginApplicationInitializer.java,run.halo.app.plugin.PluginApplicationInitializer,findCandidateComponents/1[java.lang.String],extensionClassNames,3
C:\halo-main\application\src\main\java\run\halo\app\plugin\PluginApplicationInitializer.java,run.halo.app.plugin.PluginApplicationInitializer,findCandidateComponents/1[java.lang.String],extensionClass,1
C:\halo-main\application\src\main\java\run\halo\app\plugin\PluginApplicationInitializer.java,run.halo.app.plugin.PluginApplicationInitializer,findCandidateComponents/1[java.lang.String],plugin,1
C:\halo-main\application\src\main\java\run\halo\app\plugin\PluginApplicationInitializer.java,run.halo.app.plugin.PluginApplicationInitializer,findCandidateComponents/1[java.lang.String],extensionClassName,2
C:\halo-main\application\src\main\java\run\halo\app\plugin\PluginApplicationInitializer.java,run.halo.app.plugin.PluginApplicationInitializer,findCandidateComponents/1[java.lang.String],e,2
C:\halo-main\application\src\main\java\run\halo\app\plugin\PluginApplicationInitializer.java,run.halo.app.plugin.PluginApplicationInitializer,findCandidateComponents/1[java.lang.String],pluginId,4
C:\halo-main\application\src\main\java\run\halo\app\plugin\PluginApplicationInitializer.java,run.halo.app.plugin.PluginApplicationInitializer,findCandidateComponents/1[java.lang.String],stopWatch,6
C:\halo-main\application\src\main\java\run\halo\app\plugin\PluginApplicationInitializer.java,run.halo.app.plugin.PluginApplicationInitializer,contextDestroyed/1[java.lang.String],removed,2
C:\halo-main\application\src\main\java\run\halo\app\plugin\PluginApplicationInitializer.java,run.halo.app.plugin.PluginApplicationInitializer,contextDestroyed/1[java.lang.String],pluginId,2
C:\halo-main\application\src\main\java\run\halo\app\plugin\PluginApplicationInitializer.java,run.halo.app.plugin.PluginApplicationInitializer,"PluginApplicationInitializer/2[run.halo.app.plugin.HaloPluginManager,run.halo.app.plugin.ApplicationContext]",haloPluginManager,3
C:\halo-main\application\src\main\java\run\halo\app\plugin\PluginApplicationInitializer.java,run.halo.app.plugin.PluginApplicationInitializer,"PluginApplicationInitializer/2[run.halo.app.plugin.HaloPluginManager,run.halo.app.plugin.ApplicationContext]",rootApplicationContext,4
C:\halo-main\application\src\main\java\run\halo\app\plugin\PluginApplicationInitializer.java,run.halo.app.plugin.PluginApplicationInitializer,createPluginApplicationContext/1[java.lang.String],beanFactory,3
C:\halo-main\application\src\main\java\run\halo\app\plugin\PluginApplicationInitializer.java,run.halo.app.plugin.PluginApplicationInitializer,createPluginApplicationContext/1[java.lang.String],plugin,1
C:\halo-main\application\src\main\java\run\halo\app\plugin\PluginApplicationInitializer.java,run.halo.app.plugin.PluginApplicationInitializer,createPluginApplicationContext/1[java.lang.String],pluginId,5
C:\halo-main\application\src\main\java\run\halo\app\plugin\PluginApplicationInitializer.java,run.halo.app.plugin.PluginApplicationInitializer,createPluginApplicationContext/1[java.lang.String],pluginClassLoader,2
C:\halo-main\application\src\main\java\run\halo\app\plugin\PluginApplicationInitializer.java,run.halo.app.plugin.PluginApplicationInitializer,createPluginApplicationContext/1[java.lang.String],pluginApplicationContext,7
C:\halo-main\application\src\main\java\run\halo\app\plugin\PluginApplicationInitializer.java,run.halo.app.plugin.PluginApplicationInitializer,createPluginApplicationContext/1[java.lang.String],stopWatch,8
C:\halo-main\application\src\main\java\run\halo\app\plugin\PluginApplicationInitializer.java,run.halo.app.plugin.PluginApplicationInitializer,createPluginApplicationContext/1[java.lang.String],defaultResourceLoader,1
C:\halo-main\application\src\main\java\run\halo\app\plugin\PluginApplicationInitializer.java,run.halo.app.plugin.PluginApplicationInitializer,getPluginApplicationContext/1[java.lang.String],pluginId,1
C:\halo-main\application\src\main\java\run\halo\app\plugin\PluginApplicationInitializer.java,run.halo.app.plugin.PluginApplicationInitializer,"populateSettingFetcher/2[java.lang.String,run.halo.app.plugin.DefaultListableBeanFactory]",extensionClient,1
C:\halo-main\application\src\main\java\run\halo\app\plugin\PluginApplicationInitializer.java,run.halo.app.plugin.PluginApplicationInitializer,"populateSettingFetcher/2[java.lang.String,run.halo.app.plugin.DefaultListableBeanFactory]",pluginName,1
C:\halo-main\application\src\main\java\run\halo\app\plugin\PluginApplicationInitializer.java,run.halo.app.plugin.PluginApplicationInitializer,"populateSettingFetcher/2[java.lang.String,run.halo.app.plugin.DefaultListableBeanFactory]",reactiveSettingFetcher,2
C:\halo-main\application\src\main\java\run\halo\app\plugin\PluginApplicationInitializer.java,run.halo.app.plugin.PluginApplicationInitializer,"populateSettingFetcher/2[java.lang.String,run.halo.app.plugin.DefaultListableBeanFactory]",listableBeanFactory,2
C:\halo-main\application\src\main\java\run\halo\app\plugin\PluginApplicationInitializer.java,run.halo.app.plugin.PluginApplicationInitializer,onStartUp/1[java.lang.String],pluginId,1
C:\halo-main\application\src\main\java\run\halo\app\plugin\PluginApplicationInitializer.java,run.halo.app.plugin.PluginApplicationInitializer,initApplicationContext/1[java.lang.String],candidateComponents,1
C:\halo-main\application\src\main\java\run\halo\app\plugin\PluginApplicationInitializer.java,run.halo.app.plugin.PluginApplicationInitializer,initApplicationContext/1[java.lang.String],component,2
C:\halo-main\application\src\main\java\run\halo\app\plugin\PluginApplicationInitializer.java,run.halo.app.plugin.PluginApplicationInitializer,initApplicationContext/1[java.lang.String],pluginId,4
C:\halo-main\application\src\main\java\run\halo\app\plugin\PluginApplicationInitializer.java,run.halo.app.plugin.PluginApplicationInitializer,initApplicationContext/1[java.lang.String],pluginApplicationContext,2
C:\halo-main\application\src\main\java\run\halo\app\plugin\PluginApplicationInitializer.java,run.halo.app.plugin.PluginApplicationInitializer,initApplicationContext/1[java.lang.String],stopWatch,10
C:\halo-main\application\src\main\java\run\halo\app\content\permalinks\CategoryPermalinkPolicy.java,run.halo.app.content.permalinks.CategoryPermalinkPolicy,permalink/1[run.halo.app.content.permalinks.Category],path,1
C:\halo-main\application\src\main\java\run\halo\app\content\permalinks\CategoryPermalinkPolicy.java,run.halo.app.content.permalinks.CategoryPermalinkPolicy,permalink/1[run.halo.app.content.permalinks.Category],permalinkPrefix,1
C:\halo-main\application\src\main\java\run\halo\app\content\permalinks\CategoryPermalinkPolicy.java,run.halo.app.content.permalinks.CategoryPermalinkPolicy,permalink/1[run.halo.app.content.permalinks.Category],annotations,1
C:\halo-main\application\src\main\java\run\halo\app\content\permalinks\CategoryPermalinkPolicy.java,run.halo.app.content.permalinks.CategoryPermalinkPolicy,permalink/1[run.halo.app.content.permalinks.Category],category,2
C:\halo-main\application\src\main\java\run\halo\app\content\permalinks\CategoryPermalinkPolicy.java,run.halo.app.content.permalinks.CategoryPermalinkPolicy,permalink/1[run.halo.app.content.permalinks.Category],slug,1
C:\halo-main\application\src\test\java\run\halo\app\content\permalinks\CategoryPermalinkPolicyTest.java,run.halo.app.content.permalinks.CategoryPermalinkPolicyTest,permalink/0,path,1
C:\halo-main\application\src\test\java\run\halo\app\content\permalinks\CategoryPermalinkPolicyTest.java,run.halo.app.content.permalinks.CategoryPermalinkPolicyTest,permalink/0,metadata,2
C:\halo-main\application\src\test\java\run\halo\app\content\permalinks\CategoryPermalinkPolicyTest.java,run.halo.app.content.permalinks.CategoryPermalinkPolicyTest,permalink/0,category,6
C:\halo-main\application\src\test\java\run\halo\app\content\permalinks\CategoryPermalinkPolicyTest.java,run.halo.app.content.permalinks.CategoryPermalinkPolicyTest,permalink/0,permalink,9
C:\halo-main\application\src\test\java\run\halo\app\content\permalinks\CategoryPermalinkPolicyTest.java,run.halo.app.content.permalinks.CategoryPermalinkPolicyTest,permalink/0,categorySpec,2
C:\halo-main\application\src\test\java\run\halo\app\core\extension\theme\ThemeEndpointTest.java,run.halo.app.core.extension.theme.ThemeEndpointTest$UpgradeTest,shouldNotOkIfThemeNotInstalled/0,bodyBuilder,2
C:\halo-main\application\src\test\java\run\halo\app\core\extension\theme\ThemeEndpointTest.java,run.halo.app.core.extension.theme.ThemeEndpointTest$UpgradeTest,shouldUpgradeSuccessfullyIfThemeInstalled/0,metadata,2
C:\halo-main\application\src\test\java\run\halo\app\core\extension\theme\ThemeEndpointTest.java,run.halo.app.core.extension.theme.ThemeEndpointTest$UpgradeTest,shouldUpgradeSuccessfullyIfThemeInstalled/0,bodyBuilder,2
C:\halo-main\application\src\test\java\run\halo\app\core\extension\theme\ThemeEndpointTest.java,run.halo.app.core.extension.theme.ThemeEndpointTest$UpgradeTest,shouldUpgradeSuccessfullyIfThemeInstalled/0,newTheme,2
C:\halo-main\application\src\main\java\run\halo\app\security\DefaultUserDetailService.java,run.halo.app.security.DefaultUserDetailService,findByUsername/1[java.lang.String],e,0
C:\halo-main\application\src\main\java\run\halo\app\security\DefaultUserDetailService.java,run.halo.app.security.DefaultUserDetailService,findByUsername/1[java.lang.String],subject,1
C:\halo-main\application\src\main\java\run\halo\app\security\DefaultUserDetailService.java,run.halo.app.security.DefaultUserDetailService,findByUsername/1[java.lang.String],user,1
C:\halo-main\application\src\main\java\run\halo\app\security\DefaultUserDetailService.java,run.halo.app.security.DefaultUserDetailService,findByUsername/1[java.lang.String],roleNames,1
C:\halo-main\application\src\main\java\run\halo\app\security\DefaultUserDetailService.java,run.halo.app.security.DefaultUserDetailService,findByUsername/1[java.lang.String],username,4
C:\halo-main\application\src\main\java\run\halo\app\security\DefaultUserDetailService.java,run.halo.app.security.DefaultUserDetailService,"updatePassword/2[run.halo.app.security.UserDetails,java.lang.String]",u,0
C:\halo-main\application\src\main\java\run\halo\app\security\DefaultUserDetailService.java,run.halo.app.security.DefaultUserDetailService,"updatePassword/2[run.halo.app.security.UserDetails,java.lang.String]",newPassword,2
C:\halo-main\application\src\main\java\run\halo\app\security\DefaultUserDetailService.java,run.halo.app.security.DefaultUserDetailService,"updatePassword/2[run.halo.app.security.UserDetails,java.lang.String]",user,2
C:\halo-main\application\src\main\java\run\halo\app\security\DefaultUserDetailService.java,run.halo.app.security.DefaultUserDetailService,isRoleRef/1[run.halo.app.security.RoleRef],gk,1
C:\halo-main\application\src\main\java\run\halo\app\security\DefaultUserDetailService.java,run.halo.app.security.DefaultUserDetailService,isRoleRef/1[run.halo.app.security.RoleRef],roleGvk,1
C:\halo-main\application\src\main\java\run\halo\app\security\DefaultUserDetailService.java,run.halo.app.security.DefaultUserDetailService,isRoleRef/1[run.halo.app.security.RoleRef],roleRef,2
C:\halo-main\application\src\main\java\run\halo\app\security\DefaultUserDetailService.java,run.halo.app.security.DefaultUserDetailService,"DefaultUserDetailService/2[run.halo.app.core.extension.service.UserService,run.halo.app.core.extension.service.RoleService]",roleService,2
C:\halo-main\application\src\main\java\run\halo\app\security\DefaultUserDetailService.java,run.halo.app.security.DefaultUserDetailService,"DefaultUserDetailService/2[run.halo.app.core.extension.service.UserService,run.halo.app.core.extension.service.RoleService]",userService,2
C:\halo-main\application\src\main\java\run\halo\app\security\DefaultUserDetailService.java,run.halo.app.security.DefaultUserDetailService,"withNewPassword/2[run.halo.app.security.UserDetails,java.lang.String]",newPassword,1
C:\halo-main\application\src\main\java\run\halo\app\security\DefaultUserDetailService.java,run.halo.app.security.DefaultUserDetailService,"withNewPassword/2[run.halo.app.security.UserDetails,java.lang.String]",userDetails,1
C:\halo-main\application\src\test\java\run\halo\app\theme\finders\impl\PostFinderImplTest.java,run.halo.app.theme.finders.impl.PostFinderImplTest,posts/0,post6,4
C:\halo-main\application\src\test\java\run\halo\app\theme\finders\impl\PostFinderImplTest.java,run.halo.app.theme.finders.impl.PostFinderImplTest,posts/0,post4,3
C:\halo-main\application\src\test\java\run\halo\app\theme\finders\impl\PostFinderImplTest.java,run.halo.app.theme.finders.impl.PostFinderImplTest,posts/0,post5,4
C:\halo-main\application\src\test\java\run\halo\app\theme\finders\impl\PostFinderImplTest.java,run.halo.app.theme.finders.impl.PostFinderImplTest,posts/0,post2,4
C:\halo-main\application\src\test\java\run\halo\app\theme\finders\impl\PostFinderImplTest.java,run.halo.app.theme.finders.impl.PostFinderImplTest,posts/0,post3,3
C:\halo-main\application\src\test\java\run\halo\app\theme\finders\impl\PostFinderImplTest.java,run.halo.app.theme.finders.impl.PostFinderImplTest,posts/0,post1,3
C:\halo-main\application\src\test\java\run\halo\app\theme\finders\impl\PostFinderImplTest.java,run.halo.app.theme.finders.impl.PostFinderImplTest,post/1[int],metadata,6
C:\halo-main\application\src\test\java\run\halo\app\theme\finders\impl\PostFinderImplTest.java,run.halo.app.theme.finders.impl.PostFinderImplTest,post/1[int],post,4
C:\halo-main\application\src\test\java\run\halo\app\theme\finders\impl\PostFinderImplTest.java,run.halo.app.theme.finders.impl.PostFinderImplTest,post/1[int],postSpec,10
C:\halo-main\application\src\test\java\run\halo\app\theme\finders\impl\PostFinderImplTest.java,run.halo.app.theme.finders.impl.PostFinderImplTest,post/1[int],postStatus,4
C:\halo-main\application\src\test\java\run\halo\app\theme\finders\impl\PostFinderImplTest.java,run.halo.app.theme.finders.impl.PostFinderImplTest,post/1[int],i,4
C:\halo-main\application\src\test\java\run\halo\app\theme\finders\impl\PostFinderImplTest.java,run.halo.app.theme.finders.impl.PostFinderImplTest,predicate/0,strings,1
C:\halo-main\application\src\test\java\run\halo\app\theme\finders\impl\PostFinderImplTest.java,run.halo.app.theme.finders.impl.PostFinderImplTest,predicate/0,post,1
C:\halo-main\application\src\test\java\run\halo\app\theme\finders\impl\PostFinderImplTest.java,run.halo.app.theme.finders.impl.PostFinderImplTest,compare/0,strings,1
C:\halo-main\application\src\test\java\run\halo\app\theme\finders\impl\PostFinderImplTest.java,run.halo.app.theme.finders.impl.PostFinderImplTest,compare/0,post,1
C:\halo-main\application\src\test\java\run\halo\app\theme\finders\impl\PostFinderImplTest.java,run.halo.app.theme.finders.impl.PostFinderImplTest,postPreviousNextPair/0,postNames,6
C:\halo-main\application\src\test\java\run\halo\app\theme\finders\impl\PostFinderImplTest.java,run.halo.app.theme.finders.impl.PostFinderImplTest,postPreviousNextPair/0,i,3
C:\halo-main\application\src\test\java\run\halo\app\theme\finders\impl\PostFinderImplTest.java,run.halo.app.theme.finders.impl.PostFinderImplTest,postPreviousNextPair/0,previousNextPair,14
C:\halo-main\application\src\test\java\run\halo\app\theme\finders\impl\PostFinderImplTest.java,run.halo.app.theme.finders.impl.PostFinderImplTest,fixedSizeSlidingWindow/0,i,3
C:\halo-main\application\src\test\java\run\halo\app\theme\finders\impl\PostFinderImplTest.java,run.halo.app.theme.finders.impl.PostFinderImplTest,fixedSizeSlidingWindow/0,window,2
C:\halo-main\application\src\test\java\run\halo\app\theme\finders\impl\PostFinderImplTest.java,run.halo.app.theme.finders.impl.PostFinderImplTest,fixedSizeSlidingWindow/0,list,2
C:\halo-main\application\src\test\java\run\halo\app\theme\finders\impl\PostFinderImplTest.java,run.halo.app.theme.finders.impl.PostFinderImplTest,archives/0,listResult,1
C:\halo-main\application\src\test\java\run\halo\app\theme\finders\impl\PostFinderImplTest.java,run.halo.app.theme.finders.impl.PostFinderImplTest,archives/0,archives,3
C:\halo-main\application\src\test\java\run\halo\app\theme\finders\impl\PostFinderImplTest.java,run.halo.app.theme.finders.impl.PostFinderImplTest,archives/0,months,2
C:\halo-main\application\src\test\java\run\halo\app\theme\finders\impl\PostFinderImplTest.java,run.halo.app.theme.finders.impl.PostFinderImplTest,archives/0,items,7
C:\halo-main\application\src\test\java\run\halo\app\theme\finders\impl\PostFinderImplTest.java,run.halo.app.theme.finders.impl.PostFinderImplTest,postsForArchives/0,post2,4
C:\halo-main\application\src\test\java\run\halo\app\theme\finders\impl\PostFinderImplTest.java,run.halo.app.theme.finders.impl.PostFinderImplTest,postsForArchives/0,post3,4
C:\halo-main\application\src\test\java\run\halo\app\theme\finders\impl\PostFinderImplTest.java,run.halo.app.theme.finders.impl.PostFinderImplTest,postsForArchives/0,post1,4
C:\halo-main\application\src\test\java\run\halo\app\theme\finders\impl\PostFinderImplTest.java,run.halo.app.theme.finders.impl.PostFinderImplTest,content/0,post,3
C:\halo-main\application\src\test\java\run\halo\app\theme\finders\impl\PostFinderImplTest.java,run.halo.app.theme.finders.impl.PostFinderImplTest,content/0,contentWrapper,3
C:\halo-main\application\src\test\java\run\halo\app\theme\finders\impl\PostFinderImplTest.java,run.halo.app.theme.finders.impl.PostFinderImplTest,content/0,content,3
C:\halo-main\application\src\main\java\run\halo\app\plugin\SharedApplicationContextHolder.java,run.halo.app.plugin.SharedApplicationContextHolder,createSharedApplicationContext/0,reactiveExtensionClient,1
C:\halo-main\application\src\main\java\run\halo\app\plugin\SharedApplicationContextHolder.java,run.halo.app.plugin.SharedApplicationContextHolder,createSharedApplicationContext/0,extensionClient,1
C:\halo-main\application\src\main\java\run\halo\app\plugin\SharedApplicationContextHolder.java,run.halo.app.plugin.SharedApplicationContextHolder,createSharedApplicationContext/0,beanFactory,5
C:\halo-main\application\src\main\java\run\halo\app\plugin\SharedApplicationContextHolder.java,run.halo.app.plugin.SharedApplicationContextHolder,createSharedApplicationContext/0,defaultSchemeManager,1
C:\halo-main\application\src\main\java\run\halo\app\plugin\SharedApplicationContextHolder.java,run.halo.app.plugin.SharedApplicationContextHolder,createSharedApplicationContext/0,sharedApplicationContext,3
C:\halo-main\application\src\main\java\run\halo\app\plugin\SharedApplicationContextHolder.java,run.halo.app.plugin.SharedApplicationContextHolder,SharedApplicationContextHolder/1[run.halo.app.plugin.ApplicationContext],applicationContext,1
C:\halo-main\application\src\test\java\run\halo\app\core\extension\endpoint\UserEndpointTest.java,run.halo.app.core.extension.endpoint.UserEndpointTest$UpdateProfileTest,shouldGetErrorIfUsernameMismatch/0,currentUser,3
C:\halo-main\application\src\test\java\run\halo\app\core\extension\endpoint\UserEndpointTest.java,run.halo.app.core.extension.endpoint.UserEndpointTest$UpdateProfileTest,shouldGetErrorIfUsernameMismatch/0,requestUser,1
C:\halo-main\application\src\test\java\run\halo\app\core\extension\endpoint\UserEndpointTest.java,run.halo.app.core.extension.endpoint.UserEndpointTest$UpdateProfileTest,shouldGetErrorIfUsernameMismatch/0,updatedUser,1
C:\halo-main\application\src\test\java\run\halo\app\core\extension\endpoint\UserEndpointTest.java,run.halo.app.core.extension.endpoint.UserEndpointTest$UpdateProfileTest,createUser/1[java.lang.String],metadata,2
C:\halo-main\application\src\test\java\run\halo\app\core\extension\endpoint\UserEndpointTest.java,run.halo.app.core.extension.endpoint.UserEndpointTest$UpdateProfileTest,createUser/1[java.lang.String],name,1
C:\halo-main\application\src\test\java\run\halo\app\core\extension\endpoint\UserEndpointTest.java,run.halo.app.core.extension.endpoint.UserEndpointTest$UpdateProfileTest,createUser/1[java.lang.String],user,3
C:\halo-main\application\src\test\java\run\halo\app\core\extension\endpoint\UserEndpointTest.java,run.halo.app.core.extension.endpoint.UserEndpointTest$UpdateProfileTest,createUser/1[java.lang.String],spec,5
C:\halo-main\application\src\test\java\run\halo\app\core\extension\endpoint\UserEndpointTest.java,run.halo.app.core.extension.endpoint.UserEndpointTest$UpdateProfileTest,shouldUpdateProfileCorrectly/0,currentUser,3
C:\halo-main\application\src\test\java\run\halo\app\core\extension\endpoint\UserEndpointTest.java,run.halo.app.core.extension.endpoint.UserEndpointTest$UpdateProfileTest,shouldUpdateProfileCorrectly/0,requestUser,1
C:\halo-main\application\src\test\java\run\halo\app\core\extension\endpoint\UserEndpointTest.java,run.halo.app.core.extension.endpoint.UserEndpointTest$UpdateProfileTest,shouldUpdateProfileCorrectly/0,updatedUser,2
C:\halo-main\application\src\main\java\run\halo\app\config\HaloAnonymousAuthenticationWebFilter.java,run.halo.app.config.HaloAnonymousAuthenticationWebFilter,"HaloAnonymousAuthenticationWebFilter/4[java.lang.String,java.lang.Object,java.util.List<run.halo.app.config.GrantedAuthority>,run.halo.app.config.ServerSecurityContextRepository]",principal,1
C:\halo-main\application\src\main\java\run\halo\app\config\HaloAnonymousAuthenticationWebFilter.java,run.halo.app.config.HaloAnonymousAuthenticationWebFilter,"HaloAnonymousAuthenticationWebFilter/4[java.lang.String,java.lang.Object,java.util.List<run.halo.app.config.GrantedAuthority>,run.halo.app.config.ServerSecurityContextRepository]",securityContextRepository,2
C:\halo-main\application\src\main\java\run\halo\app\config\HaloAnonymousAuthenticationWebFilter.java,run.halo.app.config.HaloAnonymousAuthenticationWebFilter,"HaloAnonymousAuthenticationWebFilter/4[java.lang.String,java.lang.Object,java.util.List<run.halo.app.config.GrantedAuthority>,run.halo.app.config.ServerSecurityContextRepository]",key,1
C:\halo-main\application\src\main\java\run\halo\app\config\HaloAnonymousAuthenticationWebFilter.java,run.halo.app.config.HaloAnonymousAuthenticationWebFilter,"HaloAnonymousAuthenticationWebFilter/4[java.lang.String,java.lang.Object,java.util.List<run.halo.app.config.GrantedAuthority>,run.halo.app.config.ServerSecurityContextRepository]",authorities,1
C:\halo-main\application\src\main\java\run\halo\app\config\HaloAnonymousAuthenticationWebFilter.java,run.halo.app.config.HaloAnonymousAuthenticationWebFilter,"filter/2[run.halo.app.config.ServerWebExchange,run.halo.app.config.WebFilterChain]",chain,2
C:\halo-main\application\src\main\java\run\halo\app\config\HaloAnonymousAuthenticationWebFilter.java,run.halo.app.config.HaloAnonymousAuthenticationWebFilter,"filter/2[run.halo.app.config.ServerWebExchange,run.halo.app.config.WebFilterChain]",exchange,4
C:\halo-main\application\src\main\java\run\halo\app\config\HaloAnonymousAuthenticationWebFilter.java,run.halo.app.config.HaloAnonymousAuthenticationWebFilter,"filter/2[run.halo.app.config.ServerWebExchange,run.halo.app.config.WebFilterChain]",securityContext,3
C:\halo-main\application\src\main\java\run\halo\app\config\HaloAnonymousAuthenticationWebFilter.java,run.halo.app.config.HaloAnonymousAuthenticationWebFilter,"filter/2[run.halo.app.config.ServerWebExchange,run.halo.app.config.WebFilterChain]",authentication,1
C:\halo-main\application\src\main\java\run\halo\app\extension\SchemeWatcherManager.java,run.halo.app.extension.SchemeWatcherManager,register/1[run.halo.app.extension.SchemeWatcherManager.SchemeWatcher],watcher,0
C:\halo-main\application\src\main\java\run\halo\app\extension\SchemeWatcherManager.java,run.halo.app.extension.SchemeWatcherManager,unregister/1[run.halo.app.extension.SchemeWatcherManager.SchemeWatcher],watcher,0
C:\halo-main\application\src\test\java\run\halo\app\theme\router\factories\PostRouteFactoryTest.java,run.halo.app.theme.router.factories.PostRouteFactoryTest,create/0,routerFunction,1
C:\halo-main\application\src\test\java\run\halo\app\theme\router\factories\PostRouteFactoryTest.java,run.halo.app.theme.router.factories.PostRouteFactoryTest,create/0,post,6
C:\halo-main\application\src\test\java\run\halo\app\theme\router\factories\PostRouteFactoryTest.java,run.halo.app.theme.router.factories.PostRouteFactoryTest,create/0,webTestClient,1
C:\halo-main\application\src\test\java\run\halo\app\theme\router\factories\PostRouteFactoryTest.java,run.halo.app.theme.router.factories.PostRouteFactoryTest,create/0,labels,1
C:\halo-main\application\src\main\java\run\halo\app\theme\endpoint\CommentFinderEndpoint.java,run.halo.app.theme.endpoint.CommentFinderEndpoint$CommentQuery,toRef/0,ref,5
C:\halo-main\application\src\main\java\run\halo\app\theme\endpoint\CommentFinderEndpoint.java,run.halo.app.theme.endpoint.CommentFinderEndpoint$CommentQuery,"CommentQuery/1[run.halo.app.theme.endpoint.MultiValueMap<java.lang.String,java.lang.String>]",queryParams,1
C:\halo-main\application\src\main\java\run\halo\app\theme\endpoint\CommentFinderEndpoint.java,run.halo.app.theme.endpoint.CommentFinderEndpoint$CommentQuery,getName/0,name,2
C:\halo-main\application\src\main\java\run\halo\app\theme\endpoint\CommentFinderEndpoint.java,run.halo.app.theme.endpoint.CommentFinderEndpoint$CommentQuery,getKind/0,kind,2
C:\halo-main\application\src\main\java\run\halo\app\theme\endpoint\CommentFinderEndpoint.java,run.halo.app.theme.endpoint.CommentFinderEndpoint$CommentQuery,emptyToNull/1[java.lang.String],str,2
C:\halo-main\application\src\test\java\run\halo\app\core\extension\theme\ThemeServiceImplTest.java,run.halo.app.core.extension.theme.ThemeServiceImplTest$UpgradeTest,shouldUpgradeSuccessfully/0,t,1
C:\halo-main\application\src\test\java\run\halo\app\core\extension\theme\ThemeServiceImplTest.java,run.halo.app.core.extension.theme.ThemeServiceImplTest$UpgradeTest,shouldUpgradeSuccessfully/0,themeZipPath,1
C:\halo-main\application\src\test\java\run\halo\app\core\extension\theme\ThemeServiceImplTest.java,run.halo.app.core.extension.theme.ThemeServiceImplTest$UpgradeTest,shouldUpgradeSuccessfully/0,oldTheme,5
C:\halo-main\application\src\test\java\run\halo\app\core\extension\theme\ThemeServiceImplTest.java,run.halo.app.core.extension.theme.ThemeServiceImplTest$UpgradeTest,shouldUpgradeSuccessfully/0,is,1
C:\halo-main\application\src\test\java\run\halo\app\core\extension\theme\ThemeServiceImplTest.java,run.halo.app.core.extension.theme.ThemeServiceImplTest$UpgradeTest,shouldUpgradeSuccessfully/0,newTheme,2
C:\halo-main\application\src\test\java\run\halo\app\core\extension\theme\ThemeServiceImplTest.java,run.halo.app.core.extension.theme.ThemeServiceImplTest$UpgradeTest,shouldFailIfThemeNotInstalledBefore/0,themeZipPath,1
C:\halo-main\application\src\test\java\run\halo\app\core\extension\theme\ThemeServiceImplTest.java,run.halo.app.core.extension.theme.ThemeServiceImplTest$UpgradeTest,shouldFailIfThemeNotInstalledBefore/0,is,1
C:\halo-main\application\src\main\java\run\halo\app\extension\ExtensionUtil.java,run.halo.app.extension.ExtensionUtil,"buildStoreName/2[run.halo.app.extension.Scheme,java.lang.String]",scheme,1
C:\halo-main\application\src\main\java\run\halo\app\extension\ExtensionUtil.java,run.halo.app.extension.ExtensionUtil,"buildStoreName/2[run.halo.app.extension.Scheme,java.lang.String]",name,1
C:\halo-main\application\src\main\java\run\halo\app\extension\ExtensionUtil.java,run.halo.app.extension.ExtensionUtil,buildStoreNamePrefix/1[run.halo.app.extension.Scheme],scheme,3
C:\halo-main\application\src\main\java\run\halo\app\extension\ExtensionUtil.java,run.halo.app.extension.ExtensionUtil,buildStoreNamePrefix/1[run.halo.app.extension.Scheme],builder,3
C:\halo-main\application\src\test\java\run\halo\app\security\authentication\login\impl\RsaKeyServiceTest.java,run.halo.app.security.authentication.login.impl.RsaKeyServiceTest,shouldReadPublicKey/0,realPubKeyBytes,1
C:\halo-main\application\src\test\java\run\halo\app\security\authentication\login\impl\RsaKeyServiceTest.java,run.halo.app.security.authentication.login.impl.RsaKeyServiceTest,shouldReadPublicKey/0,bytes,1
C:\halo-main\application\src\test\java\run\halo\app\security\authentication\login\impl\RsaKeyServiceTest.java,run.halo.app.security.authentication.login.impl.RsaKeyServiceTest,shouldGenerateKeyPair/0,privKey,2
C:\halo-main\application\src\test\java\run\halo\app\security\authentication\login\impl\RsaKeyServiceTest.java,run.halo.app.security.authentication.login.impl.RsaKeyServiceTest,shouldGenerateKeyPair/0,pubKeySpec,1
C:\halo-main\application\src\test\java\run\halo\app\security\authentication\login\impl\RsaKeyServiceTest.java,run.halo.app.security.authentication.login.impl.RsaKeyServiceTest,shouldGenerateKeyPair/0,privKeyBytes,1
C:\halo-main\application\src\test\java\run\halo\app\security\authentication\login\impl\RsaKeyServiceTest.java,run.halo.app.security.authentication.login.impl.RsaKeyServiceTest,shouldGenerateKeyPair/0,privKeySpec,1
C:\halo-main\application\src\test\java\run\halo\app\security\authentication\login\impl\RsaKeyServiceTest.java,run.halo.app.security.authentication.login.impl.RsaKeyServiceTest,shouldGenerateKeyPair/0,pubKeyBytes,1
C:\halo-main\application\src\test\java\run\halo\app\security\authentication\login\impl\RsaKeyServiceTest.java,run.halo.app.security.authentication.login.impl.RsaKeyServiceTest,shouldGenerateKeyPair/0,keyFactory,2
C:\halo-main\application\src\test\java\run\halo\app\security\authentication\login\impl\RsaKeyServiceTest.java,run.halo.app.security.authentication.login.impl.RsaKeyServiceTest,shouldGenerateKeyPair/0,pubKey,2
C:\halo-main\application\src\test\java\run\halo\app\security\authentication\login\impl\RsaKeyServiceTest.java,run.halo.app.security.authentication.login.impl.RsaKeyServiceTest,shouldDecryptMessageCorrectly/0,mono,1
C:\halo-main\application\src\test\java\run\halo\app\security\authentication\login\impl\RsaKeyServiceTest.java,run.halo.app.security.authentication.login.impl.RsaKeyServiceTest,shouldDecryptMessageCorrectly/0,cipher,2
C:\halo-main\application\src\test\java\run\halo\app\security\authentication\login\impl\RsaKeyServiceTest.java,run.halo.app.security.authentication.login.impl.RsaKeyServiceTest,shouldDecryptMessageCorrectly/0,pubKeySpec,1
C:\halo-main\application\src\test\java\run\halo\app\security\authentication\login\impl\RsaKeyServiceTest.java,run.halo.app.security.authentication.login.impl.RsaKeyServiceTest,shouldDecryptMessageCorrectly/0,e,1
C:\halo-main\application\src\test\java\run\halo\app\security\authentication\login\impl\RsaKeyServiceTest.java,run.halo.app.security.authentication.login.impl.RsaKeyServiceTest,shouldDecryptMessageCorrectly/0,message,2
C:\halo-main\application\src\test\java\run\halo\app\security\authentication\login\impl\RsaKeyServiceTest.java,run.halo.app.security.authentication.login.impl.RsaKeyServiceTest,shouldDecryptMessageCorrectly/0,pubKeyBytes,1
C:\halo-main\application\src\test\java\run\halo\app\security\authentication\login\impl\RsaKeyServiceTest.java,run.halo.app.security.authentication.login.impl.RsaKeyServiceTest,shouldDecryptMessageCorrectly/0,keyFactory,1
C:\halo-main\application\src\test\java\run\halo\app\security\authentication\login\impl\RsaKeyServiceTest.java,run.halo.app.security.authentication.login.impl.RsaKeyServiceTest,shouldDecryptMessageCorrectly/0,pubKey,1
C:\halo-main\application\src\main\java\run\halo\app\content\PostSorter.java,run.halo.app.content.PostSorter,from/1[run.halo.app.content.PostSorter],comparatorFunc,3
C:\halo-main\application\src\main\java\run\halo\app\content\PostSorter.java,run.halo.app.content.PostSorter,from/1[run.halo.app.content.PostSorter],sorter,4
C:\halo-main\application\src\main\java\run\halo\app\content\PostSorter.java,run.halo.app.content.PostSorter,from/1[run.halo.app.content.PostSorter],post,3
C:\halo-main\application\src\main\java\run\halo\app\content\PostSorter.java,run.halo.app.content.PostSorter,"from/2[run.halo.app.content.PostSorter,java.lang.Boolean]",sorter,2
C:\halo-main\application\src\main\java\run\halo\app\content\PostSorter.java,run.halo.app.content.PostSorter,"from/2[run.halo.app.content.PostSorter,java.lang.Boolean]",ascending,1
C:\halo-main\application\src\main\java\run\halo\app\content\PostSorter.java,run.halo.app.content.PostSorter,convertFrom/1[java.lang.String],sorter,2
C:\halo-main\application\src\main\java\run\halo\app\content\PostSorter.java,run.halo.app.content.PostSorter,convertFrom/1[java.lang.String],sort,1
C:\halo-main\application\src\main\java\run\halo\app\content\PostSorter.java,run.halo.app.content.PostSorter,defaultComparator/0,post,1
C:\halo-main\application\src\main\java\run\halo\app\content\PostSorter.java,run.halo.app.content.PostSorter,defaultComparator/0,createTime,1
C:\halo-main\application\src\main\java\run\halo\app\theme\router\ExtensionPermalinkPatternUpdater.java,run.halo.app.theme.router.ExtensionPermalinkPatternUpdater,updateTagPermalink/1[java.lang.String],pattern,2
C:\halo-main\application\src\main\java\run\halo\app\theme\router\ExtensionPermalinkPatternUpdater.java,run.halo.app.theme.router.ExtensionPermalinkPatternUpdater,updateTagPermalink/1[java.lang.String],tag,1
C:\halo-main\application\src\main\java\run\halo\app\theme\router\ExtensionPermalinkPatternUpdater.java,run.halo.app.theme.router.ExtensionPermalinkPatternUpdater,onApplicationEvent/1[run.halo.app.theme.router.PermalinkRuleChangedEvent],template,2
C:\halo-main\application\src\main\java\run\halo\app\theme\router\ExtensionPermalinkPatternUpdater.java,run.halo.app.theme.router.ExtensionPermalinkPatternUpdater,onApplicationEvent/1[run.halo.app.theme.router.PermalinkRuleChangedEvent],pattern,0
C:\halo-main\application\src\main\java\run\halo\app\theme\router\ExtensionPermalinkPatternUpdater.java,run.halo.app.theme.router.ExtensionPermalinkPatternUpdater,onApplicationEvent/1[run.halo.app.theme.router.PermalinkRuleChangedEvent],event,2
C:\halo-main\application\src\main\java\run\halo\app\theme\router\ExtensionPermalinkPatternUpdater.java,run.halo.app.theme.router.ExtensionPermalinkPatternUpdater,updateCategoryPermalink/1[java.lang.String],pattern,2
C:\halo-main\application\src\main\java\run\halo\app\theme\router\ExtensionPermalinkPatternUpdater.java,run.halo.app.theme.router.ExtensionPermalinkPatternUpdater,updateCategoryPermalink/1[java.lang.String],category,1
C:\halo-main\application\src\main\java\run\halo\app\theme\router\ExtensionPermalinkPatternUpdater.java,run.halo.app.theme.router.ExtensionPermalinkPatternUpdater,updatePostPermalink/1[java.lang.String],post,1
C:\halo-main\application\src\main\java\run\halo\app\theme\router\ExtensionPermalinkPatternUpdater.java,run.halo.app.theme.router.ExtensionPermalinkPatternUpdater,updatePostPermalink/1[java.lang.String],pattern,2
C:\halo-main\application\src\main\java\run\halo\app\theme\router\ExtensionPermalinkPatternUpdater.java,run.halo.app.theme.router.ExtensionPermalinkPatternUpdater,"updateIfPermalinkPatternChanged/2[run.halo.app.theme.router.AbstractExtension,java.lang.String]",extension,2
C:\halo-main\application\src\main\java\run\halo\app\theme\router\ExtensionPermalinkPatternUpdater.java,run.halo.app.theme.router.ExtensionPermalinkPatternUpdater,"updateIfPermalinkPatternChanged/2[run.halo.app.theme.router.AbstractExtension,java.lang.String]",oldPattern,2
C:\halo-main\application\src\main\java\run\halo\app\theme\router\ExtensionPermalinkPatternUpdater.java,run.halo.app.theme.router.ExtensionPermalinkPatternUpdater,"updateIfPermalinkPatternChanged/2[run.halo.app.theme.router.AbstractExtension,java.lang.String]",pattern,2
C:\halo-main\application\src\main\java\run\halo\app\theme\router\ExtensionPermalinkPatternUpdater.java,run.halo.app.theme.router.ExtensionPermalinkPatternUpdater,"updateIfPermalinkPatternChanged/2[run.halo.app.theme.router.AbstractExtension,java.lang.String]",annotations,2
C:\halo-main\application\src\main\java\run\halo\app\event\post\PostUnpublishedEvent.java,run.halo.app.event.post.PostUnpublishedEvent,"PostUnpublishedEvent/2[java.lang.Object,java.lang.String]",postName,2
C:\halo-main\application\src\main\java\run\halo\app\event\post\PostUnpublishedEvent.java,run.halo.app.event.post.PostUnpublishedEvent,"PostUnpublishedEvent/2[java.lang.Object,java.lang.String]",source,1
C:\halo-main\application\src\main\java\run\halo\app\extension\gc\GcWatcher.java,run.halo.app.extension.gc.GcWatcher,onAdd/1[run.halo.app.extension.gc.Extension],extension,3
C:\halo-main\application\src\main\java\run\halo\app\extension\gc\GcWatcher.java,run.halo.app.extension.gc.GcWatcher,GcWatcher/1[run.halo.app.extension.gc.RequestQueue<run.halo.app.extension.gc.GcRequest>],queue,2
C:\halo-main\application\src\main\java\run\halo\app\extension\gc\GcWatcher.java,run.halo.app.extension.gc.GcWatcher,"onUpdate/2[run.halo.app.extension.gc.Extension,run.halo.app.extension.gc.Extension]",oldExt,0
C:\halo-main\application\src\main\java\run\halo\app\extension\gc\GcWatcher.java,run.halo.app.extension.gc.GcWatcher,"onUpdate/2[run.halo.app.extension.gc.Extension,run.halo.app.extension.gc.Extension]",newExt,3
C:\halo-main\application\src\main\java\run\halo\app\extension\gc\GcWatcher.java,run.halo.app.extension.gc.GcWatcher,registerDisposeHook/1[java.lang.Runnable],dispose,1
C:\halo-main\application\src\main\java\run\halo\app\extension\gc\GcWatcher.java,run.halo.app.extension.gc.GcWatcher,onDelete/1[run.halo.app.extension.gc.Extension],extension,3
C:\halo-main\application\src\main\java\run\halo\app\security\DynamicMatcherSecurityWebFilterChain.java,run.halo.app.security.DynamicMatcherSecurityWebFilterChain,getAdditionalFilters/0,additionalWebFilter,2
C:\halo-main\application\src\main\java\run\halo\app\security\DynamicMatcherSecurityWebFilterChain.java,run.halo.app.security.DynamicMatcherSecurityWebFilterChain,"OrderedWebFilter/2[run.halo.app.security.WebFilter,int]",webFilter,0
C:\halo-main\application\src\main\java\run\halo\app\security\DynamicMatcherSecurityWebFilterChain.java,run.halo.app.security.DynamicMatcherSecurityWebFilterChain,"OrderedWebFilter/2[run.halo.app.security.WebFilter,int]",order,0
C:\halo-main\application\src\main\java\run\halo\app\security\DynamicMatcherSecurityWebFilterChain.java,run.halo.app.security.DynamicMatcherSecurityWebFilterChain,matches/1[run.halo.app.security.ServerWebExchange],exchange,1
C:\halo-main\application\src\main\java\run\halo\app\security\DynamicMatcherSecurityWebFilterChain.java,run.halo.app.security.DynamicMatcherSecurityWebFilterChain,"filter/2[run.halo.app.security.ServerWebExchange,run.halo.app.security.WebFilterChain]",chain,1
C:\halo-main\application\src\main\java\run\halo\app\security\DynamicMatcherSecurityWebFilterChain.java,run.halo.app.security.DynamicMatcherSecurityWebFilterChain,"filter/2[run.halo.app.security.ServerWebExchange,run.halo.app.security.WebFilterChain]",exchange,1
C:\halo-main\application\src\main\java\run\halo\app\security\DynamicMatcherSecurityWebFilterChain.java,run.halo.app.security.DynamicMatcherSecurityWebFilterChain,"DynamicMatcherSecurityWebFilterChain/2[run.halo.app.plugin.extensionpoint.ExtensionGetter,run.halo.app.security.SecurityWebFilterChain]",delegate,2
C:\halo-main\application\src\main\java\run\halo\app\security\DynamicMatcherSecurityWebFilterChain.java,run.halo.app.security.DynamicMatcherSecurityWebFilterChain,"DynamicMatcherSecurityWebFilterChain/2[run.halo.app.plugin.extensionpoint.ExtensionGetter,run.halo.app.security.SecurityWebFilterChain]",extensionGetter,2
C:\halo-main\application\src\main\java\run\halo\app\content\PatchUtils.java,run.halo.app.content.PatchUtils,"diffToJsonPatch/2[java.lang.String,java.lang.String]",patch,1
C:\halo-main\application\src\main\java\run\halo\app\content\PatchUtils.java,run.halo.app.content.PatchUtils,"diffToJsonPatch/2[java.lang.String,java.lang.String]",original,1
C:\halo-main\application\src\main\java\run\halo\app\content\PatchUtils.java,run.halo.app.content.PatchUtils,"diffToJsonPatch/2[java.lang.String,java.lang.String]",revised,1
C:\halo-main\application\src\main\java\run\halo\app\content\PatchUtils.java,run.halo.app.content.PatchUtils,"applyPatch/2[java.lang.String,java.lang.String]",patch,1
C:\halo-main\application\src\main\java\run\halo\app\content\PatchUtils.java,run.halo.app.content.PatchUtils,"applyPatch/2[java.lang.String,java.lang.String]",patchJson,1
C:\halo-main\application\src\main\java\run\halo\app\content\PatchUtils.java,run.halo.app.content.PatchUtils,"applyPatch/2[java.lang.String,java.lang.String]",original,1
C:\halo-main\application\src\main\java\run\halo\app\content\PatchUtils.java,run.halo.app.content.PatchUtils,"applyPatch/2[java.lang.String,java.lang.String]",e,1
C:\halo-main\application\src\main\java\run\halo\app\content\PatchUtils.java,run.halo.app.content.PatchUtils,breakLine/1[java.lang.String],content,2
C:\halo-main\application\src\main\java\run\halo\app\content\PatchUtils.java,run.halo.app.content.PatchUtils,patchToJson/1[run.halo.app.content.Patch<java.lang.String>],patch,1
C:\halo-main\application\src\main\java\run\halo\app\content\PatchUtils.java,run.halo.app.content.PatchUtils,patchToJson/1[run.halo.app.content.Patch<java.lang.String>],deltas,1
C:\halo-main\application\src\main\java\run\halo\app\content\PatchUtils.java,run.halo.app.content.PatchUtils,create/1[java.lang.String],patch,1
C:\halo-main\application\src\main\java\run\halo\app\content\PatchUtils.java,run.halo.app.content.PatchUtils,create/1[java.lang.String],revChunk,0
C:\halo-main\application\src\main\java\run\halo\app\content\PatchUtils.java,run.halo.app.content.PatchUtils,create/1[java.lang.String],orgChunk,0
C:\halo-main\application\src\main\java\run\halo\app\content\PatchUtils.java,run.halo.app.content.PatchUtils,create/1[java.lang.String],sourceChunk,3
C:\halo-main\application\src\main\java\run\halo\app\content\PatchUtils.java,run.halo.app.content.PatchUtils,create/1[java.lang.String],delta,3
C:\halo-main\application\src\main\java\run\halo\app\content\PatchUtils.java,run.halo.app.content.PatchUtils,create/1[java.lang.String],deltasJson,1
C:\halo-main\application\src\main\java\run\halo\app\content\PatchUtils.java,run.halo.app.content.PatchUtils,create/1[java.lang.String],targetChunk,3
C:\halo-main\application\src\main\java\run\halo\app\content\PatchUtils.java,run.halo.app.content.PatchUtils,create/1[java.lang.String],deltas,1
C:\halo-main\application\src\main\java\run\halo\app\security\authentication\login\UsernamePasswordAuthenticator.java,run.halo.app.security.authentication.login.UsernamePasswordAuthenticator$LoginFailureHandler,"onAuthenticationFailure/2[run.halo.app.security.authentication.login.WebFilterExchange,run.halo.app.security.authentication.login.AuthenticationException]",exception,2
C:\halo-main\application\src\main\java\run\halo\app\security\authentication\login\UsernamePasswordAuthenticator.java,run.halo.app.security.authentication.login.UsernamePasswordAuthenticator$LoginFailureHandler,"onAuthenticationFailure/2[run.halo.app.security.authentication.login.WebFilterExchange,run.halo.app.security.authentication.login.AuthenticationException]",webFilterExchange,3
C:\halo-main\application\src\main\java\run\halo\app\security\authentication\login\UsernamePasswordAuthenticator.java,run.halo.app.security.authentication.login.UsernamePasswordAuthenticator$LoginFailureHandler,"onAuthenticationFailure/2[run.halo.app.security.authentication.login.WebFilterExchange,run.halo.app.security.authentication.login.AuthenticationException]",matchResult,0
C:\halo-main\application\src\main\java\run\halo\app\security\authentication\login\UsernamePasswordAuthenticator.java,run.halo.app.security.authentication.login.UsernamePasswordAuthenticator$LoginFailureHandler,"onAuthenticationFailure/2[run.halo.app.security.authentication.login.WebFilterExchange,run.halo.app.security.authentication.login.AuthenticationException]",serverResponse,1
C:\halo-main\application\src\main\java\run\halo\app\theme\engine\ThemeTemplateAvailabilityProvider.java,run.halo.app.theme.engine.ThemeTemplateAvailabilityProvider,"isTemplateAvailable/2[run.halo.app.theme.ThemeContext,java.lang.String]",viewName,0
C:\halo-main\application\src\main\java\run\halo\app\theme\engine\ThemeTemplateAvailabilityProvider.java,run.halo.app.theme.engine.ThemeTemplateAvailabilityProvider,"isTemplateAvailable/2[run.halo.app.theme.ThemeContext,java.lang.String]",themeContext,0
C:\halo-main\application\src\main\java\run\halo\app\extension\gc\GcControllerInitializer.java,run.halo.app.extension.gc.GcControllerInitializer,GcControllerInitializer/1[run.halo.app.extension.gc.GcReconciler],gcReconciler,1
C:\halo-main\application\src\main\java\run\halo\app\extension\gc\GcControllerInitializer.java,run.halo.app.extension.gc.GcControllerInitializer,onApplicationEvent/1[run.halo.app.infra.ExtensionInitializedEvent],event,0
C:\halo-main\application\src\main\java\run\halo\app\plugin\event\HaloPluginStartedEvent.java,run.halo.app.plugin.event.HaloPluginStartedEvent,"HaloPluginStartedEvent/2[java.lang.Object,run.halo.app.plugin.event.PluginWrapper]",plugin,2
C:\halo-main\application\src\main\java\run\halo\app\plugin\event\HaloPluginStartedEvent.java,run.halo.app.plugin.event.HaloPluginStartedEvent,"HaloPluginStartedEvent/2[java.lang.Object,run.halo.app.plugin.event.PluginWrapper]",source,1
C:\halo-main\application\src\main\java\run\halo\app\theme\dialect\HaloSpringSecurityDialect.java,run.halo.app.theme.dialect.HaloSpringSecurityDialect,HaloSpringSecurityDialect/1[run.halo.app.theme.dialect.ServerSecurityContextRepository],securityContextRepository,2
C:\halo-main\application\src\main\java\run\halo\app\theme\dialect\HaloSpringSecurityDialect.java,run.halo.app.theme.dialect.HaloSpringSecurityDialect,initExecutionAttributes/0,secCtxInitializer,1
C:\halo-main\application\src\main\java\run\halo\app\theme\dialect\HaloSpringSecurityDialect.java,run.halo.app.theme.dialect.HaloSpringSecurityDialect,initExecutionAttributes/0,csrfToken,2
C:\halo-main\application\src\main\java\run\halo\app\theme\dialect\HaloSpringSecurityDialect.java,run.halo.app.theme.dialect.HaloSpringSecurityDialect,initExecutionAttributes/0,exchange,4
C:\halo-main\application\src\main\java\run\halo\app\theme\dialect\HaloSpringSecurityDialect.java,run.halo.app.theme.dialect.HaloSpringSecurityDialect,initExecutionAttributes/0,csrfTokenInitializer,1
C:\halo-main\application\src\main\java\run\halo\app\theme\dialect\HaloSpringSecurityDialect.java,run.halo.app.theme.dialect.HaloSpringSecurityDialect,initExecutionAttributes/0,token,1
C:\halo-main\application\src\main\java\run\halo\app\theme\ReactivePropertyAccessor.java,run.halo.app.theme.ReactivePropertyAccessor,"getPropertyAccessorsToTry/2[java.lang.Object,java.util.List<run.halo.app.theme.PropertyAccessor>]",propertyAccessors,1
C:\halo-main\application\src\main\java\run\halo\app\theme\ReactivePropertyAccessor.java,run.halo.app.theme.ReactivePropertyAccessor,"getPropertyAccessorsToTry/2[java.lang.Object,java.util.List<run.halo.app.theme.PropertyAccessor>]",resolvers,2
C:\halo-main\application\src\main\java\run\halo\app\theme\ReactivePropertyAccessor.java,run.halo.app.theme.ReactivePropertyAccessor,"getPropertyAccessorsToTry/2[java.lang.Object,java.util.List<run.halo.app.theme.PropertyAccessor>]",targetType,1
C:\halo-main\application\src\main\java\run\halo\app\theme\ReactivePropertyAccessor.java,run.halo.app.theme.ReactivePropertyAccessor,"getPropertyAccessorsToTry/2[java.lang.Object,java.util.List<run.halo.app.theme.PropertyAccessor>]",contextObject,2
C:\halo-main\application\src\main\java\run\halo\app\theme\ReactivePropertyAccessor.java,run.halo.app.theme.ReactivePropertyAccessor,"canWrite/3[run.halo.app.theme.EvaluationContext,java.lang.Object,java.lang.String]",context,0
C:\halo-main\application\src\main\java\run\halo\app\theme\ReactivePropertyAccessor.java,run.halo.app.theme.ReactivePropertyAccessor,"canWrite/3[run.halo.app.theme.EvaluationContext,java.lang.Object,java.lang.String]",name,0
C:\halo-main\application\src\main\java\run\halo\app\theme\ReactivePropertyAccessor.java,run.halo.app.theme.ReactivePropertyAccessor,"canWrite/3[run.halo.app.theme.EvaluationContext,java.lang.Object,java.lang.String]",target,0
C:\halo-main\application\src\main\java\run\halo\app\theme\ReactivePropertyAccessor.java,run.halo.app.theme.ReactivePropertyAccessor,"write/4[run.halo.app.theme.EvaluationContext,java.lang.Object,java.lang.String,java.lang.Object]",newValue,0
C:\halo-main\application\src\main\java\run\halo\app\theme\ReactivePropertyAccessor.java,run.halo.app.theme.ReactivePropertyAccessor,"write/4[run.halo.app.theme.EvaluationContext,java.lang.Object,java.lang.String,java.lang.Object]",context,0
C:\halo-main\application\src\main\java\run\halo\app\theme\ReactivePropertyAccessor.java,run.halo.app.theme.ReactivePropertyAccessor,"write/4[run.halo.app.theme.EvaluationContext,java.lang.Object,java.lang.String,java.lang.Object]",name,0
C:\halo-main\application\src\main\java\run\halo\app\theme\ReactivePropertyAccessor.java,run.halo.app.theme.ReactivePropertyAccessor,"write/4[run.halo.app.theme.EvaluationContext,java.lang.Object,java.lang.String,java.lang.Object]",target,0
C:\halo-main\application\src\main\java\run\halo\app\theme\ReactivePropertyAccessor.java,run.halo.app.theme.ReactivePropertyAccessor,"canRead/3[run.halo.app.theme.EvaluationContext,java.lang.Object,java.lang.String]",propertyAccessors,1
C:\halo-main\application\src\main\java\run\halo\app\theme\ReactivePropertyAccessor.java,run.halo.app.theme.ReactivePropertyAccessor,"canRead/3[run.halo.app.theme.EvaluationContext,java.lang.Object,java.lang.String]",propertyAccessor,1
C:\halo-main\application\src\main\java\run\halo\app\theme\ReactivePropertyAccessor.java,run.halo.app.theme.ReactivePropertyAccessor,"canRead/3[run.halo.app.theme.EvaluationContext,java.lang.Object,java.lang.String]",context,2
C:\halo-main\application\src\main\java\run\halo\app\theme\ReactivePropertyAccessor.java,run.halo.app.theme.ReactivePropertyAccessor,"canRead/3[run.halo.app.theme.EvaluationContext,java.lang.Object,java.lang.String]",name,1
C:\halo-main\application\src\main\java\run\halo\app\theme\ReactivePropertyAccessor.java,run.halo.app.theme.ReactivePropertyAccessor,"canRead/3[run.halo.app.theme.EvaluationContext,java.lang.Object,java.lang.String]",target,2
C:\halo-main\application\src\main\java\run\halo\app\theme\ReactivePropertyAccessor.java,run.halo.app.theme.ReactivePropertyAccessor,"read/3[run.halo.app.theme.EvaluationContext,java.lang.Object,java.lang.String]",result,1
C:\halo-main\application\src\main\java\run\halo\app\theme\ReactivePropertyAccessor.java,run.halo.app.theme.ReactivePropertyAccessor,"read/3[run.halo.app.theme.EvaluationContext,java.lang.Object,java.lang.String]",e,0
C:\halo-main\application\src\main\java\run\halo\app\theme\ReactivePropertyAccessor.java,run.halo.app.theme.ReactivePropertyAccessor,"read/3[run.halo.app.theme.EvaluationContext,java.lang.Object,java.lang.String]",propertyAccessor,1
C:\halo-main\application\src\main\java\run\halo\app\theme\ReactivePropertyAccessor.java,run.halo.app.theme.ReactivePropertyAccessor,"read/3[run.halo.app.theme.EvaluationContext,java.lang.Object,java.lang.String]",context,2
C:\halo-main\application\src\main\java\run\halo\app\theme\ReactivePropertyAccessor.java,run.halo.app.theme.ReactivePropertyAccessor,"read/3[run.halo.app.theme.EvaluationContext,java.lang.Object,java.lang.String]",name,2
C:\halo-main\application\src\main\java\run\halo\app\theme\ReactivePropertyAccessor.java,run.halo.app.theme.ReactivePropertyAccessor,"read/3[run.halo.app.theme.EvaluationContext,java.lang.Object,java.lang.String]",value,3
C:\halo-main\application\src\main\java\run\halo\app\theme\ReactivePropertyAccessor.java,run.halo.app.theme.ReactivePropertyAccessor,"read/3[run.halo.app.theme.EvaluationContext,java.lang.Object,java.lang.String]",propertyAccessorsToTry,1
C:\halo-main\application\src\main\java\run\halo\app\theme\ReactivePropertyAccessor.java,run.halo.app.theme.ReactivePropertyAccessor,"read/3[run.halo.app.theme.EvaluationContext,java.lang.Object,java.lang.String]",target,2
C:\halo-main\application\src\main\java\run\halo\app\theme\ReactivePropertyAccessor.java,run.halo.app.theme.ReactivePropertyAccessor,isReactiveType/1[java.lang.Object],clazz,2
C:\halo-main\application\src\main\java\run\halo\app\theme\ReactivePropertyAccessor.java,run.halo.app.theme.ReactivePropertyAccessor,isReactiveType/1[java.lang.Object],target,2
C:\halo-main\application\src\main\java\run\halo\app\theme\ReactivePropertyAccessor.java,run.halo.app.theme.ReactivePropertyAccessor,blockingGetForReactive/1[java.lang.Object],clazz,2
C:\halo-main\application\src\main\java\run\halo\app\theme\ReactivePropertyAccessor.java,run.halo.app.theme.ReactivePropertyAccessor,blockingGetForReactive/1[java.lang.Object],value,3
C:\halo-main\application\src\main\java\run\halo\app\theme\ReactivePropertyAccessor.java,run.halo.app.theme.ReactivePropertyAccessor,blockingGetForReactive/1[java.lang.Object],target,5
C:\halo-main\application\src\main\java\run\halo\app\metrics\CounterService.java,run.halo.app.metrics.CounterService,deleteByName/1[java.lang.String],counterName,0
C:\halo-main\application\src\main\java\run\halo\app\metrics\CounterService.java,run.halo.app.metrics.CounterService,getByName/1[java.lang.String],counterName,0
C:\halo-main\application\src\main\java\run\halo\app\core\extension\endpoint\PluginEndpoint.java,run.halo.app.core.extension.endpoint.PluginEndpoint$InstallRequest,"InstallRequest/1[run.halo.app.core.extension.endpoint.MultiValueMap<java.lang.String,run.halo.app.core.extension.endpoint.Part>]",multipartData,2
C:\halo-main\application\src\main\java\run\halo\app\core\extension\endpoint\PluginEndpoint.java,run.halo.app.core.extension.endpoint.PluginEndpoint$InstallRequest,getFile/0,part,2
C:\halo-main\application\src\main\java\run\halo\app\core\extension\endpoint\PluginEndpoint.java,run.halo.app.core.extension.endpoint.PluginEndpoint$InstallRequest,getSource/0,part,2
C:\halo-main\application\src\main\java\run\halo\app\core\extension\endpoint\PluginEndpoint.java,run.halo.app.core.extension.endpoint.PluginEndpoint$InstallRequest,getSource/0,installSource,1
C:\halo-main\application\src\main\java\run\halo\app\core\extension\endpoint\PluginEndpoint.java,run.halo.app.core.extension.endpoint.PluginEndpoint$InstallRequest,getPresetName/0,part,2
C:\halo-main\application\src\main\java\run\halo\app\core\extension\theme\ThemeEndpoint.java,run.halo.app.core.extension.theme.ThemeEndpoint$UpgradeRequest,getFile/0,part,1
C:\halo-main\application\src\main\java\run\halo\app\core\extension\theme\ThemeEndpoint.java,run.halo.app.core.extension.theme.ThemeEndpoint$UpgradeRequest,"UpgradeRequest/1[run.halo.app.core.extension.theme.MultiValueMap<java.lang.String,run.halo.app.core.extension.theme.Part>]",multipartData,2
C:\halo-main\application\src\main\java\run\halo\app\core\extension\reconciler\TagReconciler.java,run.halo.app.core.extension.reconciler.TagReconciler,reconcileStatusPosts/1[java.lang.String],oldTag,1
C:\halo-main\application\src\main\java\run\halo\app\core\extension\reconciler\TagReconciler.java,run.halo.app.core.extension.reconciler.TagReconciler,reconcileStatusPosts/1[java.lang.String],tag,4
C:\halo-main\application\src\main\java\run\halo\app\core\extension\reconciler\TagReconciler.java,run.halo.app.core.extension.reconciler.TagReconciler,reconcileStatusPosts/1[java.lang.String],tagName,1
C:\halo-main\application\src\main\java\run\halo\app\core\extension\reconciler\TagReconciler.java,run.halo.app.core.extension.reconciler.TagReconciler,isDeleted/1[run.halo.app.core.extension.reconciler.Tag],tag,1
C:\halo-main\application\src\main\java\run\halo\app\core\extension\reconciler\TagReconciler.java,run.halo.app.core.extension.reconciler.TagReconciler,reconcile/1[run.halo.app.core.extension.reconciler.Request],request,5
C:\halo-main\application\src\main\java\run\halo\app\core\extension\reconciler\TagReconciler.java,run.halo.app.core.extension.reconciler.TagReconciler,reconcile/1[run.halo.app.core.extension.reconciler.Request],tag,2
C:\halo-main\application\src\main\java\run\halo\app\core\extension\reconciler\TagReconciler.java,run.halo.app.core.extension.reconciler.TagReconciler,addFinalizerIfNecessary/1[run.halo.app.core.extension.reconciler.Tag],finalizers,2
C:\halo-main\application\src\main\java\run\halo\app\core\extension\reconciler\TagReconciler.java,run.halo.app.core.extension.reconciler.TagReconciler,addFinalizerIfNecessary/1[run.halo.app.core.extension.reconciler.Tag],oldTag,2
C:\halo-main\application\src\main\java\run\halo\app\core\extension\reconciler\TagReconciler.java,run.halo.app.core.extension.reconciler.TagReconciler,addFinalizerIfNecessary/1[run.halo.app.core.extension.reconciler.Tag],tag,3
C:\halo-main\application\src\main\java\run\halo\app\core\extension\reconciler\TagReconciler.java,run.halo.app.core.extension.reconciler.TagReconciler,addFinalizerIfNecessary/1[run.halo.app.core.extension.reconciler.Tag],newFinalizers,4
C:\halo-main\application\src\main\java\run\halo\app\core\extension\reconciler\TagReconciler.java,run.halo.app.core.extension.reconciler.TagReconciler,reconcileStatusPermalink/1[java.lang.String],tag,4
C:\halo-main\application\src\main\java\run\halo\app\core\extension\reconciler\TagReconciler.java,run.halo.app.core.extension.reconciler.TagReconciler,reconcileStatusPermalink/1[java.lang.String],tagName,1
C:\halo-main\application\src\main\java\run\halo\app\core\extension\reconciler\TagReconciler.java,run.halo.app.core.extension.reconciler.TagReconciler,reconcileStatusPermalink/1[java.lang.String],permalink,3
C:\halo-main\application\src\main\java\run\halo\app\core\extension\reconciler\TagReconciler.java,run.halo.app.core.extension.reconciler.TagReconciler,reconcileStatusPermalink/1[java.lang.String],oldPermalink,1
C:\halo-main\application\src\main\java\run\halo\app\core\extension\reconciler\TagReconciler.java,run.halo.app.core.extension.reconciler.TagReconciler,setupWith/1[run.halo.app.core.extension.reconciler.ControllerBuilder],builder,1
C:\halo-main\application\src\main\java\run\halo\app\core\extension\reconciler\TagReconciler.java,run.halo.app.core.extension.reconciler.TagReconciler,populatePosts/1[run.halo.app.core.extension.reconciler.Tag],postNames,2
C:\halo-main\application\src\main\java\run\halo\app\core\extension\reconciler\TagReconciler.java,run.halo.app.core.extension.reconciler.TagReconciler,populatePosts/1[run.halo.app.core.extension.reconciler.Tag],hasAllLabelPosts,1
C:\halo-main\application\src\main\java\run\halo\app\core\extension\reconciler\TagReconciler.java,run.halo.app.core.extension.reconciler.TagReconciler,populatePosts/1[run.halo.app.core.extension.reconciler.Tag],tag,3
C:\halo-main\application\src\main\java\run\halo\app\core\extension\reconciler\TagReconciler.java,run.halo.app.core.extension.reconciler.TagReconciler,populatePosts/1[run.halo.app.core.extension.reconciler.Tag],postNamesWithTag,2
C:\halo-main\application\src\main\java\run\halo\app\core\extension\reconciler\TagReconciler.java,run.halo.app.core.extension.reconciler.TagReconciler,populatePosts/1[run.halo.app.core.extension.reconciler.Tag],labelToQuery,1
C:\halo-main\application\src\main\java\run\halo\app\core\extension\reconciler\TagReconciler.java,run.halo.app.core.extension.reconciler.TagReconciler,reconcileMetadata/1[java.lang.String],oldPermalinkPattern,1
C:\halo-main\application\src\main\java\run\halo\app\core\extension\reconciler\TagReconciler.java,run.halo.app.core.extension.reconciler.TagReconciler,reconcileMetadata/1[java.lang.String],name,1
C:\halo-main\application\src\main\java\run\halo\app\core\extension\reconciler\TagReconciler.java,run.halo.app.core.extension.reconciler.TagReconciler,reconcileMetadata/1[java.lang.String],annotations,2
C:\halo-main\application\src\main\java\run\halo\app\core\extension\reconciler\TagReconciler.java,run.halo.app.core.extension.reconciler.TagReconciler,reconcileMetadata/1[java.lang.String],tag,2
C:\halo-main\application\src\main\java\run\halo\app\core\extension\reconciler\TagReconciler.java,run.halo.app.core.extension.reconciler.TagReconciler,reconcileMetadata/1[java.lang.String],newPattern,2
C:\halo-main\application\src\main\java\run\halo\app\core\extension\reconciler\TagReconciler.java,run.halo.app.core.extension.reconciler.TagReconciler,cleanUpResourcesAndRemoveFinalizer/1[java.lang.String],tag,3
C:\halo-main\application\src\main\java\run\halo\app\core\extension\reconciler\TagReconciler.java,run.halo.app.core.extension.reconciler.TagReconciler,cleanUpResourcesAndRemoveFinalizer/1[java.lang.String],tagName,1
C:\halo-main\application\src\main\java\run\halo\app\core\extension\reconciler\ReplyReconciler.java,run.halo.app.core.extension.reconciler.ReplyReconciler,cleanUpResourcesAndRemoveFinalizer/1[java.lang.String],replyName,1
C:\halo-main\application\src\main\java\run\halo\app\core\extension\reconciler\ReplyReconciler.java,run.halo.app.core.extension.reconciler.ReplyReconciler,cleanUpResourcesAndRemoveFinalizer/1[java.lang.String],reply,4
C:\halo-main\application\src\main\java\run\halo\app\core\extension\reconciler\ReplyReconciler.java,run.halo.app.core.extension.reconciler.ReplyReconciler,addFinalizerIfNecessary/1[run.halo.app.core.extension.reconciler.Reply],finalizers,2
C:\halo-main\application\src\main\java\run\halo\app\core\extension\reconciler\ReplyReconciler.java,run.halo.app.core.extension.reconciler.ReplyReconciler,addFinalizerIfNecessary/1[run.halo.app.core.extension.reconciler.Reply],oldReply,2
C:\halo-main\application\src\main\java\run\halo\app\core\extension\reconciler\ReplyReconciler.java,run.halo.app.core.extension.reconciler.ReplyReconciler,addFinalizerIfNecessary/1[run.halo.app.core.extension.reconciler.Reply],reply,3
C:\halo-main\application\src\main\java\run\halo\app\core\extension\reconciler\ReplyReconciler.java,run.halo.app.core.extension.reconciler.ReplyReconciler,addFinalizerIfNecessary/1[run.halo.app.core.extension.reconciler.Reply],newFinalizers,4
C:\halo-main\application\src\main\java\run\halo\app\core\extension\reconciler\ReplyReconciler.java,run.halo.app.core.extension.reconciler.ReplyReconciler,setupWith/1[run.halo.app.core.extension.reconciler.ControllerBuilder],builder,1
C:\halo-main\application\src\main\java\run\halo\app\core\extension\reconciler\ReplyReconciler.java,run.halo.app.core.extension.reconciler.ReplyReconciler,reconcile/1[run.halo.app.core.extension.reconciler.Request],request,2
C:\halo-main\application\src\main\java\run\halo\app\core\extension\reconciler\ReplyReconciler.java,run.halo.app.core.extension.reconciler.ReplyReconciler,reconcile/1[run.halo.app.core.extension.reconciler.Request],reply,3
C:\halo-main\application\src\main\java\run\halo\app\content\PostQuery.java,run.halo.app.content.PostQuery,getSortOrder/0,sortOrder,1
C:\halo-main\application\src\main\java\run\halo\app\content\PostQuery.java,run.halo.app.content.PostQuery,listToSet/1[java.util.List<java.lang.String>],param,2
C:\halo-main\application\src\main\java\run\halo\app\content\PostQuery.java,run.halo.app.content.PostQuery,getPublishPhase/0,publishPhase,1
C:\halo-main\application\src\main\java\run\halo\app\content\PostQuery.java,run.halo.app.content.PostQuery,getSort/0,sort,1
C:\halo-main\application\src\main\java\run\halo\app\content\PostQuery.java,run.halo.app.content.PostQuery,getVisible/0,visible,1
C:\halo-main\application\src\main\java\run\halo\app\content\PostQuery.java,run.halo.app.content.PostQuery,convertBooleanOrNull/1[java.lang.String],value,2
C:\halo-main\application\src\main\java\run\halo\app\content\PostQuery.java,run.halo.app.content.PostQuery,"PostQuery/1[run.halo.app.content.MultiValueMap<java.lang.String,java.lang.String>]",queryParams,1
C:\halo-main\application\src\test\java\run\halo\app\plugin\PluginRequestMappingHandlerMappingTest.java,run.halo.app.plugin.PluginRequestMappingHandlerMappingTest$ResolvableMethod,ResolvableMethod/1[java.lang.Class<?>],objectClass,2
C:\halo-main\application\src\test\java\run\halo\app\plugin\PluginRequestMappingHandlerMappingTest.java,run.halo.app.plugin.PluginRequestMappingHandlerMappingTest$ResolvableMethod,annot/1[java.util.function.Predicate<java.lang.reflect.Method>],predicate,1
C:\halo-main\application\src\test\java\run\halo\app\plugin\PluginRequestMappingHandlerMappingTest.java,run.halo.app.plugin.PluginRequestMappingHandlerMappingTest$ResolvableMethod,formatMethods/1[java.util.Set<java.lang.reflect.Method>],methods,1
C:\halo-main\application\src\test\java\run\halo\app\plugin\PluginRequestMappingHandlerMappingTest.java,run.halo.app.plugin.PluginRequestMappingHandlerMappingTest$ResolvableMethod,on/1[java.lang.Class<?>],objectClass,1
C:\halo-main\application\src\test\java\run\halo\app\plugin\PluginRequestMappingHandlerMappingTest.java,run.halo.app.plugin.PluginRequestMappingHandlerMappingTest$ResolvableMethod,isMatch/1[java.lang.reflect.Method],p,1
C:\halo-main\application\src\test\java\run\halo\app\plugin\PluginRequestMappingHandlerMappingTest.java,run.halo.app.plugin.PluginRequestMappingHandlerMappingTest$ResolvableMethod,isMatch/1[java.lang.reflect.Method],method,1
C:\halo-main\application\src\test\java\run\halo\app\plugin\PluginRequestMappingHandlerMappingTest.java,run.halo.app.plugin.PluginRequestMappingHandlerMappingTest$ResolvableMethod,build/0,methods,4
C:\halo-main\application\src\main\java\run\halo\app\theme\finders\ContributorFinder.java,run.halo.app.theme.finders.ContributorFinder,getContributor/1[java.lang.String],name,0
C:\halo-main\application\src\main\java\run\halo\app\theme\finders\ContributorFinder.java,run.halo.app.theme.finders.ContributorFinder,getContributors/1[java.util.List<java.lang.String>],names,0
C:\halo-main\application\src\test\java\run\halo\app\core\extension\reconciler\CommentReconcilerTest.java,run.halo.app.core.extension.reconciler.CommentReconcilerTest,replyList/0,replyB,4
C:\halo-main\application\src\test\java\run\halo\app\core\extension\reconciler\CommentReconcilerTest.java,run.halo.app.core.extension.reconciler.CommentReconcilerTest,replyList/0,replyC,4
C:\halo-main\application\src\test\java\run\halo\app\core\extension\reconciler\CommentReconcilerTest.java,run.halo.app.core.extension.reconciler.CommentReconcilerTest,replyList/0,replyA,4
C:\halo-main\application\src\test\java\run\halo\app\core\extension\reconciler\CommentReconcilerTest.java,run.halo.app.core.extension.reconciler.CommentReconcilerTest,compatibleCreationTime/0,comment,6
C:\halo-main\application\src\test\java\run\halo\app\core\extension\reconciler\CommentReconcilerTest.java,run.halo.app.core.extension.reconciler.CommentReconcilerTest,compatibleCreationTime/0,updated,3
C:\halo-main\application\src\test\java\run\halo\app\core\extension\reconciler\CommentReconcilerTest.java,run.halo.app.core.extension.reconciler.CommentReconcilerTest,compatibleCreationTime/0,captor,2
C:\halo-main\application\src\test\java\run\halo\app\core\extension\reconciler\CommentReconcilerTest.java,run.halo.app.core.extension.reconciler.CommentReconcilerTest,getRef/0,ref,5
C:\halo-main\application\src\test\java\run\halo\app\core\extension\reconciler\CommentReconcilerTest.java,run.halo.app.core.extension.reconciler.CommentReconcilerTest,reconcileDelete/0,finalizers,2
C:\halo-main\application\src\test\java\run\halo\app\core\extension\reconciler\CommentReconcilerTest.java,run.halo.app.core.extension.reconciler.CommentReconcilerTest,reconcileDelete/0,reconcile,3
C:\halo-main\application\src\test\java\run\halo\app\core\extension\reconciler\CommentReconcilerTest.java,run.halo.app.core.extension.reconciler.CommentReconcilerTest,reconcileDelete/0,comment,8
C:\halo-main\application\src\test\java\run\halo\app\core\extension\reconciler\CommentReconcilerTest.java,run.halo.app.core.extension.reconciler.CommentReconcilerTest,reconcileDelete/0,value,1
C:\halo-main\application\src\test\java\run\halo\app\core\extension\reconciler\CommentReconcilerTest.java,run.halo.app.core.extension.reconciler.CommentReconcilerTest,reconcileDelete/0,captor,2
C:\halo-main\application\src\test\java\run\halo\app\core\extension\service\impl\PluginServiceImplTest.java,run.halo.app.core.extension.service.impl.PluginServiceImplTest,getPresetIfNotFound/0,plugin,1
C:\halo-main\application\src\test\java\run\halo\app\core\extension\service\impl\PluginServiceImplTest.java,run.halo.app.core.extension.service.impl.PluginServiceImplTest,getPresetsTest/0,presets,1
C:\halo-main\application\src\test\java\run\halo\app\core\extension\service\impl\PluginServiceImplTest.java,run.halo.app.core.extension.service.impl.PluginServiceImplTest,getPresetsTest/0,plugin,3
C:\halo-main\application\src\test\java\run\halo\app\core\extension\service\impl\PluginServiceImplTest.java,run.halo.app.core.extension.service.impl.PluginServiceImplTest,getPresetIfFound/0,plugin,1
C:\halo-main\application\src\main\java\run\halo\app\plugin\BasePluginFactory.java,run.halo.app.plugin.BasePluginFactory,create/1[run.halo.app.plugin.PluginWrapper],beanFactory,1
C:\halo-main\application\src\main\java\run\halo\app\plugin\BasePluginFactory.java,run.halo.app.plugin.BasePluginFactory,create/1[run.halo.app.plugin.PluginWrapper],pluginInstance,2
C:\halo-main\application\src\main\java\run\halo\app\plugin\BasePluginFactory.java,run.halo.app.plugin.BasePluginFactory,create/1[run.halo.app.plugin.PluginWrapper],e,0
C:\halo-main\application\src\main\java\run\halo\app\plugin\BasePluginFactory.java,run.halo.app.plugin.BasePluginFactory,create/1[run.halo.app.plugin.PluginWrapper],context,2
C:\halo-main\application\src\main\java\run\halo\app\plugin\BasePluginFactory.java,run.halo.app.plugin.BasePluginFactory,create/1[run.halo.app.plugin.PluginWrapper],pluginWrapper,2
C:\halo-main\application\src\main\java\run\halo\app\plugin\BasePluginFactory.java,run.halo.app.plugin.BasePluginFactory,getPluginContext/1[run.halo.app.plugin.PluginWrapper],registry,1
C:\halo-main\application\src\main\java\run\halo\app\plugin\BasePluginFactory.java,run.halo.app.plugin.BasePluginFactory,getPluginContext/1[run.halo.app.plugin.PluginWrapper],e,0
C:\halo-main\application\src\main\java\run\halo\app\plugin\BasePluginFactory.java,run.halo.app.plugin.BasePluginFactory,getPluginContext/1[run.halo.app.plugin.PluginWrapper],pluginWrapper,1
C:\halo-main\application\src\main\java\run\halo\app\theme\ReactiveSpelVariableExpressionEvaluator.java,run.halo.app.theme.ReactiveSpelVariableExpressionEvaluator,"evaluate/3[run.halo.app.theme.IExpressionContext,run.halo.app.theme.IStandardVariableExpression,run.halo.app.theme.StandardExpressionExecutionContext]",expression,1
C:\halo-main\application\src\main\java\run\halo\app\theme\ReactiveSpelVariableExpressionEvaluator.java,run.halo.app.theme.ReactiveSpelVariableExpressionEvaluator,"evaluate/3[run.halo.app.theme.IExpressionContext,run.halo.app.theme.IStandardVariableExpression,run.halo.app.theme.StandardExpressionExecutionContext]",expContext,1
C:\halo-main\application\src\main\java\run\halo\app\theme\ReactiveSpelVariableExpressionEvaluator.java,run.halo.app.theme.ReactiveSpelVariableExpressionEvaluator,"evaluate/3[run.halo.app.theme.IExpressionContext,run.halo.app.theme.IStandardVariableExpression,run.halo.app.theme.StandardExpressionExecutionContext]",returnValue,5
C:\halo-main\application\src\main\java\run\halo\app\theme\ReactiveSpelVariableExpressionEvaluator.java,run.halo.app.theme.ReactiveSpelVariableExpressionEvaluator,"evaluate/3[run.halo.app.theme.IExpressionContext,run.halo.app.theme.IStandardVariableExpression,run.halo.app.theme.StandardExpressionExecutionContext]",context,1
C:\halo-main\application\src\main\java\run\halo\app\theme\ReactiveSpelVariableExpressionEvaluator.java,run.halo.app.theme.ReactiveSpelVariableExpressionEvaluator,"evaluate/3[run.halo.app.theme.IExpressionContext,run.halo.app.theme.IStandardVariableExpression,run.halo.app.theme.StandardExpressionExecutionContext]",clazz,2
C:\halo-main\application\src\test\java\run\halo\app\core\extension\reconciler\PostReconcilerTest.java,run.halo.app.core.extension.reconciler.PostReconcilerTest,reconcileExcerpt/0,snapshotV1,3
C:\halo-main\application\src\test\java\run\halo\app\core\extension\reconciler\PostReconcilerTest.java,run.halo.app.core.extension.reconciler.PostReconcilerTest,reconcileExcerpt/0,post,7
C:\halo-main\application\src\test\java\run\halo\app\core\extension\reconciler\PostReconcilerTest.java,run.halo.app.core.extension.reconciler.PostReconcilerTest,reconcileExcerpt/0,name,2
C:\halo-main\application\src\test\java\run\halo\app\core\extension\reconciler\PostReconcilerTest.java,run.halo.app.core.extension.reconciler.PostReconcilerTest,reconcileExcerpt/0,snapshotV2,4
C:\halo-main\application\src\test\java\run\halo\app\core\extension\reconciler\PostReconcilerTest.java,run.halo.app.core.extension.reconciler.PostReconcilerTest,reconcileExcerpt/0,value,1
C:\halo-main\application\src\test\java\run\halo\app\core\extension\reconciler\PostReconcilerTest.java,run.halo.app.core.extension.reconciler.PostReconcilerTest,reconcileExcerpt/0,captor,2
C:\halo-main\application\src\test\java\run\halo\app\core\extension\reconciler\PostReconcilerTest.java,run.halo.app.core.extension.reconciler.PostReconcilerTest,reconcile/0,snapshotV1,3
C:\halo-main\application\src\test\java\run\halo\app\core\extension\reconciler\PostReconcilerTest.java,run.halo.app.core.extension.reconciler.PostReconcilerTest,reconcile/0,post,5
C:\halo-main\application\src\test\java\run\halo\app\core\extension\reconciler\PostReconcilerTest.java,run.halo.app.core.extension.reconciler.PostReconcilerTest,reconcile/0,name,2
C:\halo-main\application\src\test\java\run\halo\app\core\extension\reconciler\PostReconcilerTest.java,run.halo.app.core.extension.reconciler.PostReconcilerTest,reconcile/0,snapshotV2,3
C:\halo-main\application\src\test\java\run\halo\app\core\extension\reconciler\PostReconcilerTest.java,run.halo.app.core.extension.reconciler.PostReconcilerTest,reconcile/0,value,2
C:\halo-main\application\src\test\java\run\halo\app\core\extension\reconciler\PostReconcilerTest.java,run.halo.app.core.extension.reconciler.PostReconcilerTest,reconcile/0,captor,2
C:\halo-main\application\src\test\java\run\halo\app\theme\finders\impl\MenuFinderImplTest.java,run.halo.app.theme.finders.impl.MenuFinderImplTest,"menu/2[java.lang.String,java.util.LinkedHashSet<java.lang.String>]",metadata,2
C:\halo-main\application\src\test\java\run\halo\app\theme\finders\impl\MenuFinderImplTest.java,run.halo.app.theme.finders.impl.MenuFinderImplTest,"menu/2[java.lang.String,java.util.LinkedHashSet<java.lang.String>]",menuItemNames,1
C:\halo-main\application\src\test\java\run\halo\app\theme\finders\impl\MenuFinderImplTest.java,run.halo.app.theme.finders.impl.MenuFinderImplTest,"menu/2[java.lang.String,java.util.LinkedHashSet<java.lang.String>]",name,2
C:\halo-main\application\src\test\java\run\halo\app\theme\finders\impl\MenuFinderImplTest.java,run.halo.app.theme.finders.impl.MenuFinderImplTest,"menu/2[java.lang.String,java.util.LinkedHashSet<java.lang.String>]",menu,3
C:\halo-main\application\src\test\java\run\halo\app\theme\finders\impl\MenuFinderImplTest.java,run.halo.app.theme.finders.impl.MenuFinderImplTest,"menu/2[java.lang.String,java.util.LinkedHashSet<java.lang.String>]",spec,3
C:\halo-main\application\src\test\java\run\halo\app\theme\finders\impl\MenuFinderImplTest.java,run.halo.app.theme.finders.impl.MenuFinderImplTest,of/1[java.lang.String[]],names,1
C:\halo-main\application\src\test\java\run\halo\app\theme\finders\impl\MenuFinderImplTest.java,run.halo.app.theme.finders.impl.MenuFinderImplTest,of/1[java.lang.String[]],list,2
C:\halo-main\application\src\test\java\run\halo\app\theme\finders\impl\MenuFinderImplTest.java,run.halo.app.theme.finders.impl.MenuFinderImplTest,testTree/0,itemB,1
C:\halo-main\application\src\test\java\run\halo\app\theme\finders\impl\MenuFinderImplTest.java,run.halo.app.theme.finders.impl.MenuFinderImplTest,testTree/0,itemA,1
C:\halo-main\application\src\test\java\run\halo\app\theme\finders\impl\MenuFinderImplTest.java,run.halo.app.theme.finders.impl.MenuFinderImplTest,testTree/0,menuY,1
C:\halo-main\application\src\test\java\run\halo\app\theme\finders\impl\MenuFinderImplTest.java,run.halo.app.theme.finders.impl.MenuFinderImplTest,testTree/0,menuX,1
C:\halo-main\application\src\test\java\run\halo\app\theme\finders\impl\MenuFinderImplTest.java,run.halo.app.theme.finders.impl.MenuFinderImplTest,testTree/0,itemH,1
C:\halo-main\application\src\test\java\run\halo\app\theme\finders\impl\MenuFinderImplTest.java,run.halo.app.theme.finders.impl.MenuFinderImplTest,testTree/0,itemG,1
C:\halo-main\application\src\test\java\run\halo\app\theme\finders\impl\MenuFinderImplTest.java,run.halo.app.theme.finders.impl.MenuFinderImplTest,testTree/0,menuD,1
C:\halo-main\application\src\test\java\run\halo\app\theme\finders\impl\MenuFinderImplTest.java,run.halo.app.theme.finders.impl.MenuFinderImplTest,testTree/0,itemC,1
C:\halo-main\application\src\test\java\run\halo\app\theme\finders\impl\MenuFinderImplTest.java,run.halo.app.theme.finders.impl.MenuFinderImplTest,testTree/0,itemF,1
C:\halo-main\application\src\test\java\run\halo\app\theme\finders\impl\MenuFinderImplTest.java,run.halo.app.theme.finders.impl.MenuFinderImplTest,testTree/0,itemE,1
C:\halo-main\application\src\test\java\run\halo\app\theme\finders\impl\MenuFinderImplTest.java,run.halo.app.theme.finders.impl.MenuFinderImplTest,"menuItem/2[java.lang.String,java.util.LinkedHashSet<java.lang.String>]",metadata,2
C:\halo-main\application\src\test\java\run\halo\app\theme\finders\impl\MenuFinderImplTest.java,run.halo.app.theme.finders.impl.MenuFinderImplTest,"menuItem/2[java.lang.String,java.util.LinkedHashSet<java.lang.String>]",name,2
C:\halo-main\application\src\test\java\run\halo\app\theme\finders\impl\MenuFinderImplTest.java,run.halo.app.theme.finders.impl.MenuFinderImplTest,"menuItem/2[java.lang.String,java.util.LinkedHashSet<java.lang.String>]",menuItem,4
C:\halo-main\application\src\test\java\run\halo\app\theme\finders\impl\MenuFinderImplTest.java,run.halo.app.theme.finders.impl.MenuFinderImplTest,"menuItem/2[java.lang.String,java.util.LinkedHashSet<java.lang.String>]",childrenNames,1
C:\halo-main\application\src\test\java\run\halo\app\theme\finders\impl\MenuFinderImplTest.java,run.halo.app.theme.finders.impl.MenuFinderImplTest,"menuItem/2[java.lang.String,java.util.LinkedHashSet<java.lang.String>]",spec,4
C:\halo-main\application\src\test\java\run\halo\app\theme\finders\impl\MenuFinderImplTest.java,run.halo.app.theme.finders.impl.MenuFinderImplTest,"menuItem/2[java.lang.String,java.util.LinkedHashSet<java.lang.String>]",status,1
C:\halo-main\application\src\test\java\run\halo\app\theme\finders\impl\MenuFinderImplTest.java,run.halo.app.theme.finders.impl.MenuFinderImplTest,listAsTree/0,tuple,2
C:\halo-main\application\src\test\java\run\halo\app\theme\finders\impl\MenuFinderImplTest.java,run.halo.app.theme.finders.impl.MenuFinderImplTest,listAsTree/0,menuVos,1
C:\halo-main\application\src\test\java\run\halo\app\theme\finders\impl\MenuFinderImplTest.java,run.halo.app.theme.finders.impl.MenuFinderImplTest,visualizeTree/1[java.util.List<run.halo.app.theme.finders.impl.MenuVo>],stringBuilder,2
C:\halo-main\application\src\test\java\run\halo\app\theme\finders\impl\MenuFinderImplTest.java,run.halo.app.theme.finders.impl.MenuFinderImplTest,visualizeTree/1[java.util.List<run.halo.app.theme.finders.impl.MenuVo>],menuVo,1
C:\halo-main\application\src\test\java\run\halo\app\theme\finders\impl\MenuFinderImplTest.java,run.halo.app.theme.finders.impl.MenuFinderImplTest,visualizeTree/1[java.util.List<run.halo.app.theme.finders.impl.MenuVo>],menuVos,1
C:\halo-main\application\src\test\java\run\halo\app\theme\router\factories\ArchiveRouteFactoryTest.java,run.halo.app.theme.router.factories.ArchiveRouteFactoryTest,create/0,routerFunction,1
C:\halo-main\application\src\test\java\run\halo\app\theme\router\factories\ArchiveRouteFactoryTest.java,run.halo.app.theme.router.factories.ArchiveRouteFactoryTest,create/0,prefix,6
C:\halo-main\application\src\test\java\run\halo\app\theme\router\factories\ArchiveRouteFactoryTest.java,run.halo.app.theme.router.factories.ArchiveRouteFactoryTest,create/0,client,6
C:\halo-main\application\src\test\java\run\halo\app\content\ContentRequestTest.java,run.halo.app.content.ContentRequestTest,rawPatchFrom/0,s,1
C:\halo-main\application\src\test\java\run\halo\app\content\ContentRequestTest.java,run.halo.app.content.ContentRequestTest,contentPatchFrom/0,s,1
C:\halo-main\application\src\test\java\run\halo\app\content\ContentRequestTest.java,run.halo.app.content.ContentRequestTest,setUp/0,ref,4
C:\halo-main\application\src\test\java\run\halo\app\content\ContentRequestTest.java,run.halo.app.content.ContentRequestTest,toSnapshot/0,expectedRawPatch,1
C:\halo-main\application\src\test\java\run\halo\app\content\ContentRequestTest.java,run.halo.app.content.ContentRequestTest,toSnapshot/0,expectedContentPath,1
C:\halo-main\application\src\test\java\run\halo\app\content\ContentRequestTest.java,run.halo.app.content.ContentRequestTest,toSnapshot/0,snapshot,2
C:\halo-main\application\src\main\java\run\halo\app\core\extension\theme\SettingUtils.java,run.halo.app.core.extension.theme.SettingUtils,jsonNodeToStringMap/1[run.halo.app.core.extension.theme.JsonNode],node,1
C:\halo-main\application\src\main\java\run\halo\app\core\extension\theme\SettingUtils.java,run.halo.app.core.extension.theme.SettingUtils,jsonNodeToStringMap/1[run.halo.app.core.extension.theme.JsonNode],entry,2
C:\halo-main\application\src\main\java\run\halo\app\core\extension\theme\SettingUtils.java,run.halo.app.core.extension.theme.SettingUtils,jsonNodeToStringMap/1[run.halo.app.core.extension.theme.JsonNode],v,8
C:\halo-main\application\src\main\java\run\halo\app\core\extension\theme\SettingUtils.java,run.halo.app.core.extension.theme.SettingUtils,jsonNodeToStringMap/1[run.halo.app.core.extension.theme.JsonNode],k,4
C:\halo-main\application\src\main\java\run\halo\app\core\extension\theme\SettingUtils.java,run.halo.app.core.extension.theme.SettingUtils,jsonNodeToStringMap/1[run.halo.app.core.extension.theme.JsonNode],stringMap,5
C:\halo-main\application\src\main\java\run\halo\app\core\extension\theme\SettingUtils.java,run.halo.app.core.extension.theme.SettingUtils,"mergePatch/2[java.util.Map<java.lang.String,java.lang.String>,java.util.Map<java.lang.String,java.lang.String>]",jsonMergePatch,1
C:\halo-main\application\src\main\java\run\halo\app\core\extension\theme\SettingUtils.java,run.halo.app.core.extension.theme.SettingUtils,"mergePatch/2[java.util.Map<java.lang.String,java.lang.String>,java.util.Map<java.lang.String,java.lang.String>]",modifiedJson,1
C:\halo-main\application\src\main\java\run\halo\app\core\extension\theme\SettingUtils.java,run.halo.app.core.extension.theme.SettingUtils,"mergePatch/2[java.util.Map<java.lang.String,java.lang.String>,java.util.Map<java.lang.String,java.lang.String>]",e,1
C:\halo-main\application\src\main\java\run\halo\app\core\extension\theme\SettingUtils.java,run.halo.app.core.extension.theme.SettingUtils,"mergePatch/2[java.util.Map<java.lang.String,java.lang.String>,java.util.Map<java.lang.String,java.lang.String>]",modified,1
C:\halo-main\application\src\main\java\run\halo\app\core\extension\theme\SettingUtils.java,run.halo.app.core.extension.theme.SettingUtils,"mergePatch/2[java.util.Map<java.lang.String,java.lang.String>,java.util.Map<java.lang.String,java.lang.String>]",patchedNode,1
C:\halo-main\application\src\main\java\run\halo\app\core\extension\theme\SettingUtils.java,run.halo.app.core.extension.theme.SettingUtils,"mergePatch/2[java.util.Map<java.lang.String,java.lang.String>,java.util.Map<java.lang.String,java.lang.String>]",source,1
C:\halo-main\application\src\main\java\run\halo\app\core\extension\theme\SettingUtils.java,run.halo.app.core.extension.theme.SettingUtils,"mergePatch/2[java.util.Map<java.lang.String,java.lang.String>,java.util.Map<java.lang.String,java.lang.String>]",sourceJson,1
C:\halo-main\application\src\main\java\run\halo\app\core\extension\theme\SettingUtils.java,run.halo.app.core.extension.theme.SettingUtils,"mapToJsonNode/1[java.util.Map<java.lang.String,java.lang.String>]",objectNode,4
C:\halo-main\application\src\main\java\run\halo\app\core\extension\theme\SettingUtils.java,run.halo.app.core.extension.theme.SettingUtils,"mapToJsonNode/1[java.util.Map<java.lang.String,java.lang.String>]",v,3
C:\halo-main\application\src\main\java\run\halo\app\core\extension\theme\SettingUtils.java,run.halo.app.core.extension.theme.SettingUtils,"mapToJsonNode/1[java.util.Map<java.lang.String,java.lang.String>]",k,2
C:\halo-main\application\src\main\java\run\halo\app\core\extension\theme\SettingUtils.java,run.halo.app.core.extension.theme.SettingUtils,"mapToJsonNode/1[java.util.Map<java.lang.String,java.lang.String>]",map,1
C:\halo-main\application\src\main\java\run\halo\app\core\extension\theme\SettingUtils.java,run.halo.app.core.extension.theme.SettingUtils,"mapToJsonNode/1[java.util.Map<java.lang.String,java.lang.String>]",value,1
C:\halo-main\application\src\main\java\run\halo\app\core\extension\theme\SettingUtils.java,run.halo.app.core.extension.theme.SettingUtils,isJson/1[java.lang.String],e,0
C:\halo-main\application\src\main\java\run\halo\app\core\extension\theme\SettingUtils.java,run.halo.app.core.extension.theme.SettingUtils,isJson/1[java.lang.String],jsonString,1
C:\halo-main\application\src\main\java\run\halo\app\core\extension\theme\SettingUtils.java,run.halo.app.core.extension.theme.SettingUtils,"createOrUpdateConfigMap/3[run.halo.app.core.extension.theme.ExtensionClient,java.lang.String,java.lang.String]",oldData,1
C:\halo-main\application\src\main\java\run\halo\app\core\extension\theme\SettingUtils.java,run.halo.app.core.extension.theme.SettingUtils,"createOrUpdateConfigMap/3[run.halo.app.core.extension.theme.ExtensionClient,java.lang.String,java.lang.String]",configMap,9
C:\halo-main\application\src\main\java\run\halo\app\core\extension\theme\SettingUtils.java,run.halo.app.core.extension.theme.SettingUtils,"createOrUpdateConfigMap/3[run.halo.app.core.extension.theme.ExtensionClient,java.lang.String,java.lang.String]",merged,1
C:\halo-main\application\src\main\java\run\halo\app\core\extension\theme\SettingUtils.java,run.halo.app.core.extension.theme.SettingUtils,"createOrUpdateConfigMap/3[run.halo.app.core.extension.theme.ExtensionClient,java.lang.String,java.lang.String]",client,5
C:\halo-main\application\src\main\java\run\halo\app\core\extension\theme\SettingUtils.java,run.halo.app.core.extension.theme.SettingUtils,"createOrUpdateConfigMap/3[run.halo.app.core.extension.theme.ExtensionClient,java.lang.String,java.lang.String]",modified,2
C:\halo-main\application\src\main\java\run\halo\app\core\extension\theme\SettingUtils.java,run.halo.app.core.extension.theme.SettingUtils,"createOrUpdateConfigMap/3[run.halo.app.core.extension.theme.ExtensionClient,java.lang.String,java.lang.String]",source,2
C:\halo-main\application\src\main\java\run\halo\app\core\extension\theme\SettingUtils.java,run.halo.app.core.extension.theme.SettingUtils,"createOrUpdateConfigMap/3[run.halo.app.core.extension.theme.ExtensionClient,java.lang.String,java.lang.String]",configMapName,3
C:\halo-main\application\src\main\java\run\halo\app\core\extension\theme\SettingUtils.java,run.halo.app.core.extension.theme.SettingUtils,"createOrUpdateConfigMap/3[run.halo.app.core.extension.theme.ExtensionClient,java.lang.String,java.lang.String]",settingName,2
C:\halo-main\application\src\main\java\run\halo\app\core\extension\theme\SettingUtils.java,run.halo.app.core.extension.theme.SettingUtils,"createOrUpdateConfigMap/3[run.halo.app.core.extension.theme.ExtensionClient,java.lang.String,java.lang.String]",setting,1
C:\halo-main\application\src\main\java\run\halo\app\core\extension\theme\SettingUtils.java,run.halo.app.core.extension.theme.SettingUtils,settingDefinedDefaultValueMap/1[run.halo.app.core.extension.theme.Setting],data,2
C:\halo-main\application\src\main\java\run\halo\app\core\extension\theme\SettingUtils.java,run.halo.app.core.extension.theme.SettingUtils,settingDefinedDefaultValueMap/1[run.halo.app.core.extension.theme.Setting],form,2
C:\halo-main\application\src\main\java\run\halo\app\core\extension\theme\SettingUtils.java,run.halo.app.core.extension.theme.SettingUtils,settingDefinedDefaultValueMap/1[run.halo.app.core.extension.theme.Setting],name,1
C:\halo-main\application\src\main\java\run\halo\app\core\extension\theme\SettingUtils.java,run.halo.app.core.extension.theme.SettingUtils,settingDefinedDefaultValueMap/1[run.halo.app.core.extension.theme.Setting],groupValue,1
C:\halo-main\application\src\main\java\run\halo\app\core\extension\theme\SettingUtils.java,run.halo.app.core.extension.theme.SettingUtils,settingDefinedDefaultValueMap/1[run.halo.app.core.extension.theme.Setting],jsonNode,6
C:\halo-main\application\src\main\java\run\halo\app\core\extension\theme\SettingUtils.java,run.halo.app.core.extension.theme.SettingUtils,settingDefinedDefaultValueMap/1[run.halo.app.core.extension.theme.Setting],value,1
C:\halo-main\application\src\main\java\run\halo\app\core\extension\theme\SettingUtils.java,run.halo.app.core.extension.theme.SettingUtils,settingDefinedDefaultValueMap/1[run.halo.app.core.extension.theme.Setting],forms,2
C:\halo-main\application\src\main\java\run\halo\app\core\extension\theme\SettingUtils.java,run.halo.app.core.extension.theme.SettingUtils,settingDefinedDefaultValueMap/1[run.halo.app.core.extension.theme.Setting],setting,1
C:\halo-main\application\src\main\java\run\halo\app\core\extension\theme\SettingUtils.java,run.halo.app.core.extension.theme.SettingUtils,settingDefinedDefaultValueMap/1[run.halo.app.core.extension.theme.Setting],group,1
C:\halo-main\application\src\main\java\run\halo\app\core\extension\theme\SettingUtils.java,run.halo.app.core.extension.theme.SettingUtils,settingDefinedDefaultValueMap/1[run.halo.app.core.extension.theme.Setting],o,1
C:\halo-main\application\src\main\java\run\halo\app\theme\dialect\DefaultLinkExpressionFactory.java,run.halo.app.theme.dialect.DefaultLinkExpressionFactory$ThemeLinkExpressObject,route/1[java.lang.String],path,1
C:\halo-main\application\src\main\java\run\halo\app\theme\dialect\DefaultLinkExpressionFactory.java,run.halo.app.theme.dialect.DefaultLinkExpressionFactory$ThemeLinkExpressObject,assets/1[java.lang.String],path,1
C:\halo-main\application\src\main\java\run\halo\app\theme\dialect\DefaultLinkExpressionFactory.java,run.halo.app.theme.dialect.DefaultLinkExpressionFactory$ThemeLinkExpressObject,assets/1[java.lang.String],assetsPath,1
C:\halo-main\application\src\main\java\run\halo\app\theme\dialect\DefaultLinkExpressionFactory.java,run.halo.app.theme.dialect.DefaultLinkExpressionFactory$ThemeLinkExpressObject,ThemeLinkExpressObject/1[run.halo.app.theme.dialect.IExpressionContext],context,4
C:\halo-main\application\src\main\java\run\halo\app\theme\dialect\DefaultLinkExpressionFactory.java,run.halo.app.theme.dialect.DefaultLinkExpressionFactory$ThemeLinkExpressObject,ThemeLinkExpressObject/1[run.halo.app.theme.dialect.IExpressionContext],linkBuilders,1
C:\halo-main\application\src\main\java\run\halo\app\content\Indexer.java,run.halo.app.content.Indexer,"getByIndex/2[java.lang.String,java.lang.String]",indexName,0
C:\halo-main\application\src\main\java\run\halo\app\content\Indexer.java,run.halo.app.content.Indexer,"getByIndex/2[java.lang.String,java.lang.String]",indexKey,0
C:\halo-main\application\src\main\java\run\halo\app\content\Indexer.java,run.halo.app.content.Indexer,"delete/2[java.lang.String,T]",indexName,0
C:\halo-main\application\src\main\java\run\halo\app\content\Indexer.java,run.halo.app.content.Indexer,"delete/2[java.lang.String,T]",obj,0
C:\halo-main\application\src\main\java\run\halo\app\content\Indexer.java,run.halo.app.content.Indexer,"addIndexFunc/2[java.lang.String,run.halo.app.content.Indexer.IndexFunc<T>]",indexName,0
C:\halo-main\application\src\main\java\run\halo\app\content\Indexer.java,run.halo.app.content.Indexer,"addIndexFunc/2[java.lang.String,run.halo.app.content.Indexer.IndexFunc<T>]",indexFunc,0
C:\halo-main\application\src\main\java\run\halo\app\content\Indexer.java,run.halo.app.content.Indexer,"add/2[java.lang.String,T]",indexName,0
C:\halo-main\application\src\main\java\run\halo\app\content\Indexer.java,run.halo.app.content.Indexer,"add/2[java.lang.String,T]",obj,0
C:\halo-main\application\src\main\java\run\halo\app\content\Indexer.java,run.halo.app.content.Indexer,"update/2[java.lang.String,T]",indexName,0
C:\halo-main\application\src\main\java\run\halo\app\content\Indexer.java,run.halo.app.content.Indexer,"update/2[java.lang.String,T]",obj,0
C:\halo-main\application\src\test\java\run\halo\app\core\extension\reconciler\SinglePageReconcilerTest.java,run.halo.app.core.extension.reconciler.SinglePageReconcilerTest$LastModifyTimeTest,reconcileLastModifyTimeWhenPageIsPublished/0,lastModifyTime,2
C:\halo-main\application\src\test\java\run\halo\app\core\extension\reconciler\SinglePageReconcilerTest.java,run.halo.app.core.extension.reconciler.SinglePageReconcilerTest$LastModifyTimeTest,reconcileLastModifyTimeWhenPageIsPublished/0,name,2
C:\halo-main\application\src\test\java\run\halo\app\core\extension\reconciler\SinglePageReconcilerTest.java,run.halo.app.core.extension.reconciler.SinglePageReconcilerTest$LastModifyTimeTest,reconcileLastModifyTimeWhenPageIsPublished/0,page,8
C:\halo-main\application\src\test\java\run\halo\app\core\extension\reconciler\SinglePageReconcilerTest.java,run.halo.app.core.extension.reconciler.SinglePageReconcilerTest$LastModifyTimeTest,reconcileLastModifyTimeWhenPageIsPublished/0,snapshotV2,3
C:\halo-main\application\src\test\java\run\halo\app\core\extension\reconciler\SinglePageReconcilerTest.java,run.halo.app.core.extension.reconciler.SinglePageReconcilerTest$LastModifyTimeTest,reconcileLastModifyTimeWhenPageIsPublished/0,value,1
C:\halo-main\application\src\test\java\run\halo\app\core\extension\reconciler\SinglePageReconcilerTest.java,run.halo.app.core.extension.reconciler.SinglePageReconcilerTest$LastModifyTimeTest,reconcileLastModifyTimeWhenPageIsPublished/0,captor,2
C:\halo-main\application\src\test\java\run\halo\app\core\extension\reconciler\SinglePageReconcilerTest.java,run.halo.app.core.extension.reconciler.SinglePageReconcilerTest$LastModifyTimeTest,reconcileLastModifyTimeWhenPageIsNotPublished/0,name,2
C:\halo-main\application\src\test\java\run\halo\app\core\extension\reconciler\SinglePageReconcilerTest.java,run.halo.app.core.extension.reconciler.SinglePageReconcilerTest$LastModifyTimeTest,reconcileLastModifyTimeWhenPageIsNotPublished/0,page,5
C:\halo-main\application\src\test\java\run\halo\app\core\extension\reconciler\SinglePageReconcilerTest.java,run.halo.app.core.extension.reconciler.SinglePageReconcilerTest$LastModifyTimeTest,reconcileLastModifyTimeWhenPageIsNotPublished/0,value,1
C:\halo-main\application\src\test\java\run\halo\app\core\extension\reconciler\SinglePageReconcilerTest.java,run.halo.app.core.extension.reconciler.SinglePageReconcilerTest$LastModifyTimeTest,reconcileLastModifyTimeWhenPageIsNotPublished/0,captor,2
C:\halo-main\application\src\main\java\run\halo\app\theme\router\SinglePageRoute.java,run.halo.app.theme.router.SinglePageRoute,getPlural/0,gvk,1
C:\halo-main\application\src\main\java\run\halo\app\theme\router\SinglePageRoute.java,run.halo.app.theme.router.SinglePageRoute,"NameSlugPair/2[java.lang.String,java.lang.String]",name,0
C:\halo-main\application\src\main\java\run\halo\app\theme\router\SinglePageRoute.java,run.halo.app.theme.router.SinglePageRoute,"NameSlugPair/2[java.lang.String,java.lang.String]",slug,0
C:\halo-main\application\src\main\java\run\halo\app\theme\router\SinglePageRoute.java,run.halo.app.theme.router.SinglePageRoute,singlePageRoute/1[java.lang.String],permalink,1
C:\halo-main\application\src\main\java\run\halo\app\theme\router\SinglePageRoute.java,run.halo.app.theme.router.SinglePageRoute,singlePageRoute/1[java.lang.String],slug,1
C:\halo-main\application\src\main\java\run\halo\app\theme\router\SinglePageRoute.java,run.halo.app.theme.router.SinglePageRoute,reconcile/1[run.halo.app.theme.router.Request],request,3
C:\halo-main\application\src\main\java\run\halo\app\theme\router\SinglePageRoute.java,run.halo.app.theme.router.SinglePageRoute,reconcile/1[run.halo.app.theme.router.Request],entry,1
C:\halo-main\application\src\main\java\run\halo\app\theme\router\SinglePageRoute.java,run.halo.app.theme.router.SinglePageRoute,reconcile/1[run.halo.app.theme.router.Request],page,4
C:\halo-main\application\src\main\java\run\halo\app\theme\router\SinglePageRoute.java,run.halo.app.theme.router.SinglePageRoute,handlerFunction/1[java.lang.String],template,1
C:\halo-main\application\src\main\java\run\halo\app\theme\router\SinglePageRoute.java,run.halo.app.theme.router.SinglePageRoute,handlerFunction/1[java.lang.String],request,1
C:\halo-main\application\src\main\java\run\halo\app\theme\router\SinglePageRoute.java,run.halo.app.theme.router.SinglePageRoute,handlerFunction/1[java.lang.String],singlePageVo,3
C:\halo-main\application\src\main\java\run\halo\app\theme\router\SinglePageRoute.java,run.halo.app.theme.router.SinglePageRoute,handlerFunction/1[java.lang.String],viewName,1
C:\halo-main\application\src\main\java\run\halo\app\theme\router\SinglePageRoute.java,run.halo.app.theme.router.SinglePageRoute,handlerFunction/1[java.lang.String],name,1
C:\halo-main\application\src\main\java\run\halo\app\theme\router\SinglePageRoute.java,run.halo.app.theme.router.SinglePageRoute,handlerFunction/1[java.lang.String],model,6
C:\halo-main\application\src\main\java\run\halo\app\theme\router\SinglePageRoute.java,run.halo.app.theme.router.SinglePageRoute,route/1[run.halo.app.theme.router.ServerRequest],request,1
C:\halo-main\application\src\main\java\run\halo\app\theme\router\SinglePageRoute.java,run.halo.app.theme.router.SinglePageRoute,route/1[run.halo.app.theme.router.ServerRequest],routerFunction,1
C:\halo-main\application\src\main\java\run\halo\app\theme\router\SinglePageRoute.java,run.halo.app.theme.router.SinglePageRoute,routerFunctions/0,routePath,1
C:\halo-main\application\src\main\java\run\halo\app\theme\router\SinglePageRoute.java,run.halo.app.theme.router.SinglePageRoute,routerFunctions/0,nameSlugPair,2
C:\halo-main\application\src\main\java\run\halo\app\theme\router\SinglePageRoute.java,run.halo.app.theme.router.SinglePageRoute,accept/1[RouterFunctions.Visitor],routerFunction,1
C:\halo-main\application\src\main\java\run\halo\app\theme\router\SinglePageRoute.java,run.halo.app.theme.router.SinglePageRoute,accept/1[RouterFunctions.Visitor],visitor,1
C:\halo-main\application\src\main\java\run\halo\app\theme\router\SinglePageRoute.java,run.halo.app.theme.router.SinglePageRoute,setupWith/1[run.halo.app.theme.router.ControllerBuilder],builder,1
C:\halo-main\application\src\test\java\run\halo\app\extension\gc\GcWatcherTest.java,run.halo.app.extension.gc.GcWatcherTest,shouldNotAddIntoQueueWhenDeletionTimestampNotSet/0,fake,4
C:\halo-main\application\src\test\java\run\halo\app\extension\gc\GcWatcherTest.java,run.halo.app.extension.gc.GcWatcherTest,createExtension/0,metadata,2
C:\halo-main\application\src\test\java\run\halo\app\extension\gc\GcWatcherTest.java,run.halo.app.extension.gc.GcWatcherTest,createExtension/0,fake,2
C:\halo-main\application\src\test\java\run\halo\app\extension\gc\GcWatcherTest.java,run.halo.app.extension.gc.GcWatcherTest,shouldAddIntoQueueWhenDeletionTimestampSet/0,fake,5
C:\halo-main\application\src\test\java\run\halo\app\extension\gc\GcWatcherTest.java,run.halo.app.extension.gc.GcWatcherTest,shouldNotAddIntoQueueWhenDisposed/0,fake,5
C:\halo-main\application\src\test\java\run\halo\app\extension\gc\GcWatcherTest.java,run.halo.app.extension.gc.GcWatcherTest,shouldDisposeHookCorrectly/0,run,3
C:\halo-main\application\src\main\java\run\halo\app\search\IndicesInitializer.java,run.halo.app.search.IndicesInitializer,IndicesInitializer/1[run.halo.app.search.IndicesService],indicesService,2
C:\halo-main\application\src\main\java\run\halo\app\search\IndicesInitializer.java,run.halo.app.search.IndicesInitializer,whenSchemeInitialized/1[run.halo.app.infra.SchemeInitializedEvent],watch,3
C:\halo-main\application\src\main\java\run\halo\app\search\IndicesInitializer.java,run.halo.app.search.IndicesInitializer,whenSchemeInitialized/1[run.halo.app.infra.SchemeInitializedEvent],signalType,0
C:\halo-main\application\src\main\java\run\halo\app\search\IndicesInitializer.java,run.halo.app.search.IndicesInitializer,whenSchemeInitialized/1[run.halo.app.infra.SchemeInitializedEvent],latch,2
C:\halo-main\application\src\main\java\run\halo\app\search\IndicesInitializer.java,run.halo.app.search.IndicesInitializer,whenSchemeInitialized/1[run.halo.app.infra.SchemeInitializedEvent],event,0
C:\halo-main\application\src\main\java\run\halo\app\extension\ReactiveExtensionClientImpl.java,run.halo.app.extension.ReactiveExtensionClientImpl,"ReactiveExtensionClientImpl/4[run.halo.app.extension.store.ReactiveExtensionStoreClient,run.halo.app.extension.ExtensionConverter,run.halo.app.extension.SchemeManager,run.halo.app.extension.ObjectMapper]",objectMapper,2
C:\halo-main\application\src\main\java\run\halo\app\extension\ReactiveExtensionClientImpl.java,run.halo.app.extension.ReactiveExtensionClientImpl,"ReactiveExtensionClientImpl/4[run.halo.app.extension.store.ReactiveExtensionStoreClient,run.halo.app.extension.ExtensionConverter,run.halo.app.extension.SchemeManager,run.halo.app.extension.ObjectMapper]",schemeManager,2
C:\halo-main\application\src\main\java\run\halo\app\extension\ReactiveExtensionClientImpl.java,run.halo.app.extension.ReactiveExtensionClientImpl,"ReactiveExtensionClientImpl/4[run.halo.app.extension.store.ReactiveExtensionStoreClient,run.halo.app.extension.ExtensionConverter,run.halo.app.extension.SchemeManager,run.halo.app.extension.ObjectMapper]",converter,2
C:\halo-main\application\src\main\java\run\halo\app\extension\ReactiveExtensionClientImpl.java,run.halo.app.extension.ReactiveExtensionClientImpl,"ReactiveExtensionClientImpl/4[run.halo.app.extension.store.ReactiveExtensionStoreClient,run.halo.app.extension.ExtensionConverter,run.halo.app.extension.SchemeManager,run.halo.app.extension.ObjectMapper]",client,2
C:\halo-main\application\src\main\java\run\halo\app\extension\ReactiveExtensionClientImpl.java,run.halo.app.extension.ReactiveExtensionClientImpl,"list/5[java.lang.Class<E>,java.util.function.Predicate<E>,java.util.Comparator<E>,int,int]",predicate,1
C:\halo-main\application\src\main\java\run\halo\app\extension\ReactiveExtensionClientImpl.java,run.halo.app.extension.ReactiveExtensionClientImpl,"list/5[java.lang.Class<E>,java.util.function.Predicate<E>,java.util.Comparator<E>,int,int]",comparator,1
C:\halo-main\application\src\main\java\run\halo\app\extension\ReactiveExtensionClientImpl.java,run.halo.app.extension.ReactiveExtensionClientImpl,"list/5[java.lang.Class<E>,java.util.function.Predicate<E>,java.util.Comparator<E>,int,int]",tuple,2
C:\halo-main\application\src\main\java\run\halo\app\extension\ReactiveExtensionClientImpl.java,run.halo.app.extension.ReactiveExtensionClientImpl,"list/5[java.lang.Class<E>,java.util.function.Predicate<E>,java.util.Comparator<E>,int,int]",extensions,6
C:\halo-main\application\src\main\java\run\halo\app\extension\ReactiveExtensionClientImpl.java,run.halo.app.extension.ReactiveExtensionClientImpl,"list/5[java.lang.Class<E>,java.util.function.Predicate<E>,java.util.Comparator<E>,int,int]",total,1
C:\halo-main\application\src\main\java\run\halo\app\extension\ReactiveExtensionClientImpl.java,run.halo.app.extension.ReactiveExtensionClientImpl,"list/5[java.lang.Class<E>,java.util.function.Predicate<E>,java.util.Comparator<E>,int,int]",totalMono,1
C:\halo-main\application\src\main\java\run\halo\app\extension\ReactiveExtensionClientImpl.java,run.halo.app.extension.ReactiveExtensionClientImpl,"list/5[java.lang.Class<E>,java.util.function.Predicate<E>,java.util.Comparator<E>,int,int]",size,4
C:\halo-main\application\src\main\java\run\halo\app\extension\ReactiveExtensionClientImpl.java,run.halo.app.extension.ReactiveExtensionClientImpl,"list/5[java.lang.Class<E>,java.util.function.Predicate<E>,java.util.Comparator<E>,int,int]",page,3
C:\halo-main\application\src\main\java\run\halo\app\extension\ReactiveExtensionClientImpl.java,run.halo.app.extension.ReactiveExtensionClientImpl,"list/5[java.lang.Class<E>,java.util.function.Predicate<E>,java.util.Comparator<E>,int,int]",type,1
C:\halo-main\application\src\main\java\run\halo\app\extension\ReactiveExtensionClientImpl.java,run.halo.app.extension.ReactiveExtensionClientImpl,"list/5[java.lang.Class<E>,java.util.function.Predicate<E>,java.util.Comparator<E>,int,int]",content,1
C:\halo-main\application\src\main\java\run\halo\app\extension\ReactiveExtensionClientImpl.java,run.halo.app.extension.ReactiveExtensionClientImpl,"get/2[run.halo.app.extension.GroupVersionKind,java.lang.String]",name,2
C:\halo-main\application\src\main\java\run\halo\app\extension\ReactiveExtensionClientImpl.java,run.halo.app.extension.ReactiveExtensionClientImpl,"get/2[run.halo.app.extension.GroupVersionKind,java.lang.String]",gvk,2
C:\halo-main\application\src\main\java\run\halo\app\extension\ReactiveExtensionClientImpl.java,run.halo.app.extension.ReactiveExtensionClientImpl,create/1[E],ext,0
C:\halo-main\application\src\main\java\run\halo\app\extension\ReactiveExtensionClientImpl.java,run.halo.app.extension.ReactiveExtensionClientImpl,create/1[E],extension,5
C:\halo-main\application\src\main\java\run\halo\app\extension\ReactiveExtensionClientImpl.java,run.halo.app.extension.ReactiveExtensionClientImpl,create/1[E],metadata,8
C:\halo-main\application\src\main\java\run\halo\app\extension\ReactiveExtensionClientImpl.java,run.halo.app.extension.ReactiveExtensionClientImpl,create/1[E],t,1
C:\halo-main\application\src\main\java\run\halo\app\extension\ReactiveExtensionClientImpl.java,run.halo.app.extension.ReactiveExtensionClientImpl,create/1[E],created,1
C:\halo-main\application\src\main\java\run\halo\app\extension\ReactiveExtensionClientImpl.java,run.halo.app.extension.ReactiveExtensionClientImpl,create/1[E],extStore,2
C:\halo-main\application\src\main\java\run\halo\app\extension\ReactiveExtensionClientImpl.java,run.halo.app.extension.ReactiveExtensionClientImpl,watch/1[run.halo.app.extension.Watcher],watcher,1
C:\halo-main\application\src\main\java\run\halo\app\extension\ReactiveExtensionClientImpl.java,run.halo.app.extension.ReactiveExtensionClientImpl,getLatest/1[run.halo.app.extension.Extension],extension,3
C:\halo-main\application\src\main\java\run\halo\app\extension\ReactiveExtensionClientImpl.java,run.halo.app.extension.ReactiveExtensionClientImpl,update/1[E],extension,5
C:\halo-main\application\src\main\java\run\halo\app\extension\ReactiveExtensionClientImpl.java,run.halo.app.extension.ReactiveExtensionClientImpl,update/1[E],oldJsonExt,2
C:\halo-main\application\src\main\java\run\halo\app\extension\ReactiveExtensionClientImpl.java,run.halo.app.extension.ReactiveExtensionClientImpl,update/1[E],oldObjectNode,3
C:\halo-main\application\src\main\java\run\halo\app\extension\ReactiveExtensionClientImpl.java,run.halo.app.extension.ReactiveExtensionClientImpl,update/1[E],old,1
C:\halo-main\application\src\main\java\run\halo\app\extension\ReactiveExtensionClientImpl.java,run.halo.app.extension.ReactiveExtensionClientImpl,update/1[E],newObjectNode,3
C:\halo-main\application\src\main\java\run\halo\app\extension\ReactiveExtensionClientImpl.java,run.halo.app.extension.ReactiveExtensionClientImpl,update/1[E],newJsonExt,3
C:\halo-main\application\src\main\java\run\halo\app\extension\ReactiveExtensionClientImpl.java,run.halo.app.extension.ReactiveExtensionClientImpl,update/1[E],newMetadata,2
C:\halo-main\application\src\main\java\run\halo\app\extension\ReactiveExtensionClientImpl.java,run.halo.app.extension.ReactiveExtensionClientImpl,update/1[E],statusChangeOnly,2
C:\halo-main\application\src\main\java\run\halo\app\extension\ReactiveExtensionClientImpl.java,run.halo.app.extension.ReactiveExtensionClientImpl,update/1[E],updated,3
C:\halo-main\application\src\main\java\run\halo\app\extension\ReactiveExtensionClientImpl.java,run.halo.app.extension.ReactiveExtensionClientImpl,update/1[E],oldMetadata,2
C:\halo-main\application\src\main\java\run\halo\app\extension\ReactiveExtensionClientImpl.java,run.halo.app.extension.ReactiveExtensionClientImpl,update/1[E],extensionStore,3
C:\halo-main\application\src\main\java\run\halo\app\extension\ReactiveExtensionClientImpl.java,run.halo.app.extension.ReactiveExtensionClientImpl,delete/1[E],extension,3
C:\halo-main\application\src\main\java\run\halo\app\extension\ReactiveExtensionClientImpl.java,run.halo.app.extension.ReactiveExtensionClientImpl,delete/1[E],deleted,1
C:\halo-main\application\src\main\java\run\halo\app\extension\ReactiveExtensionClientImpl.java,run.halo.app.extension.ReactiveExtensionClientImpl,delete/1[E],extensionStore,3
C:\halo-main\application\src\main\java\run\halo\app\extension\ReactiveExtensionClientImpl.java,run.halo.app.extension.ReactiveExtensionClientImpl,"fetch/2[run.halo.app.extension.GroupVersionKind,java.lang.String]",name,1
C:\halo-main\application\src\main\java\run\halo\app\extension\ReactiveExtensionClientImpl.java,run.halo.app.extension.ReactiveExtensionClientImpl,"fetch/2[run.halo.app.extension.GroupVersionKind,java.lang.String]",storeName,1
C:\halo-main\application\src\main\java\run\halo\app\extension\ReactiveExtensionClientImpl.java,run.halo.app.extension.ReactiveExtensionClientImpl,"fetch/2[run.halo.app.extension.GroupVersionKind,java.lang.String]",gvk,1
C:\halo-main\application\src\main\java\run\halo\app\extension\ReactiveExtensionClientImpl.java,run.halo.app.extension.ReactiveExtensionClientImpl,"fetch/2[run.halo.app.extension.GroupVersionKind,java.lang.String]",extensionStore,1
C:\halo-main\application\src\main\java\run\halo\app\extension\ReactiveExtensionClientImpl.java,run.halo.app.extension.ReactiveExtensionClientImpl,"list/3[java.lang.Class<E>,java.util.function.Predicate<E>,java.util.Comparator<E>]",predicate,2
C:\halo-main\application\src\main\java\run\halo\app\extension\ReactiveExtensionClientImpl.java,run.halo.app.extension.ReactiveExtensionClientImpl,"list/3[java.lang.Class<E>,java.util.function.Predicate<E>,java.util.Comparator<E>]",comparator,2
C:\halo-main\application\src\main\java\run\halo\app\extension\ReactiveExtensionClientImpl.java,run.halo.app.extension.ReactiveExtensionClientImpl,"list/3[java.lang.Class<E>,java.util.function.Predicate<E>,java.util.Comparator<E>]",scheme,1
C:\halo-main\application\src\main\java\run\halo\app\extension\ReactiveExtensionClientImpl.java,run.halo.app.extension.ReactiveExtensionClientImpl,"list/3[java.lang.Class<E>,java.util.function.Predicate<E>,java.util.Comparator<E>]",prefix,1
C:\halo-main\application\src\main\java\run\halo\app\extension\ReactiveExtensionClientImpl.java,run.halo.app.extension.ReactiveExtensionClientImpl,"list/3[java.lang.Class<E>,java.util.function.Predicate<E>,java.util.Comparator<E>]",type,2
C:\halo-main\application\src\main\java\run\halo\app\extension\ReactiveExtensionClientImpl.java,run.halo.app.extension.ReactiveExtensionClientImpl,"list/3[java.lang.Class<E>,java.util.function.Predicate<E>,java.util.Comparator<E>]",extensionStore,1
C:\halo-main\application\src\main\java\run\halo\app\extension\ReactiveExtensionClientImpl.java,run.halo.app.extension.ReactiveExtensionClientImpl,"fetch/2[java.lang.Class<E>,java.lang.String]",name,1
C:\halo-main\application\src\main\java\run\halo\app\extension\ReactiveExtensionClientImpl.java,run.halo.app.extension.ReactiveExtensionClientImpl,"fetch/2[java.lang.Class<E>,java.lang.String]",storeName,1
C:\halo-main\application\src\main\java\run\halo\app\extension\ReactiveExtensionClientImpl.java,run.halo.app.extension.ReactiveExtensionClientImpl,"fetch/2[java.lang.Class<E>,java.lang.String]",type,2
C:\halo-main\application\src\main\java\run\halo\app\extension\ReactiveExtensionClientImpl.java,run.halo.app.extension.ReactiveExtensionClientImpl,"fetch/2[java.lang.Class<E>,java.lang.String]",extensionStore,1
C:\halo-main\application\src\main\java\run\halo\app\extension\ReactiveExtensionClientImpl.java,run.halo.app.extension.ReactiveExtensionClientImpl,"get/2[java.lang.Class<E>,java.lang.String]",name,2
C:\halo-main\application\src\main\java\run\halo\app\extension\ReactiveExtensionClientImpl.java,run.halo.app.extension.ReactiveExtensionClientImpl,"get/2[java.lang.Class<E>,java.lang.String]",type,2
C:\halo-main\application\src\main\java\run\halo\app\extension\ReactiveExtensionClientImpl.java,run.halo.app.extension.ReactiveExtensionClientImpl,"get/2[java.lang.Class<E>,java.lang.String]",gvk,1
C:\halo-main\application\src\main\java\run\halo\app\infra\exception\PluginInstallationException.java,run.halo.app.infra.exception.PluginInstallationException,"PluginInstallationException/3[java.lang.String,java.lang.String,java.lang.Object[]]",reason,1
C:\halo-main\application\src\main\java\run\halo\app\infra\exception\PluginInstallationException.java,run.halo.app.infra.exception.PluginInstallationException,"PluginInstallationException/3[java.lang.String,java.lang.String,java.lang.Object[]]",messageDetailCode,1
C:\halo-main\application\src\main\java\run\halo\app\infra\exception\PluginInstallationException.java,run.halo.app.infra.exception.PluginInstallationException,"PluginInstallationException/3[java.lang.String,java.lang.String,java.lang.Object[]]",messageDetailArguments,1
C:\halo-main\application\src\main\java\run\halo\app\infra\exception\AttachmentAlreadyExistsException.java,run.halo.app.infra.exception.AttachmentAlreadyExistsException,AttachmentAlreadyExistsException/1[java.lang.String],filename,2
C:\halo-main\application\src\main\java\run\halo\app\extension\router\ExtensionGetHandler.java,run.halo.app.extension.router.ExtensionGetHandler,handle/1[run.halo.app.extension.router.ServerRequest],request,1
C:\halo-main\application\src\main\java\run\halo\app\extension\router\ExtensionGetHandler.java,run.halo.app.extension.router.ExtensionGetHandler,handle/1[run.halo.app.extension.router.ServerRequest],extensionName,1
C:\halo-main\application\src\main\java\run\halo\app\extension\router\ExtensionGetHandler.java,run.halo.app.extension.router.ExtensionGetHandler,handle/1[run.halo.app.extension.router.ServerRequest],extension,1
C:\halo-main\application\src\main\java\run\halo\app\extension\router\ExtensionGetHandler.java,run.halo.app.extension.router.ExtensionGetHandler,"ExtensionGetHandler/2[run.halo.app.extension.router.Scheme,run.halo.app.extension.router.ReactiveExtensionClient]",scheme,2
C:\halo-main\application\src\main\java\run\halo\app\extension\router\ExtensionGetHandler.java,run.halo.app.extension.router.ExtensionGetHandler,"ExtensionGetHandler/2[run.halo.app.extension.router.Scheme,run.halo.app.extension.router.ReactiveExtensionClient]",client,2
C:\halo-main\application\src\test\java\run\halo\app\core\extension\reconciler\UserReconcilerTest.java,run.halo.app.core.extension.reconciler.UserReconcilerTest,user/1[java.lang.String],name,1
C:\halo-main\application\src\test\java\run\halo\app\core\extension\reconciler\UserReconcilerTest.java,run.halo.app.core.extension.reconciler.UserReconcilerTest,user/1[java.lang.String],user,4
C:\halo-main\application\src\test\java\run\halo\app\core\extension\reconciler\UserReconcilerTest.java,run.halo.app.core.extension.reconciler.UserReconcilerTest,permalinkForFakeUser/0,captor,2
C:\halo-main\application\src\main\java\run\halo\app\security\authorization\RequestInfo.java,run.halo.app.security.authorization.RequestInfo,"RequestInfo/12[boolean,java.lang.String,java.lang.String,java.lang.String,java.lang.String,java.lang.String,java.lang.String,java.lang.String,java.lang.String,java.lang.String,java.lang.String,java.lang.String[]]",path,2
C:\halo-main\application\src\main\java\run\halo\app\security\authorization\RequestInfo.java,run.halo.app.security.authorization.RequestInfo,"RequestInfo/12[boolean,java.lang.String,java.lang.String,java.lang.String,java.lang.String,java.lang.String,java.lang.String,java.lang.String,java.lang.String,java.lang.String,java.lang.String,java.lang.String[]]",apiGroup,2
C:\halo-main\application\src\main\java\run\halo\app\security\authorization\RequestInfo.java,run.halo.app.security.authorization.RequestInfo,"RequestInfo/12[boolean,java.lang.String,java.lang.String,java.lang.String,java.lang.String,java.lang.String,java.lang.String,java.lang.String,java.lang.String,java.lang.String,java.lang.String,java.lang.String[]]",apiVersion,2
C:\halo-main\application\src\main\java\run\halo\app\security\authorization\RequestInfo.java,run.halo.app.security.authorization.RequestInfo,"RequestInfo/12[boolean,java.lang.String,java.lang.String,java.lang.String,java.lang.String,java.lang.String,java.lang.String,java.lang.String,java.lang.String,java.lang.String,java.lang.String,java.lang.String[]]",apiPrefix,2
C:\halo-main\application\src\main\java\run\halo\app\security\authorization\RequestInfo.java,run.halo.app.security.authorization.RequestInfo,"RequestInfo/12[boolean,java.lang.String,java.lang.String,java.lang.String,java.lang.String,java.lang.String,java.lang.String,java.lang.String,java.lang.String,java.lang.String,java.lang.String,java.lang.String[]]",resource,2
C:\halo-main\application\src\main\java\run\halo\app\security\authorization\RequestInfo.java,run.halo.app.security.authorization.RequestInfo,"RequestInfo/12[boolean,java.lang.String,java.lang.String,java.lang.String,java.lang.String,java.lang.String,java.lang.String,java.lang.String,java.lang.String,java.lang.String,java.lang.String,java.lang.String[]]",subresource,2
C:\halo-main\application\src\main\java\run\halo\app\security\authorization\RequestInfo.java,run.halo.app.security.authorization.RequestInfo,"RequestInfo/12[boolean,java.lang.String,java.lang.String,java.lang.String,java.lang.String,java.lang.String,java.lang.String,java.lang.String,java.lang.String,java.lang.String,java.lang.String,java.lang.String[]]",subName,2
C:\halo-main\application\src\main\java\run\halo\app\security\authorization\RequestInfo.java,run.halo.app.security.authorization.RequestInfo,"RequestInfo/12[boolean,java.lang.String,java.lang.String,java.lang.String,java.lang.String,java.lang.String,java.lang.String,java.lang.String,java.lang.String,java.lang.String,java.lang.String,java.lang.String[]]",namespace,2
C:\halo-main\application\src\main\java\run\halo\app\security\authorization\RequestInfo.java,run.halo.app.security.authorization.RequestInfo,"RequestInfo/12[boolean,java.lang.String,java.lang.String,java.lang.String,java.lang.String,java.lang.String,java.lang.String,java.lang.String,java.lang.String,java.lang.String,java.lang.String,java.lang.String[]]",verb,2
C:\halo-main\application\src\main\java\run\halo\app\security\authorization\RequestInfo.java,run.halo.app.security.authorization.RequestInfo,"RequestInfo/12[boolean,java.lang.String,java.lang.String,java.lang.String,java.lang.String,java.lang.String,java.lang.String,java.lang.String,java.lang.String,java.lang.String,java.lang.String,java.lang.String[]]",name,2
C:\halo-main\application\src\main\java\run\halo\app\security\authorization\RequestInfo.java,run.halo.app.security.authorization.RequestInfo,"RequestInfo/12[boolean,java.lang.String,java.lang.String,java.lang.String,java.lang.String,java.lang.String,java.lang.String,java.lang.String,java.lang.String,java.lang.String,java.lang.String,java.lang.String[]]",parts,2
C:\halo-main\application\src\main\java\run\halo\app\security\authorization\RequestInfo.java,run.halo.app.security.authorization.RequestInfo,"RequestInfo/12[boolean,java.lang.String,java.lang.String,java.lang.String,java.lang.String,java.lang.String,java.lang.String,java.lang.String,java.lang.String,java.lang.String,java.lang.String,java.lang.String[]]",isResourceRequest,2
C:\halo-main\application\src\main\java\run\halo\app\security\authorization\RequestInfo.java,run.halo.app.security.authorization.RequestInfo,"RequestInfo/3[boolean,java.lang.String,java.lang.String]",path,1
C:\halo-main\application\src\main\java\run\halo\app\security\authorization\RequestInfo.java,run.halo.app.security.authorization.RequestInfo,"RequestInfo/3[boolean,java.lang.String,java.lang.String]",verb,1
C:\halo-main\application\src\main\java\run\halo\app\security\authorization\RequestInfo.java,run.halo.app.security.authorization.RequestInfo,"RequestInfo/3[boolean,java.lang.String,java.lang.String]",isResourceRequest,1
C:\halo-main\application\src\main\java\run\halo\app\extension\router\ExtensionUpdateHandler.java,run.halo.app.extension.router.ExtensionUpdateHandler,handle/1[run.halo.app.extension.router.ServerRequest],request,2
C:\halo-main\application\src\main\java\run\halo\app\extension\router\ExtensionUpdateHandler.java,run.halo.app.extension.router.ExtensionUpdateHandler,handle/1[run.halo.app.extension.router.ServerRequest],unstructured,3
C:\halo-main\application\src\main\java\run\halo\app\extension\router\ExtensionUpdateHandler.java,run.halo.app.extension.router.ExtensionUpdateHandler,handle/1[run.halo.app.extension.router.ServerRequest],name,1
C:\halo-main\application\src\main\java\run\halo\app\extension\router\ExtensionUpdateHandler.java,run.halo.app.extension.router.ExtensionUpdateHandler,handle/1[run.halo.app.extension.router.ServerRequest],updated,1
C:\halo-main\application\src\main\java\run\halo\app\extension\router\ExtensionUpdateHandler.java,run.halo.app.extension.router.ExtensionUpdateHandler,"ExtensionUpdateHandler/2[run.halo.app.extension.router.Scheme,run.halo.app.extension.router.ReactiveExtensionClient]",scheme,2
C:\halo-main\application\src\main\java\run\halo\app\extension\router\ExtensionUpdateHandler.java,run.halo.app.extension.router.ExtensionUpdateHandler,"ExtensionUpdateHandler/2[run.halo.app.extension.router.Scheme,run.halo.app.extension.router.ReactiveExtensionClient]",client,2
C:\halo-main\application\src\main\java\run\halo\app\core\extension\reconciler\SinglePageReconciler.java,run.halo.app.core.extension.reconciler.SinglePageReconciler,publishPage/1[java.lang.String],condition,3
C:\halo-main\application\src\main\java\run\halo\app\core\extension\reconciler\SinglePageReconciler.java,run.halo.app.core.extension.reconciler.SinglePageReconciler,publishPage/1[java.lang.String],releaseSnapshot,5
C:\halo-main\application\src\main\java\run\halo\app\core\extension\reconciler\SinglePageReconciler.java,run.halo.app.core.extension.reconciler.SinglePageReconciler,publishPage/1[java.lang.String],name,5
C:\halo-main\application\src\main\java\run\halo\app\core\extension\reconciler\SinglePageReconciler.java,run.halo.app.core.extension.reconciler.SinglePageReconciler,publishPage/1[java.lang.String],annotations,2
C:\halo-main\application\src\main\java\run\halo\app\core\extension\reconciler\SinglePageReconciler.java,run.halo.app.core.extension.reconciler.SinglePageReconciler,publishPage/1[java.lang.String],releasedSnapshotOpt,2
C:\halo-main\application\src\main\java\run\halo\app\core\extension\reconciler\SinglePageReconciler.java,run.halo.app.core.extension.reconciler.SinglePageReconciler,publishPage/1[java.lang.String],page,11
C:\halo-main\application\src\main\java\run\halo\app\core\extension\reconciler\SinglePageReconciler.java,run.halo.app.core.extension.reconciler.SinglePageReconciler,publishPage/1[java.lang.String],lastReleasedSnapshot,1
C:\halo-main\application\src\main\java\run\halo\app\core\extension\reconciler\SinglePageReconciler.java,run.halo.app.core.extension.reconciler.SinglePageReconciler,publishPage/1[java.lang.String],status,7
C:\halo-main\application\src\main\java\run\halo\app\core\extension\reconciler\SinglePageReconciler.java,run.halo.app.core.extension.reconciler.SinglePageReconciler,setupWith/1[run.halo.app.core.extension.reconciler.ControllerBuilder],builder,1
C:\halo-main\application\src\main\java\run\halo\app\core\extension\reconciler\SinglePageReconciler.java,run.halo.app.core.extension.reconciler.SinglePageReconciler,isDeleted/1[run.halo.app.core.extension.reconciler.SinglePage],singlePage,2
C:\halo-main\application\src\main\java\run\halo\app\core\extension\reconciler\SinglePageReconciler.java,run.halo.app.core.extension.reconciler.SinglePageReconciler,unPublish/1[java.lang.String],oldPage,1
C:\halo-main\application\src\main\java\run\halo\app\core\extension\reconciler\SinglePageReconciler.java,run.halo.app.core.extension.reconciler.SinglePageReconciler,unPublish/1[java.lang.String],condition,7
C:\halo-main\application\src\main\java\run\halo\app\core\extension\reconciler\SinglePageReconciler.java,run.halo.app.core.extension.reconciler.SinglePageReconciler,unPublish/1[java.lang.String],name,2
C:\halo-main\application\src\main\java\run\halo\app\core\extension\reconciler\SinglePageReconciler.java,run.halo.app.core.extension.reconciler.SinglePageReconciler,unPublish/1[java.lang.String],page,5
C:\halo-main\application\src\main\java\run\halo\app\core\extension\reconciler\SinglePageReconciler.java,run.halo.app.core.extension.reconciler.SinglePageReconciler,unPublish/1[java.lang.String],status,2
C:\halo-main\application\src\main\java\run\halo\app\core\extension\reconciler\SinglePageReconciler.java,run.halo.app.core.extension.reconciler.SinglePageReconciler,"publishFailed/2[java.lang.String,java.lang.Throwable]",oldPage,1
C:\halo-main\application\src\main\java\run\halo\app\core\extension\reconciler\SinglePageReconciler.java,run.halo.app.core.extension.reconciler.SinglePageReconciler,"publishFailed/2[java.lang.String,java.lang.Throwable]",phase,2
C:\halo-main\application\src\main\java\run\halo\app\core\extension\reconciler\SinglePageReconciler.java,run.halo.app.core.extension.reconciler.SinglePageReconciler,"publishFailed/2[java.lang.String,java.lang.Throwable]",condition,1
C:\halo-main\application\src\main\java\run\halo\app\core\extension\reconciler\SinglePageReconciler.java,run.halo.app.core.extension.reconciler.SinglePageReconciler,"publishFailed/2[java.lang.String,java.lang.Throwable]",name,4
C:\halo-main\application\src\main\java\run\halo\app\core\extension\reconciler\SinglePageReconciler.java,run.halo.app.core.extension.reconciler.SinglePageReconciler,"publishFailed/2[java.lang.String,java.lang.Throwable]",page,5
C:\halo-main\application\src\main\java\run\halo\app\core\extension\reconciler\SinglePageReconciler.java,run.halo.app.core.extension.reconciler.SinglePageReconciler,"publishFailed/2[java.lang.String,java.lang.Throwable]",error,2
C:\halo-main\application\src\main\java\run\halo\app\core\extension\reconciler\SinglePageReconciler.java,run.halo.app.core.extension.reconciler.SinglePageReconciler,"publishFailed/2[java.lang.String,java.lang.Throwable]",conditions,1
C:\halo-main\application\src\main\java\run\halo\app\core\extension\reconciler\SinglePageReconciler.java,run.halo.app.core.extension.reconciler.SinglePageReconciler,"publishFailed/2[java.lang.String,java.lang.Throwable]",status,4
C:\halo-main\application\src\main\java\run\halo\app\core\extension\reconciler\SinglePageReconciler.java,run.halo.app.core.extension.reconciler.SinglePageReconciler,reconcileStatus/1[java.lang.String],singlePage,12
C:\halo-main\application\src\main\java\run\halo\app\core\extension\reconciler\SinglePageReconciler.java,run.halo.app.core.extension.reconciler.SinglePageReconciler,reconcileStatus/1[java.lang.String],releaseSnapshot,1
C:\halo-main\application\src\main\java\run\halo\app\core\extension\reconciler\SinglePageReconciler.java,run.halo.app.core.extension.reconciler.SinglePageReconciler,reconcileStatus/1[java.lang.String],spec,4
C:\halo-main\application\src\main\java\run\halo\app\core\extension\reconciler\SinglePageReconciler.java,run.halo.app.core.extension.reconciler.SinglePageReconciler,reconcileStatus/1[java.lang.String],content,1
C:\halo-main\application\src\main\java\run\halo\app\core\extension\reconciler\SinglePageReconciler.java,run.halo.app.core.extension.reconciler.SinglePageReconciler,reconcileStatus/1[java.lang.String],contentRevised,1
C:\halo-main\application\src\main\java\run\halo\app\core\extension\reconciler\SinglePageReconciler.java,run.halo.app.core.extension.reconciler.SinglePageReconciler,reconcileStatus/1[java.lang.String],headSnapshot,1
C:\halo-main\application\src\main\java\run\halo\app\core\extension\reconciler\SinglePageReconciler.java,run.halo.app.core.extension.reconciler.SinglePageReconciler,reconcileStatus/1[java.lang.String],oldPage,1
C:\halo-main\application\src\main\java\run\halo\app\core\extension\reconciler\SinglePageReconciler.java,run.halo.app.core.extension.reconciler.SinglePageReconciler,reconcileStatus/1[java.lang.String],name,2
C:\halo-main\application\src\main\java\run\halo\app\core\extension\reconciler\SinglePageReconciler.java,run.halo.app.core.extension.reconciler.SinglePageReconciler,reconcileStatus/1[java.lang.String],usernames,1
C:\halo-main\application\src\main\java\run\halo\app\core\extension\reconciler\SinglePageReconciler.java,run.halo.app.core.extension.reconciler.SinglePageReconciler,reconcileStatus/1[java.lang.String],contributors,1
C:\halo-main\application\src\main\java\run\halo\app\core\extension\reconciler\SinglePageReconciler.java,run.halo.app.core.extension.reconciler.SinglePageReconciler,reconcileStatus/1[java.lang.String],excerpt,6
C:\halo-main\application\src\main\java\run\halo\app\core\extension\reconciler\SinglePageReconciler.java,run.halo.app.core.extension.reconciler.SinglePageReconciler,reconcileStatus/1[java.lang.String],snapshot,6
C:\halo-main\application\src\main\java\run\halo\app\core\extension\reconciler\SinglePageReconciler.java,run.halo.app.core.extension.reconciler.SinglePageReconciler,reconcileStatus/1[java.lang.String],status,8
C:\halo-main\application\src\main\java\run\halo\app\core\extension\reconciler\SinglePageReconciler.java,run.halo.app.core.extension.reconciler.SinglePageReconciler,reconcileStatus/1[java.lang.String],releasedSnapshot,1
C:\halo-main\application\src\main\java\run\halo\app\core\extension\reconciler\SinglePageReconciler.java,run.halo.app.core.extension.reconciler.SinglePageReconciler,getExcerpt/1[java.lang.String],shortHtmlContent,1
C:\halo-main\application\src\main\java\run\halo\app\core\extension\reconciler\SinglePageReconciler.java,run.halo.app.core.extension.reconciler.SinglePageReconciler,getExcerpt/1[java.lang.String],text,2
C:\halo-main\application\src\main\java\run\halo\app\core\extension\reconciler\SinglePageReconciler.java,run.halo.app.core.extension.reconciler.SinglePageReconciler,getExcerpt/1[java.lang.String],htmlContent,1
C:\halo-main\application\src\main\java\run\halo\app\core\extension\reconciler\SinglePageReconciler.java,run.halo.app.core.extension.reconciler.SinglePageReconciler,reconcileMetadata/1[java.lang.String],oldPage,1
C:\halo-main\application\src\main\java\run\halo\app\core\extension\reconciler\SinglePageReconciler.java,run.halo.app.core.extension.reconciler.SinglePageReconciler,reconcileMetadata/1[java.lang.String],singlePage,6
C:\halo-main\application\src\main\java\run\halo\app\core\extension\reconciler\SinglePageReconciler.java,run.halo.app.core.extension.reconciler.SinglePageReconciler,reconcileMetadata/1[java.lang.String],name,2
C:\halo-main\application\src\main\java\run\halo\app\core\extension\reconciler\SinglePageReconciler.java,run.halo.app.core.extension.reconciler.SinglePageReconciler,reconcileMetadata/1[java.lang.String],spec,2
C:\halo-main\application\src\main\java\run\halo\app\core\extension\reconciler\SinglePageReconciler.java,run.halo.app.core.extension.reconciler.SinglePageReconciler,reconcileMetadata/1[java.lang.String],labels,6
C:\halo-main\application\src\main\java\run\halo\app\core\extension\reconciler\SinglePageReconciler.java,run.halo.app.core.extension.reconciler.SinglePageReconciler,createPermalink/1[run.halo.app.core.extension.reconciler.SinglePage],page,1
C:\halo-main\application\src\main\java\run\halo\app\core\extension\reconciler\SinglePageReconciler.java,run.halo.app.core.extension.reconciler.SinglePageReconciler,createPermalink/1[run.halo.app.core.extension.reconciler.SinglePage],permalink,3
C:\halo-main\application\src\main\java\run\halo\app\core\extension\reconciler\SinglePageReconciler.java,run.halo.app.core.extension.reconciler.SinglePageReconciler,cleanUpResourcesAndRemoveFinalizer/1[java.lang.String],singlePage,4
C:\halo-main\application\src\main\java\run\halo\app\core\extension\reconciler\SinglePageReconciler.java,run.halo.app.core.extension.reconciler.SinglePageReconciler,cleanUpResourcesAndRemoveFinalizer/1[java.lang.String],pageName,1
C:\halo-main\application\src\main\java\run\halo\app\core\extension\reconciler\SinglePageReconciler.java,run.halo.app.core.extension.reconciler.SinglePageReconciler,reconcileSpec/1[java.lang.String],e,2
C:\halo-main\application\src\main\java\run\halo\app\core\extension\reconciler\SinglePageReconciler.java,run.halo.app.core.extension.reconciler.SinglePageReconciler,reconcileSpec/1[java.lang.String],name,4
C:\halo-main\application\src\main\java\run\halo\app\core\extension\reconciler\SinglePageReconciler.java,run.halo.app.core.extension.reconciler.SinglePageReconciler,reconcileSpec/1[java.lang.String],page,2
C:\halo-main\application\src\main\java\run\halo\app\core\extension\reconciler\SinglePageReconciler.java,run.halo.app.core.extension.reconciler.SinglePageReconciler,addFinalizerIfNecessary/1[run.halo.app.core.extension.reconciler.SinglePage],finalizers,2
C:\halo-main\application\src\main\java\run\halo\app\core\extension\reconciler\SinglePageReconciler.java,run.halo.app.core.extension.reconciler.SinglePageReconciler,addFinalizerIfNecessary/1[run.halo.app.core.extension.reconciler.SinglePage],oldSinglePage,2
C:\halo-main\application\src\main\java\run\halo\app\core\extension\reconciler\SinglePageReconciler.java,run.halo.app.core.extension.reconciler.SinglePageReconciler,addFinalizerIfNecessary/1[run.halo.app.core.extension.reconciler.SinglePage],singlePage,3
C:\halo-main\application\src\main\java\run\halo\app\core\extension\reconciler\SinglePageReconciler.java,run.halo.app.core.extension.reconciler.SinglePageReconciler,addFinalizerIfNecessary/1[run.halo.app.core.extension.reconciler.SinglePage],newFinalizers,4
C:\halo-main\application\src\main\java\run\halo\app\core\extension\reconciler\SinglePageReconciler.java,run.halo.app.core.extension.reconciler.SinglePageReconciler,cleanUpResources/1[run.halo.app.core.extension.reconciler.SinglePage],ref,2
C:\halo-main\application\src\main\java\run\halo\app\core\extension\reconciler\SinglePageReconciler.java,run.halo.app.core.extension.reconciler.SinglePageReconciler,cleanUpResources/1[run.halo.app.core.extension.reconciler.SinglePage],singlePage,2
C:\halo-main\application\src\main\java\run\halo\app\core\extension\reconciler\SinglePageReconciler.java,run.halo.app.core.extension.reconciler.SinglePageReconciler,cleanUpResources/1[run.halo.app.core.extension.reconciler.SinglePage],comment,1
C:\halo-main\application\src\main\java\run\halo\app\core\extension\reconciler\SinglePageReconciler.java,run.halo.app.core.extension.reconciler.SinglePageReconciler,cleanUpResources/1[run.halo.app.core.extension.reconciler.SinglePage],snapshot,1
C:\halo-main\application\src\main\java\run\halo\app\core\extension\reconciler\SinglePageReconciler.java,run.halo.app.core.extension.reconciler.SinglePageReconciler,reconcile/1[run.halo.app.core.extension.reconciler.Request],oldPage,1
C:\halo-main\application\src\main\java\run\halo\app\core\extension\reconciler\SinglePageReconciler.java,run.halo.app.core.extension.reconciler.SinglePageReconciler,reconcile/1[run.halo.app.core.extension.reconciler.Request],request,5
C:\halo-main\application\src\main\java\run\halo\app\core\extension\reconciler\SinglePageReconciler.java,run.halo.app.core.extension.reconciler.SinglePageReconciler,reconcile/1[run.halo.app.core.extension.reconciler.Request],singlePage,2
C:\halo-main\application\src\main\java\run\halo\app\infra\DefaultThemeInitializer.java,run.halo.app.infra.DefaultThemeInitializer,"DefaultThemeInitializer/3[run.halo.app.core.extension.theme.ThemeService,run.halo.app.infra.ThemeRootGetter,run.halo.app.infra.properties.HaloProperties]",haloProps,1
C:\halo-main\application\src\main\java\run\halo\app\infra\DefaultThemeInitializer.java,run.halo.app.infra.DefaultThemeInitializer,"DefaultThemeInitializer/3[run.halo.app.core.extension.theme.ThemeService,run.halo.app.infra.ThemeRootGetter,run.halo.app.infra.properties.HaloProperties]",themeRoot,2
C:\halo-main\application\src\main\java\run\halo\app\infra\DefaultThemeInitializer.java,run.halo.app.infra.DefaultThemeInitializer,"DefaultThemeInitializer/3[run.halo.app.core.extension.theme.ThemeService,run.halo.app.infra.ThemeRootGetter,run.halo.app.infra.properties.HaloProperties]",themeService,2
C:\halo-main\application\src\main\java\run\halo\app\infra\DefaultThemeInitializer.java,run.halo.app.infra.DefaultThemeInitializer,onApplicationEvent/1[run.halo.app.infra.SchemeInitializedEvent],resolver,0
C:\halo-main\application\src\main\java\run\halo\app\infra\DefaultThemeInitializer.java,run.halo.app.infra.DefaultThemeInitializer,onApplicationEvent/1[run.halo.app.infra.SchemeInitializedEvent],themeRoot,2
C:\halo-main\application\src\main\java\run\halo\app\infra\DefaultThemeInitializer.java,run.halo.app.infra.DefaultThemeInitializer,onApplicationEvent/1[run.halo.app.infra.SchemeInitializedEvent],e,1
C:\halo-main\application\src\main\java\run\halo\app\infra\DefaultThemeInitializer.java,run.halo.app.infra.DefaultThemeInitializer,onApplicationEvent/1[run.halo.app.infra.SchemeInitializedEvent],signalType,0
C:\halo-main\application\src\main\java\run\halo\app\infra\DefaultThemeInitializer.java,run.halo.app.infra.DefaultThemeInitializer,onApplicationEvent/1[run.halo.app.infra.SchemeInitializedEvent],location,3
C:\halo-main\application\src\main\java\run\halo\app\infra\DefaultThemeInitializer.java,run.halo.app.infra.DefaultThemeInitializer,onApplicationEvent/1[run.halo.app.infra.SchemeInitializedEvent],theme,1
C:\halo-main\application\src\main\java\run\halo\app\infra\DefaultThemeInitializer.java,run.halo.app.infra.DefaultThemeInitializer,onApplicationEvent/1[run.halo.app.infra.SchemeInitializedEvent],latch,2
C:\halo-main\application\src\main\java\run\halo\app\infra\DefaultThemeInitializer.java,run.halo.app.infra.DefaultThemeInitializer,onApplicationEvent/1[run.halo.app.infra.SchemeInitializedEvent],event,0
C:\halo-main\application\src\main\java\run\halo\app\infra\exception\AccessDeniedException.java,run.halo.app.infra.exception.AccessDeniedException,"AccessDeniedException/3[java.lang.String,java.lang.String,java.lang.Object[]]",reason,1
C:\halo-main\application\src\main\java\run\halo\app\infra\exception\AccessDeniedException.java,run.halo.app.infra.exception.AccessDeniedException,"AccessDeniedException/3[java.lang.String,java.lang.String,java.lang.Object[]]",detailArgs,1
C:\halo-main\application\src\main\java\run\halo\app\infra\exception\AccessDeniedException.java,run.halo.app.infra.exception.AccessDeniedException,"AccessDeniedException/3[java.lang.String,java.lang.String,java.lang.Object[]]",detailCode,1
C:\halo-main\application\src\main\java\run\halo\app\infra\exception\AccessDeniedException.java,run.halo.app.infra.exception.AccessDeniedException,AccessDeniedException/1[java.lang.String],reason,1
C:\halo-main\application\src\main\java\run\halo\app\plugin\DefaultSettingFetcher.java,run.halo.app.plugin.DefaultSettingFetcher,"fetch/2[java.lang.String,java.lang.Class<T>]",clazz,1
C:\halo-main\application\src\main\java\run\halo\app\plugin\DefaultSettingFetcher.java,run.halo.app.plugin.DefaultSettingFetcher,"fetch/2[java.lang.String,java.lang.Class<T>]",group,1
C:\halo-main\application\src\main\java\run\halo\app\plugin\DefaultSettingFetcher.java,run.halo.app.plugin.DefaultSettingFetcher,DefaultSettingFetcher/1[run.halo.app.plugin.ReactiveSettingFetcher],reactiveSettingFetcher,1
C:\halo-main\application\src\main\java\run\halo\app\plugin\DefaultSettingFetcher.java,run.halo.app.plugin.DefaultSettingFetcher,get/1[java.lang.String],group,1
C:\halo-main\application\src\test\java\run\halo\app\content\comment\ReplyServiceTest.java,run.halo.app.content.comment.ReplyServiceTest,"createReply/2[java.lang.String,java.time.Instant]",creationTime,1
C:\halo-main\application\src\test\java\run\halo\app\content\comment\ReplyServiceTest.java,run.halo.app.content.comment.ReplyServiceTest,"createReply/2[java.lang.String,java.time.Instant]",name,1
C:\halo-main\application\src\test\java\run\halo\app\content\comment\ReplyServiceTest.java,run.halo.app.content.comment.ReplyServiceTest,"createReply/2[java.lang.String,java.time.Instant]",reply,6
C:\halo-main\application\src\test\java\run\halo\app\content\comment\ReplyServiceTest.java,run.halo.app.content.comment.ReplyServiceTest,creationTimeAscComparator/0,reply6,1
C:\halo-main\application\src\test\java\run\halo\app\content\comment\ReplyServiceTest.java,run.halo.app.content.comment.ReplyServiceTest,creationTimeAscComparator/0,result,1
C:\halo-main\application\src\test\java\run\halo\app\content\comment\ReplyServiceTest.java,run.halo.app.content.comment.ReplyServiceTest,creationTimeAscComparator/0,reply2,1
C:\halo-main\application\src\test\java\run\halo\app\content\comment\ReplyServiceTest.java,run.halo.app.content.comment.ReplyServiceTest,creationTimeAscComparator/0,reply3,1
C:\halo-main\application\src\test\java\run\halo\app\content\comment\ReplyServiceTest.java,run.halo.app.content.comment.ReplyServiceTest,creationTimeAscComparator/0,reply4,1
C:\halo-main\application\src\test\java\run\halo\app\content\comment\ReplyServiceTest.java,run.halo.app.content.comment.ReplyServiceTest,creationTimeAscComparator/0,reply5,1
C:\halo-main\application\src\test\java\run\halo\app\content\comment\ReplyServiceTest.java,run.halo.app.content.comment.ReplyServiceTest,creationTimeAscComparator/0,reply1,1
C:\halo-main\application\src\test\java\run\halo\app\content\comment\ReplyServiceTest.java,run.halo.app.content.comment.ReplyServiceTest,creationTimeAscComparator/0,reply,1
C:\halo-main\application\src\main\java\run\halo\app\plugin\SpringComponentsFinder.java,run.halo.app.plugin.SpringComponentsFinder,SpringComponentsFinder/1[run.halo.app.plugin.PluginManager],pluginManager,1
C:\halo-main\application\src\main\java\run\halo\app\plugin\SpringComponentsFinder.java,run.halo.app.plugin.SpringComponentsFinder,pluginStateChanged/1[run.halo.app.plugin.PluginStateEvent],dependency,1
C:\halo-main\application\src\main\java\run\halo\app\plugin\SpringComponentsFinder.java,run.halo.app.plugin.SpringComponentsFinder,pluginStateChanged/1[run.halo.app.plugin.PluginStateEvent],event,2
C:\halo-main\application\src\main\java\run\halo\app\plugin\SpringComponentsFinder.java,run.halo.app.plugin.SpringComponentsFinder,"collectExtensions/2[java.io.InputStream,java.util.Set<java.lang.String>]",bucket,1
C:\halo-main\application\src\main\java\run\halo\app\plugin\SpringComponentsFinder.java,run.halo.app.plugin.SpringComponentsFinder,"collectExtensions/2[java.io.InputStream,java.util.Set<java.lang.String>]",reader,1
C:\halo-main\application\src\main\java\run\halo\app\plugin\SpringComponentsFinder.java,run.halo.app.plugin.SpringComponentsFinder,"collectExtensions/2[java.io.InputStream,java.util.Set<java.lang.String>]",inputStream,1
C:\halo-main\application\src\main\java\run\halo\app\plugin\SpringComponentsFinder.java,run.halo.app.plugin.SpringComponentsFinder,removeComponentsStorage/1[java.lang.String],componentNamesMap,4
C:\halo-main\application\src\main\java\run\halo\app\plugin\SpringComponentsFinder.java,run.halo.app.plugin.SpringComponentsFinder,removeComponentsStorage/1[java.lang.String],pluginId,3
C:\halo-main\application\src\main\java\run\halo\app\plugin\SpringComponentsFinder.java,run.halo.app.plugin.SpringComponentsFinder,removeComponentsStorage/1[java.lang.String],stamp,1
C:\halo-main\application\src\main\java\run\halo\app\plugin\SpringComponentsFinder.java,run.halo.app.plugin.SpringComponentsFinder,containsComponentsStorage/1[java.lang.String],contains,1
C:\halo-main\application\src\main\java\run\halo\app\plugin\SpringComponentsFinder.java,run.halo.app.plugin.SpringComponentsFinder,containsComponentsStorage/1[java.lang.String],pluginId,3
C:\halo-main\application\src\main\java\run\halo\app\plugin\SpringComponentsFinder.java,run.halo.app.plugin.SpringComponentsFinder,containsComponentsStorage/1[java.lang.String],stamp,3
C:\halo-main\application\src\main\java\run\halo\app\plugin\SpringComponentsFinder.java,run.halo.app.plugin.SpringComponentsFinder,readPluginsStorages/0,result,1
C:\halo-main\application\src\main\java\run\halo\app\plugin\SpringComponentsFinder.java,run.halo.app.plugin.SpringComponentsFinder,readPluginsStorages/0,plugin,1
C:\halo-main\application\src\main\java\run\halo\app\plugin\SpringComponentsFinder.java,run.halo.app.plugin.SpringComponentsFinder,readPluginsStorages/0,plugins,1
C:\halo-main\application\src\main\java\run\halo\app\plugin\SpringComponentsFinder.java,run.halo.app.plugin.SpringComponentsFinder,readPluginStorageToMemory/1[run.halo.app.plugin.PluginWrapper],bucket,3
C:\halo-main\application\src\main\java\run\halo\app\plugin\SpringComponentsFinder.java,run.halo.app.plugin.SpringComponentsFinder,readPluginStorageToMemory/1[run.halo.app.plugin.PluginWrapper],resourceStream,2
C:\halo-main\application\src\main\java\run\halo\app\plugin\SpringComponentsFinder.java,run.halo.app.plugin.SpringComponentsFinder,readPluginStorageToMemory/1[run.halo.app.plugin.PluginWrapper],e,2
C:\halo-main\application\src\main\java\run\halo\app\plugin\SpringComponentsFinder.java,run.halo.app.plugin.SpringComponentsFinder,readPluginStorageToMemory/1[run.halo.app.plugin.PluginWrapper],pluginId,3
C:\halo-main\application\src\main\java\run\halo\app\plugin\SpringComponentsFinder.java,run.halo.app.plugin.SpringComponentsFinder,readPluginStorageToMemory/1[run.halo.app.plugin.PluginWrapper],pluginWrapper,2
C:\halo-main\application\src\main\java\run\halo\app\plugin\SpringComponentsFinder.java,run.halo.app.plugin.SpringComponentsFinder,readPluginStorageToMemory/1[run.halo.app.plugin.PluginWrapper],pluginClassLoader,1
C:\halo-main\application\src\main\java\run\halo\app\plugin\SpringComponentsFinder.java,run.halo.app.plugin.SpringComponentsFinder,"putComponentsStorage/2[java.lang.String,java.util.Set<java.lang.String>]",componentNamesMap,4
C:\halo-main\application\src\main\java\run\halo\app\plugin\SpringComponentsFinder.java,run.halo.app.plugin.SpringComponentsFinder,"putComponentsStorage/2[java.lang.String,java.util.Set<java.lang.String>]",components,2
C:\halo-main\application\src\main\java\run\halo\app\plugin\SpringComponentsFinder.java,run.halo.app.plugin.SpringComponentsFinder,"putComponentsStorage/2[java.lang.String,java.util.Set<java.lang.String>]",pluginId,3
C:\halo-main\application\src\main\java\run\halo\app\plugin\SpringComponentsFinder.java,run.halo.app.plugin.SpringComponentsFinder,"putComponentsStorage/2[java.lang.String,java.util.Set<java.lang.String>]",stamp,1
C:\halo-main\application\src\main\java\run\halo\app\plugin\PropertyPluginStatusProvider.java,run.halo.app.plugin.PropertyPluginStatusProvider,isPropertySet/1[run.halo.app.plugin.PluginProperties],pluginProperties,2
C:\halo-main\application\src\main\java\run\halo\app\plugin\PropertyPluginStatusProvider.java,run.halo.app.plugin.PropertyPluginStatusProvider,enablePlugin/1[java.lang.String],pluginId,3
C:\halo-main\application\src\main\java\run\halo\app\plugin\PropertyPluginStatusProvider.java,run.halo.app.plugin.PropertyPluginStatusProvider,PropertyPluginStatusProvider/1[run.halo.app.plugin.PluginProperties],pluginProperties,4
C:\halo-main\application\src\main\java\run\halo\app\plugin\PropertyPluginStatusProvider.java,run.halo.app.plugin.PropertyPluginStatusProvider,disablePlugin/1[java.lang.String],pluginId,3
C:\halo-main\application\src\main\java\run\halo\app\plugin\PropertyPluginStatusProvider.java,run.halo.app.plugin.PropertyPluginStatusProvider,isPluginDisabled/1[java.lang.String],pluginId,2
C:\halo-main\application\src\main\java\run\halo\app\content\permalinks\TagPermalinkPolicy.java,run.halo.app.content.permalinks.TagPermalinkPolicy,permalink/1[run.halo.app.content.permalinks.Tag],path,1
C:\halo-main\application\src\main\java\run\halo\app\content\permalinks\TagPermalinkPolicy.java,run.halo.app.content.permalinks.TagPermalinkPolicy,permalink/1[run.halo.app.content.permalinks.Tag],permalinkPrefix,1
C:\halo-main\application\src\main\java\run\halo\app\content\permalinks\TagPermalinkPolicy.java,run.halo.app.content.permalinks.TagPermalinkPolicy,permalink/1[run.halo.app.content.permalinks.Tag],annotations,1
C:\halo-main\application\src\main\java\run\halo\app\content\permalinks\TagPermalinkPolicy.java,run.halo.app.content.permalinks.TagPermalinkPolicy,permalink/1[run.halo.app.content.permalinks.Tag],tag,2
C:\halo-main\application\src\main\java\run\halo\app\content\permalinks\TagPermalinkPolicy.java,run.halo.app.content.permalinks.TagPermalinkPolicy,permalink/1[run.halo.app.content.permalinks.Tag],slug,1
C:\halo-main\application\src\main\java\run\halo\app\theme\dialect\HaloProcessorDialect.java,run.halo.app.theme.dialect.HaloProcessorDialect,getProcessors/1[java.lang.String],dialectPrefix,3
C:\halo-main\application\src\main\java\run\halo\app\theme\dialect\HaloProcessorDialect.java,run.halo.app.theme.dialect.HaloProcessorDialect,getProcessors/1[java.lang.String],processors,5
C:\halo-main\application\src\main\java\run\halo\app\theme\finders\vo\CommentVo.java,run.halo.app.theme.finders.vo.CommentVo,from/1[run.halo.app.theme.finders.vo.Comment],comment,3
C:\halo-main\application\src\test\java\run\halo\app\theme\router\factories\RouteFactoryTest.java,run.halo.app.theme.router.factories.RouteFactoryTest,configuredPageSize/0,routeFactory,4
C:\halo-main\application\src\test\java\run\halo\app\theme\router\factories\RouteFactoryTest.java,run.halo.app.theme.router.factories.RouteFactoryTest,configuredPageSize/0,post,8
C:\halo-main\application\src\main\java\run\halo\app\content\AbstractContentService.java,run.halo.app.content.AbstractContentService,"draftContent/2[java.lang.String,run.halo.app.content.ContentRequest]",content,2
C:\halo-main\application\src\main\java\run\halo\app\content\AbstractContentService.java,run.halo.app.content.AbstractContentService,"draftContent/2[java.lang.String,run.halo.app.content.ContentRequest]",baseSnapshotName,1
C:\halo-main\application\src\main\java\run\halo\app\content\AbstractContentService.java,run.halo.app.content.AbstractContentService,"getContent/2[java.lang.String,java.lang.String]",snapshotName,2
C:\halo-main\application\src\main\java\run\halo\app\content\AbstractContentService.java,run.halo.app.content.AbstractContentService,"getContent/2[java.lang.String,java.lang.String]",contentWrapper,1
C:\halo-main\application\src\main\java\run\halo\app\content\AbstractContentService.java,run.halo.app.content.AbstractContentService,"getContent/2[java.lang.String,java.lang.String]",baseSnapshot,3
C:\halo-main\application\src\main\java\run\halo\app\content\AbstractContentService.java,run.halo.app.content.AbstractContentService,"getContent/2[java.lang.String,java.lang.String]",snapshot,1
C:\halo-main\application\src\main\java\run\halo\app\content\AbstractContentService.java,run.halo.app.content.AbstractContentService,"getContent/2[java.lang.String,java.lang.String]",baseSnapshotName,2
C:\halo-main\application\src\main\java\run\halo\app\content\AbstractContentService.java,run.halo.app.content.AbstractContentService,"restoredContent/2[java.lang.String,run.halo.app.content.Snapshot]",headSnapshot,1
C:\halo-main\application\src\main\java\run\halo\app\content\AbstractContentService.java,run.halo.app.content.AbstractContentService,"restoredContent/2[java.lang.String,run.halo.app.content.Snapshot]",baseSnapshot,1
C:\halo-main\application\src\main\java\run\halo\app\content\AbstractContentService.java,run.halo.app.content.AbstractContentService,"restoredContent/2[java.lang.String,run.halo.app.content.Snapshot]",baseSnapshotName,1
C:\halo-main\application\src\main\java\run\halo\app\content\AbstractContentService.java,run.halo.app.content.AbstractContentService,"determineRawAndContentPatch/3[run.halo.app.content.Snapshot,run.halo.app.content.Snapshot,run.halo.app.content.ContentRequest]",originalRaw,1
C:\halo-main\application\src\main\java\run\halo\app\content\AbstractContentService.java,run.halo.app.content.AbstractContentService,"determineRawAndContentPatch/3[run.halo.app.content.Snapshot,run.halo.app.content.Snapshot,run.halo.app.content.ContentRequest]",snapshotToUse,9
C:\halo-main\application\src\main\java\run\halo\app\content\AbstractContentService.java,run.halo.app.content.AbstractContentService,"determineRawAndContentPatch/3[run.halo.app.content.Snapshot,run.halo.app.content.Snapshot,run.halo.app.content.ContentRequest]",revisedRaw,1
C:\halo-main\application\src\main\java\run\halo\app\content\AbstractContentService.java,run.halo.app.content.AbstractContentService,"determineRawAndContentPatch/3[run.halo.app.content.Snapshot,run.halo.app.content.Snapshot,run.halo.app.content.ContentRequest]",contentRequest,5
C:\halo-main\application\src\main\java\run\halo\app\content\AbstractContentService.java,run.halo.app.content.AbstractContentService,"determineRawAndContentPatch/3[run.halo.app.content.Snapshot,run.halo.app.content.Snapshot,run.halo.app.content.ContentRequest]",revisedContent,1
C:\halo-main\application\src\main\java\run\halo\app\content\AbstractContentService.java,run.halo.app.content.AbstractContentService,"determineRawAndContentPatch/3[run.halo.app.content.Snapshot,run.halo.app.content.Snapshot,run.halo.app.content.ContentRequest]",baseSnapshot,4
C:\halo-main\application\src\main\java\run\halo\app\content\AbstractContentService.java,run.halo.app.content.AbstractContentService,"determineRawAndContentPatch/3[run.halo.app.content.Snapshot,run.halo.app.content.Snapshot,run.halo.app.content.ContentRequest]",originalContent,1
C:\halo-main\application\src\main\java\run\halo\app\content\AbstractContentService.java,run.halo.app.content.AbstractContentService,"determineRawAndContentPatch/3[run.halo.app.content.Snapshot,run.halo.app.content.Snapshot,run.halo.app.content.ContentRequest]",baseSnapshotName,1
C:\halo-main\application\src\main\java\run\halo\app\content\AbstractContentService.java,run.halo.app.content.AbstractContentService,checkBaseSnapshot/1[run.halo.app.content.Snapshot],keepRawAnno,1
C:\halo-main\application\src\main\java\run\halo\app\content\AbstractContentService.java,run.halo.app.content.AbstractContentService,checkBaseSnapshot/1[run.halo.app.content.Snapshot],snapshot,3
C:\halo-main\application\src\main\java\run\halo\app\content\AbstractContentService.java,run.halo.app.content.AbstractContentService,"updateContent/2[java.lang.String,run.halo.app.content.ContentRequest]",head,1
C:\halo-main\application\src\main\java\run\halo\app\content\AbstractContentService.java,run.halo.app.content.AbstractContentService,"updateContent/2[java.lang.String,run.halo.app.content.ContentRequest]",contentRequest,4
C:\halo-main\application\src\main\java\run\halo\app\content\AbstractContentService.java,run.halo.app.content.AbstractContentService,"updateContent/2[java.lang.String,run.halo.app.content.ContentRequest]",headSnapshot,5
C:\halo-main\application\src\main\java\run\halo\app\content\AbstractContentService.java,run.halo.app.content.AbstractContentService,"updateContent/2[java.lang.String,run.halo.app.content.ContentRequest]",baseSnapshot,1
C:\halo-main\application\src\main\java\run\halo\app\content\AbstractContentService.java,run.halo.app.content.AbstractContentService,"updateContent/2[java.lang.String,run.halo.app.content.ContentRequest]",baseSnapshotName,3
C:\halo-main\application\src\main\java\run\halo\app\content\AbstractContentService.java,run.halo.app.content.AbstractContentService,"updateContent/2[java.lang.String,run.halo.app.content.ContentRequest]",username,1
C:\halo-main\application\src\main\java\run\halo\app\content\AbstractContentService.java,run.halo.app.content.AbstractContentService,"draftContent/3[java.lang.String,run.halo.app.content.ContentRequest,java.lang.String]",snapshotToCreate,1
C:\halo-main\application\src\main\java\run\halo\app\content\AbstractContentService.java,run.halo.app.content.AbstractContentService,"draftContent/3[java.lang.String,run.halo.app.content.ContentRequest,java.lang.String]",head,1
C:\halo-main\application\src\main\java\run\halo\app\content\AbstractContentService.java,run.halo.app.content.AbstractContentService,"draftContent/3[java.lang.String,run.halo.app.content.ContentRequest,java.lang.String]",baseSnapshotNameToUse,1
C:\halo-main\application\src\main\java\run\halo\app\content\AbstractContentService.java,run.halo.app.content.AbstractContentService,"draftContent/3[java.lang.String,run.halo.app.content.ContentRequest,java.lang.String]",contentRequest,2
C:\halo-main\application\src\main\java\run\halo\app\content\AbstractContentService.java,run.halo.app.content.AbstractContentService,"draftContent/3[java.lang.String,run.halo.app.content.ContentRequest,java.lang.String]",parentSnapshotName,1
C:\halo-main\application\src\main\java\run\halo\app\content\AbstractContentService.java,run.halo.app.content.AbstractContentService,"draftContent/3[java.lang.String,run.halo.app.content.ContentRequest,java.lang.String]",source,4
C:\halo-main\application\src\main\java\run\halo\app\content\AbstractContentService.java,run.halo.app.content.AbstractContentService,"draftContent/3[java.lang.String,run.halo.app.content.ContentRequest,java.lang.String]",snapshot,5
C:\halo-main\application\src\main\java\run\halo\app\content\AbstractContentService.java,run.halo.app.content.AbstractContentService,"draftContent/3[java.lang.String,run.halo.app.content.ContentRequest,java.lang.String]",baseSnapshot,1
C:\halo-main\application\src\main\java\run\halo\app\content\AbstractContentService.java,run.halo.app.content.AbstractContentService,"draftContent/3[java.lang.String,run.halo.app.content.ContentRequest,java.lang.String]",baseSnapshotName,2
C:\halo-main\application\src\main\java\run\halo\app\content\AbstractContentService.java,run.halo.app.content.AbstractContentService,"draftContent/3[java.lang.String,run.halo.app.content.ContentRequest,java.lang.String]",username,2
C:\halo-main\application\src\test\java\run\halo\app\core\extension\service\DefaultRoleServiceTest.java,run.halo.app.core.extension.service.DefaultRoleServiceTest$ListDependenciesTest,"createRole/2[java.lang.String,java.lang.String[]]",role,4
C:\halo-main\application\src\test\java\run\halo\app\core\extension\service\DefaultRoleServiceTest.java,run.halo.app.core.extension.service.DefaultRoleServiceTest$ListDependenciesTest,"createRole/2[java.lang.String,java.lang.String[]]",name,1
C:\halo-main\application\src\test\java\run\halo\app\core\extension\service\DefaultRoleServiceTest.java,run.halo.app.core.extension.service.DefaultRoleServiceTest$ListDependenciesTest,"createRole/2[java.lang.String,java.lang.String[]]",annotations,2
C:\halo-main\application\src\test\java\run\halo\app\core\extension\service\DefaultRoleServiceTest.java,run.halo.app.core.extension.service.DefaultRoleServiceTest$ListDependenciesTest,"createRole/2[java.lang.String,java.lang.String[]]",dependencies,1
C:\halo-main\application\src\test\java\run\halo\app\core\extension\service\DefaultRoleServiceTest.java,run.halo.app.core.extension.service.DefaultRoleServiceTest$ListDependenciesTest,testSubjectMatch/0,result,3
C:\halo-main\application\src\test\java\run\halo\app\core\extension\service\DefaultRoleServiceTest.java,run.halo.app.core.extension.service.DefaultRoleServiceTest$ListDependenciesTest,testSubjectMatch/0,predicate,3
C:\halo-main\application\src\test\java\run\halo\app\core\extension\service\DefaultRoleServiceTest.java,run.halo.app.core.extension.service.DefaultRoleServiceTest$ListDependenciesTest,testSubjectMatch/0,fakeAuthenticatedBinding,3
C:\halo-main\application\src\test\java\run\halo\app\core\extension\service\DefaultRoleServiceTest.java,run.halo.app.core.extension.service.DefaultRoleServiceTest$ListDependenciesTest,testSubjectMatch/0,subject,6
C:\halo-main\application\src\test\java\run\halo\app\core\extension\service\DefaultRoleServiceTest.java,run.halo.app.core.extension.service.DefaultRoleServiceTest$ListDependenciesTest,testSubjectMatch/0,fakeEditorBinding,3
C:\halo-main\application\src\test\java\run\halo\app\core\extension\service\DefaultRoleServiceTest.java,run.halo.app.core.extension.service.DefaultRoleServiceTest$ListDependenciesTest,testSubjectMatch/0,fakeAnonymousBinding,2
C:\halo-main\application\src\test\java\run\halo\app\core\extension\service\DefaultRoleServiceTest.java,run.halo.app.core.extension.service.DefaultRoleServiceTest$ListDependenciesTest,"createRoleBinding/3[java.lang.String,java.lang.String,java.lang.String]",roleBinding,11
C:\halo-main\application\src\test\java\run\halo\app\core\extension\service\DefaultRoleServiceTest.java,run.halo.app.core.extension.service.DefaultRoleServiceTest$ListDependenciesTest,"createRoleBinding/3[java.lang.String,java.lang.String,java.lang.String]",name,1
C:\halo-main\application\src\test\java\run\halo\app\core\extension\service\DefaultRoleServiceTest.java,run.halo.app.core.extension.service.DefaultRoleServiceTest$ListDependenciesTest,"createRoleBinding/3[java.lang.String,java.lang.String,java.lang.String]",refName,1
C:\halo-main\application\src\test\java\run\halo\app\core\extension\service\DefaultRoleServiceTest.java,run.halo.app.core.extension.service.DefaultRoleServiceTest$ListDependenciesTest,"createRoleBinding/3[java.lang.String,java.lang.String,java.lang.String]",subjectName,1
C:\halo-main\application\src\test\java\run\halo\app\core\extension\service\DefaultRoleServiceTest.java,run.halo.app.core.extension.service.DefaultRoleServiceTest$ListDependenciesTest,listDependenciesWithCycle/0,result,1
C:\halo-main\application\src\test\java\run\halo\app\core\extension\service\DefaultRoleServiceTest.java,run.halo.app.core.extension.service.DefaultRoleServiceTest$ListDependenciesTest,listDependenciesWithCycle/0,role1,2
C:\halo-main\application\src\test\java\run\halo\app\core\extension\service\DefaultRoleServiceTest.java,run.halo.app.core.extension.service.DefaultRoleServiceTest$ListDependenciesTest,listDependenciesWithCycle/0,role2,2
C:\halo-main\application\src\test\java\run\halo\app\core\extension\service\DefaultRoleServiceTest.java,run.halo.app.core.extension.service.DefaultRoleServiceTest$ListDependenciesTest,listDependenciesWithCycle/0,role3,2
C:\halo-main\application\src\test\java\run\halo\app\core\extension\service\DefaultRoleServiceTest.java,run.halo.app.core.extension.service.DefaultRoleServiceTest$ListDependenciesTest,listDependenciesWithCycle/0,roleNames,1
C:\halo-main\application\src\test\java\run\halo\app\core\extension\service\DefaultRoleServiceTest.java,run.halo.app.core.extension.service.DefaultRoleServiceTest$ListDependenciesTest,listDependenciesWithMiddleCycle/0,result,1
C:\halo-main\application\src\test\java\run\halo\app\core\extension\service\DefaultRoleServiceTest.java,run.halo.app.core.extension.service.DefaultRoleServiceTest$ListDependenciesTest,listDependenciesWithMiddleCycle/0,role1,2
C:\halo-main\application\src\test\java\run\halo\app\core\extension\service\DefaultRoleServiceTest.java,run.halo.app.core.extension.service.DefaultRoleServiceTest$ListDependenciesTest,listDependenciesWithMiddleCycle/0,role4,2
C:\halo-main\application\src\test\java\run\halo\app\core\extension\service\DefaultRoleServiceTest.java,run.halo.app.core.extension.service.DefaultRoleServiceTest$ListDependenciesTest,listDependenciesWithMiddleCycle/0,role2,2
C:\halo-main\application\src\test\java\run\halo\app\core\extension\service\DefaultRoleServiceTest.java,run.halo.app.core.extension.service.DefaultRoleServiceTest$ListDependenciesTest,listDependenciesWithMiddleCycle/0,role3,2
C:\halo-main\application\src\test\java\run\halo\app\core\extension\service\DefaultRoleServiceTest.java,run.halo.app.core.extension.service.DefaultRoleServiceTest$ListDependenciesTest,listDependenciesWithMiddleCycle/0,roleNames,1
C:\halo-main\application\src\test\java\run\halo\app\core\extension\service\DefaultRoleServiceTest.java,run.halo.app.core.extension.service.DefaultRoleServiceTest$ListDependenciesTest,listDependenciesWithCycleAndSequence/0,result,1
C:\halo-main\application\src\test\java\run\halo\app\core\extension\service\DefaultRoleServiceTest.java,run.halo.app.core.extension.service.DefaultRoleServiceTest$ListDependenciesTest,listDependenciesWithCycleAndSequence/0,role1,2
C:\halo-main\application\src\test\java\run\halo\app\core\extension\service\DefaultRoleServiceTest.java,run.halo.app.core.extension.service.DefaultRoleServiceTest$ListDependenciesTest,listDependenciesWithCycleAndSequence/0,role4,2
C:\halo-main\application\src\test\java\run\halo\app\core\extension\service\DefaultRoleServiceTest.java,run.halo.app.core.extension.service.DefaultRoleServiceTest$ListDependenciesTest,listDependenciesWithCycleAndSequence/0,role2,2
C:\halo-main\application\src\test\java\run\halo\app\core\extension\service\DefaultRoleServiceTest.java,run.halo.app.core.extension.service.DefaultRoleServiceTest$ListDependenciesTest,listDependenciesWithCycleAndSequence/0,role3,2
C:\halo-main\application\src\test\java\run\halo\app\core\extension\service\DefaultRoleServiceTest.java,run.halo.app.core.extension.service.DefaultRoleServiceTest$ListDependenciesTest,listDependenciesWithCycleAndSequence/0,roleNames,1
C:\halo-main\application\src\test\java\run\halo\app\core\extension\service\DefaultRoleServiceTest.java,run.halo.app.core.extension.service.DefaultRoleServiceTest$ListDependenciesTest,listDependenciesAndSomeOneNotFound/0,result,1
C:\halo-main\application\src\test\java\run\halo\app\core\extension\service\DefaultRoleServiceTest.java,run.halo.app.core.extension.service.DefaultRoleServiceTest$ListDependenciesTest,listDependenciesAndSomeOneNotFound/0,role1,2
C:\halo-main\application\src\test\java\run\halo\app\core\extension\service\DefaultRoleServiceTest.java,run.halo.app.core.extension.service.DefaultRoleServiceTest$ListDependenciesTest,listDependenciesAndSomeOneNotFound/0,role4,2
C:\halo-main\application\src\test\java\run\halo\app\core\extension\service\DefaultRoleServiceTest.java,run.halo.app.core.extension.service.DefaultRoleServiceTest$ListDependenciesTest,listDependenciesAndSomeOneNotFound/0,role2,2
C:\halo-main\application\src\test\java\run\halo\app\core\extension\service\DefaultRoleServiceTest.java,run.halo.app.core.extension.service.DefaultRoleServiceTest$ListDependenciesTest,listDependenciesAndSomeOneNotFound/0,roleNames,1
C:\halo-main\application\src\test\java\run\halo\app\core\extension\service\DefaultRoleServiceTest.java,run.halo.app.core.extension.service.DefaultRoleServiceTest$ListDependenciesTest,listDependenciesAfterCycle/0,result,1
C:\halo-main\application\src\test\java\run\halo\app\core\extension\service\DefaultRoleServiceTest.java,run.halo.app.core.extension.service.DefaultRoleServiceTest$ListDependenciesTest,listDependenciesAfterCycle/0,role1,1
C:\halo-main\application\src\test\java\run\halo\app\core\extension\service\DefaultRoleServiceTest.java,run.halo.app.core.extension.service.DefaultRoleServiceTest$ListDependenciesTest,listDependenciesAfterCycle/0,role4,1
C:\halo-main\application\src\test\java\run\halo\app\core\extension\service\DefaultRoleServiceTest.java,run.halo.app.core.extension.service.DefaultRoleServiceTest$ListDependenciesTest,listDependenciesAfterCycle/0,role2,2
C:\halo-main\application\src\test\java\run\halo\app\core\extension\service\DefaultRoleServiceTest.java,run.halo.app.core.extension.service.DefaultRoleServiceTest$ListDependenciesTest,listDependenciesAfterCycle/0,role3,2
C:\halo-main\application\src\test\java\run\halo\app\core\extension\service\DefaultRoleServiceTest.java,run.halo.app.core.extension.service.DefaultRoleServiceTest$ListDependenciesTest,listDependenciesAfterCycle/0,roleNames,1
C:\halo-main\application\src\test\java\run\halo\app\core\extension\service\DefaultRoleServiceTest.java,run.halo.app.core.extension.service.DefaultRoleServiceTest$ListDependenciesTest,listDependenciesWithNullParam/0,result,3
C:\halo-main\application\src\test\java\run\halo\app\core\extension\service\DefaultRoleServiceTest.java,run.halo.app.core.extension.service.DefaultRoleServiceTest$ListDependenciesTest,listDependencies/0,result,1
C:\halo-main\application\src\test\java\run\halo\app\core\extension\service\DefaultRoleServiceTest.java,run.halo.app.core.extension.service.DefaultRoleServiceTest$ListDependenciesTest,listDependencies/0,role1,2
C:\halo-main\application\src\test\java\run\halo\app\core\extension\service\DefaultRoleServiceTest.java,run.halo.app.core.extension.service.DefaultRoleServiceTest$ListDependenciesTest,listDependencies/0,role2,2
C:\halo-main\application\src\test\java\run\halo\app\core\extension\service\DefaultRoleServiceTest.java,run.halo.app.core.extension.service.DefaultRoleServiceTest$ListDependenciesTest,listDependencies/0,role3,2
C:\halo-main\application\src\test\java\run\halo\app\core\extension\service\DefaultRoleServiceTest.java,run.halo.app.core.extension.service.DefaultRoleServiceTest$ListDependenciesTest,listDependencies/0,roleNames,1
C:\halo-main\application\src\main\java\run\halo\app\config\HaloConfiguration.java,run.halo.app.config.HaloConfiguration,objectMapperCustomizer/0,builder,1
C:\halo-main\application\src\test\java\run\halo\app\infra\SystemSettingTest.java,run.halo.app.infra.SystemSettingTest,shouldGetConfigFromJson/0,configMap,2
C:\halo-main\application\src\test\java\run\halo\app\infra\SystemSettingTest.java,run.halo.app.infra.SystemSettingTest,shouldGetConfigFromJson/0,comment,1
C:\halo-main\application\src\test\java\run\halo\app\infra\SystemSettingTest.java,run.halo.app.infra.SystemSettingTest,shouldGetNullIfKeyNotExist/0,configMap,2
C:\halo-main\application\src\test\java\run\halo\app\infra\SystemSettingTest.java,run.halo.app.infra.SystemSettingTest,shouldGetNullIfKeyNotExist/0,fake,1
C:\halo-main\application\src\test\java\run\halo\app\infra\SystemSettingTest.java,run.halo.app.infra.SystemSettingTest,shouldGetConfigViaConversionService/0,configMap,2
C:\halo-main\application\src\test\java\run\halo\app\infra\SystemSettingTest.java,run.halo.app.infra.SystemSettingTest,shouldGetConfigViaConversionService/0,integer,1
C:\halo-main\application\src\main\java\run\halo\app\Application.java,run.halo.app.Application,main/1[java.lang.String[]],args,1
C:\halo-main\application\src\main\java\run\halo\app\plugin\PluginApplicationContext.java,run.halo.app.plugin.PluginApplicationContext,"addExtensionMapping/2[run.halo.app.plugin.GroupVersionKind,java.lang.String]",extensionName,1
C:\halo-main\application\src\main\java\run\halo\app\plugin\PluginApplicationContext.java,run.halo.app.plugin.PluginApplicationContext,"addExtensionMapping/2[run.halo.app.plugin.GroupVersionKind,java.lang.String]",gvk,1
C:\halo-main\application\src\main\java\run\halo\app\plugin\PluginApplicationContext.java,run.halo.app.plugin.PluginApplicationContext,setPluginId/1[java.lang.String],pluginId,2
C:\halo-main\application\src\main\java\run\halo\app\plugin\PluginApplicationContext.java,run.halo.app.plugin.PluginApplicationContext,getExtensionNames/1[run.halo.app.plugin.GroupVersionKind],gvk,1
C:\halo-main\application\src\test\java\run\halo\app\extension\ComparatorsTest.java,run.halo.app.extension.ComparatorsTest$CompareCreationTimestamp,asc/0,comparator,1
C:\halo-main\application\src\test\java\run\halo\app\extension\ComparatorsTest.java,run.halo.app.extension.ComparatorsTest$CompareCreationTimestamp,asc/0,before,1
C:\halo-main\application\src\test\java\run\halo\app\extension\ComparatorsTest.java,run.halo.app.extension.ComparatorsTest$CompareCreationTimestamp,asc/0,fakeNow,2
C:\halo-main\application\src\test\java\run\halo\app\extension\ComparatorsTest.java,run.halo.app.extension.ComparatorsTest$CompareCreationTimestamp,asc/0,now,4
C:\halo-main\application\src\test\java\run\halo\app\extension\ComparatorsTest.java,run.halo.app.extension.ComparatorsTest$CompareCreationTimestamp,asc/0,fakeBefore,2
C:\halo-main\application\src\test\java\run\halo\app\extension\ComparatorsTest.java,run.halo.app.extension.ComparatorsTest$CompareCreationTimestamp,asc/0,fakeAfter,2
C:\halo-main\application\src\test\java\run\halo\app\extension\ComparatorsTest.java,run.halo.app.extension.ComparatorsTest$CompareCreationTimestamp,asc/0,sortedFakes,2
C:\halo-main\application\src\test\java\run\halo\app\extension\ComparatorsTest.java,run.halo.app.extension.ComparatorsTest$CompareCreationTimestamp,asc/0,after,1
C:\halo-main\application\src\test\java\run\halo\app\extension\ComparatorsTest.java,run.halo.app.extension.ComparatorsTest$CompareCreationTimestamp,"createFake/2[java.lang.String,java.time.Instant]",metadata,3
C:\halo-main\application\src\test\java\run\halo\app\extension\ComparatorsTest.java,run.halo.app.extension.ComparatorsTest$CompareCreationTimestamp,"createFake/2[java.lang.String,java.time.Instant]",name,1
C:\halo-main\application\src\test\java\run\halo\app\extension\ComparatorsTest.java,run.halo.app.extension.ComparatorsTest$CompareCreationTimestamp,"createFake/2[java.lang.String,java.time.Instant]",creationTimestamp,1
C:\halo-main\application\src\test\java\run\halo\app\extension\ComparatorsTest.java,run.halo.app.extension.ComparatorsTest$CompareCreationTimestamp,"createFake/2[java.lang.String,java.time.Instant]",fake,2
C:\halo-main\application\src\test\java\run\halo\app\extension\ComparatorsTest.java,run.halo.app.extension.ComparatorsTest$CompareCreationTimestamp,desc/0,comparator,1
C:\halo-main\application\src\test\java\run\halo\app\extension\ComparatorsTest.java,run.halo.app.extension.ComparatorsTest$CompareCreationTimestamp,desc/0,before,1
C:\halo-main\application\src\test\java\run\halo\app\extension\ComparatorsTest.java,run.halo.app.extension.ComparatorsTest$CompareCreationTimestamp,desc/0,fakeNow,2
C:\halo-main\application\src\test\java\run\halo\app\extension\ComparatorsTest.java,run.halo.app.extension.ComparatorsTest$CompareCreationTimestamp,desc/0,now,4
C:\halo-main\application\src\test\java\run\halo\app\extension\ComparatorsTest.java,run.halo.app.extension.ComparatorsTest$CompareCreationTimestamp,desc/0,fakeBefore,2
C:\halo-main\application\src\test\java\run\halo\app\extension\ComparatorsTest.java,run.halo.app.extension.ComparatorsTest$CompareCreationTimestamp,desc/0,fakeAfter,2
C:\halo-main\application\src\test\java\run\halo\app\extension\ComparatorsTest.java,run.halo.app.extension.ComparatorsTest$CompareCreationTimestamp,desc/0,sortedFakes,2
C:\halo-main\application\src\test\java\run\halo\app\extension\ComparatorsTest.java,run.halo.app.extension.ComparatorsTest$CompareCreationTimestamp,desc/0,after,1
C:\halo-main\application\src\test\java\run\halo\app\extension\SchemeTest.java,run.halo.app.extension.SchemeTest,shouldCreateSchemeSuccessfully/0,scheme,5
C:\halo-main\application\src\test\java\run\halo\app\extension\SchemeTest.java,run.halo.app.extension.SchemeTest,shouldGetGvkFromTypeWithGvkAnno/0,gvk,5
C:\halo-main\application\src\main\java\run\halo\app\event\post\UpvotedEvent.java,run.halo.app.event.post.UpvotedEvent,"UpvotedEvent/4[java.lang.Object,java.lang.String,java.lang.String,java.lang.String]",plural,1
C:\halo-main\application\src\main\java\run\halo\app\event\post\UpvotedEvent.java,run.halo.app.event.post.UpvotedEvent,"UpvotedEvent/4[java.lang.Object,java.lang.String,java.lang.String,java.lang.String]",name,1
C:\halo-main\application\src\main\java\run\halo\app\event\post\UpvotedEvent.java,run.halo.app.event.post.UpvotedEvent,"UpvotedEvent/4[java.lang.Object,java.lang.String,java.lang.String,java.lang.String]",source,1
C:\halo-main\application\src\main\java\run\halo\app\event\post\UpvotedEvent.java,run.halo.app.event.post.UpvotedEvent,"UpvotedEvent/4[java.lang.Object,java.lang.String,java.lang.String,java.lang.String]",group,1
C:\halo-main\application\src\main\java\run\halo\app\infra\exception\NotFoundException.java,run.halo.app.infra.exception.NotFoundException,"NotFoundException/2[java.lang.String,java.lang.Throwable]",reason,1
C:\halo-main\application\src\main\java\run\halo\app\infra\exception\NotFoundException.java,run.halo.app.infra.exception.NotFoundException,"NotFoundException/2[java.lang.String,java.lang.Throwable]",cause,1
C:\halo-main\application\src\main\java\run\halo\app\infra\exception\NotFoundException.java,run.halo.app.infra.exception.NotFoundException,NotFoundException/1[java.lang.Throwable],cause,3
C:\halo-main\application\src\main\java\run\halo\app\infra\exception\NotFoundException.java,run.halo.app.infra.exception.NotFoundException,NotFoundException/1[java.lang.String],reason,1
C:\halo-main\application\src\main\java\run\halo\app\security\authorization\RuleAccumulator.java,run.halo.app.security.authorization.RuleAccumulator,"visit/3[java.lang.String,Role.PolicyRule,java.lang.Throwable]",err,0
C:\halo-main\application\src\main\java\run\halo\app\security\authorization\RuleAccumulator.java,run.halo.app.security.authorization.RuleAccumulator,"visit/3[java.lang.String,Role.PolicyRule,java.lang.Throwable]",rule,0
C:\halo-main\application\src\main\java\run\halo\app\security\authorization\RuleAccumulator.java,run.halo.app.security.authorization.RuleAccumulator,"visit/3[java.lang.String,Role.PolicyRule,java.lang.Throwable]",source,0
C:\halo-main\application\src\main\java\run\halo\app\console\ConsoleProxyFilter.java,run.halo.app.console.ConsoleProxyFilter,ConsoleProxyFilter/1[run.halo.app.infra.properties.HaloProperties],consoleMatcher,6
C:\halo-main\application\src\main\java\run\halo\app\console\ConsoleProxyFilter.java,run.halo.app.console.ConsoleProxyFilter,ConsoleProxyFilter/1[run.halo.app.infra.properties.HaloProperties],haloProperties,1
C:\halo-main\application\src\main\java\run\halo\app\console\ConsoleProxyFilter.java,run.halo.app.console.ConsoleProxyFilter,"filter/2[run.halo.app.console.ServerWebExchange,run.halo.app.console.WebFilterChain]",request,2
C:\halo-main\application\src\main\java\run\halo\app\console\ConsoleProxyFilter.java,run.halo.app.console.ConsoleProxyFilter,"filter/2[run.halo.app.console.ServerWebExchange,run.halo.app.console.WebFilterChain]",chain,1
C:\halo-main\application\src\main\java\run\halo\app\console\ConsoleProxyFilter.java,run.halo.app.console.ConsoleProxyFilter,"filter/2[run.halo.app.console.ServerWebExchange,run.halo.app.console.WebFilterChain]",response,3
C:\halo-main\application\src\main\java\run\halo\app\console\ConsoleProxyFilter.java,run.halo.app.console.ConsoleProxyFilter,"filter/2[run.halo.app.console.ServerWebExchange,run.halo.app.console.WebFilterChain]",matchResult,0
C:\halo-main\application\src\main\java\run\halo\app\console\ConsoleProxyFilter.java,run.halo.app.console.ConsoleProxyFilter,"filter/2[run.halo.app.console.ServerWebExchange,run.halo.app.console.WebFilterChain]",clientResponse,4
C:\halo-main\application\src\main\java\run\halo\app\console\ConsoleProxyFilter.java,run.halo.app.console.ConsoleProxyFilter,"filter/2[run.halo.app.console.ServerWebExchange,run.halo.app.console.WebFilterChain]",exchange,6
C:\halo-main\application\src\main\java\run\halo\app\console\ConsoleProxyFilter.java,run.halo.app.console.ConsoleProxyFilter,"filter/2[run.halo.app.console.ServerWebExchange,run.halo.app.console.WebFilterChain]",httpHeaders,1
C:\halo-main\application\src\main\java\run\halo\app\console\ConsoleProxyFilter.java,run.halo.app.console.ConsoleProxyFilter,"filter/2[run.halo.app.console.ServerWebExchange,run.halo.app.console.WebFilterChain]",body,2
C:\halo-main\application\src\main\java\run\halo\app\console\ConsoleProxyFilter.java,run.halo.app.console.ConsoleProxyFilter,"filter/2[run.halo.app.console.ServerWebExchange,run.halo.app.console.WebFilterChain]",uri,4
C:\halo-main\application\src\main\java\run\halo\app\infra\SystemConfigurableEnvironmentFetcher.java,run.halo.app.infra.SystemConfigurableEnvironmentFetcher,"SystemConfigurableEnvironmentFetcher/2[run.halo.app.infra.ReactiveExtensionClient,run.halo.app.infra.ConversionService]",extensionClient,2
C:\halo-main\application\src\main\java\run\halo\app\infra\SystemConfigurableEnvironmentFetcher.java,run.halo.app.infra.SystemConfigurableEnvironmentFetcher,"SystemConfigurableEnvironmentFetcher/2[run.halo.app.infra.ReactiveExtensionClient,run.halo.app.infra.ConversionService]",conversionService,2
C:\halo-main\application\src\main\java\run\halo\app\infra\SystemConfigurableEnvironmentFetcher.java,run.halo.app.infra.SystemConfigurableEnvironmentFetcher,getConfigMap/0,systemDefault,2
C:\halo-main\application\src\main\java\run\halo\app\infra\SystemConfigurableEnvironmentFetcher.java,run.halo.app.infra.SystemConfigurableEnvironmentFetcher,getConfigMap/0,mergedData,1
C:\halo-main\application\src\main\java\run\halo\app\infra\SystemConfigurableEnvironmentFetcher.java,run.halo.app.infra.SystemConfigurableEnvironmentFetcher,getConfigMap/0,mapMono,2
C:\halo-main\application\src\main\java\run\halo\app\infra\SystemConfigurableEnvironmentFetcher.java,run.halo.app.infra.SystemConfigurableEnvironmentFetcher,getConfigMap/0,system,3
C:\halo-main\application\src\main\java\run\halo\app\infra\SystemConfigurableEnvironmentFetcher.java,run.halo.app.infra.SystemConfigurableEnvironmentFetcher,getConfigMap/0,data,1
C:\halo-main\application\src\main\java\run\halo\app\infra\SystemConfigurableEnvironmentFetcher.java,run.halo.app.infra.SystemConfigurableEnvironmentFetcher,getConfigMap/0,defaultData,1
C:\halo-main\application\src\main\java\run\halo\app\infra\SystemConfigurableEnvironmentFetcher.java,run.halo.app.infra.SystemConfigurableEnvironmentFetcher,nullSafeToJsonNode/1[java.lang.String],json,2
C:\halo-main\application\src\main\java\run\halo\app\infra\SystemConfigurableEnvironmentFetcher.java,run.halo.app.infra.SystemConfigurableEnvironmentFetcher,getValuesInternal/0,configMap,1
C:\halo-main\application\src\main\java\run\halo\app\infra\SystemConfigurableEnvironmentFetcher.java,run.halo.app.infra.SystemConfigurableEnvironmentFetcher,"fetch/2[java.lang.String,java.lang.Class<T>]",stringValue,2
C:\halo-main\application\src\main\java\run\halo\app\infra\SystemConfigurableEnvironmentFetcher.java,run.halo.app.infra.SystemConfigurableEnvironmentFetcher,"fetch/2[java.lang.String,java.lang.Class<T>]",type,3
C:\halo-main\application\src\main\java\run\halo\app\infra\SystemConfigurableEnvironmentFetcher.java,run.halo.app.infra.SystemConfigurableEnvironmentFetcher,"fetch/2[java.lang.String,java.lang.Class<T>]",map,4
C:\halo-main\application\src\main\java\run\halo\app\infra\SystemConfigurableEnvironmentFetcher.java,run.halo.app.infra.SystemConfigurableEnvironmentFetcher,"fetch/2[java.lang.String,java.lang.Class<T>]",key,2
C:\halo-main\application\src\main\java\run\halo\app\infra\SystemConfigurableEnvironmentFetcher.java,run.halo.app.infra.SystemConfigurableEnvironmentFetcher,"mergeData/2[java.util.Map<java.lang.String,java.lang.String>,java.util.Map<java.lang.String,java.lang.String>]",newValue,5
C:\halo-main\application\src\main\java\run\halo\app\infra\SystemConfigurableEnvironmentFetcher.java,run.halo.app.infra.SystemConfigurableEnvironmentFetcher,"mergeData/2[java.util.Map<java.lang.String,java.lang.String>,java.util.Map<java.lang.String,java.lang.String>]",defaultV,2
C:\halo-main\application\src\main\java\run\halo\app\infra\SystemConfigurableEnvironmentFetcher.java,run.halo.app.infra.SystemConfigurableEnvironmentFetcher,"mergeData/2[java.util.Map<java.lang.String,java.lang.String>,java.util.Map<java.lang.String,java.lang.String>]",data,3
C:\halo-main\application\src\main\java\run\halo\app\infra\SystemConfigurableEnvironmentFetcher.java,run.halo.app.infra.SystemConfigurableEnvironmentFetcher,"mergeData/2[java.util.Map<java.lang.String,java.lang.String>,java.util.Map<java.lang.String,java.lang.String>]",defaultData,3
C:\halo-main\application\src\main\java\run\halo\app\infra\SystemConfigurableEnvironmentFetcher.java,run.halo.app.infra.SystemConfigurableEnvironmentFetcher,"mergeData/2[java.util.Map<java.lang.String,java.lang.String>,java.util.Map<java.lang.String,java.lang.String>]",dataValue,2
C:\halo-main\application\src\main\java\run\halo\app\infra\SystemConfigurableEnvironmentFetcher.java,run.halo.app.infra.SystemConfigurableEnvironmentFetcher,"mergeData/2[java.util.Map<java.lang.String,java.lang.String>,java.util.Map<java.lang.String,java.lang.String>]",copiedDefault,5
C:\halo-main\application\src\main\java\run\halo\app\infra\SystemConfigurableEnvironmentFetcher.java,run.halo.app.infra.SystemConfigurableEnvironmentFetcher,"mergeData/2[java.util.Map<java.lang.String,java.lang.String>,java.util.Map<java.lang.String,java.lang.String>]",group,4
C:\halo-main\application\src\main\java\run\halo\app\infra\SystemConfigurableEnvironmentFetcher.java,run.halo.app.infra.SystemConfigurableEnvironmentFetcher,"mergeRemappingFunction/2[java.lang.String,java.lang.String]",jsonMergePatch,1
C:\halo-main\application\src\main\java\run\halo\app\infra\SystemConfigurableEnvironmentFetcher.java,run.halo.app.infra.SystemConfigurableEnvironmentFetcher,"mergeRemappingFunction/2[java.lang.String,java.lang.String]",dataV,1
C:\halo-main\application\src\main\java\run\halo\app\infra\SystemConfigurableEnvironmentFetcher.java,run.halo.app.infra.SystemConfigurableEnvironmentFetcher,"mergeRemappingFunction/2[java.lang.String,java.lang.String]",defaultV,1
C:\halo-main\application\src\main\java\run\halo\app\infra\SystemConfigurableEnvironmentFetcher.java,run.halo.app.infra.SystemConfigurableEnvironmentFetcher,"mergeRemappingFunction/2[java.lang.String,java.lang.String]",e,1
C:\halo-main\application\src\main\java\run\halo\app\infra\SystemConfigurableEnvironmentFetcher.java,run.halo.app.infra.SystemConfigurableEnvironmentFetcher,"mergeRemappingFunction/2[java.lang.String,java.lang.String]",patchedNode,1
C:\halo-main\application\src\main\java\run\halo\app\infra\SystemConfigurableEnvironmentFetcher.java,run.halo.app.infra.SystemConfigurableEnvironmentFetcher,"mergeRemappingFunction/2[java.lang.String,java.lang.String]",dataJsonValue,1
C:\halo-main\application\src\main\java\run\halo\app\infra\SystemConfigurableEnvironmentFetcher.java,run.halo.app.infra.SystemConfigurableEnvironmentFetcher,"mergeRemappingFunction/2[java.lang.String,java.lang.String]",defaultJsonValue,1
C:\halo-main\application\src\main\java\run\halo\app\infra\exception\handlers\HaloErrorWebExceptionHandler.java,run.halo.app.infra.exception.handlers.HaloErrorWebExceptionHandler,renderErrorResponse/1[run.halo.app.infra.exception.handlers.ServerRequest],request,2
C:\halo-main\application\src\main\java\run\halo\app\infra\exception\handlers\HaloErrorWebExceptionHandler.java,run.halo.app.infra.exception.handlers.HaloErrorWebExceptionHandler,renderErrorResponse/1[run.halo.app.infra.exception.handlers.ServerRequest],errorAttributes,2
C:\halo-main\application\src\main\java\run\halo\app\infra\exception\handlers\HaloErrorWebExceptionHandler.java,run.halo.app.infra.exception.handlers.HaloErrorWebExceptionHandler,"HaloErrorWebExceptionHandler/4[run.halo.app.infra.exception.handlers.ErrorAttributes,WebProperties.Resources,run.halo.app.infra.exception.handlers.ErrorProperties,run.halo.app.infra.exception.handlers.ApplicationContext]",errorProperties,1
C:\halo-main\application\src\main\java\run\halo\app\infra\exception\handlers\HaloErrorWebExceptionHandler.java,run.halo.app.infra.exception.handlers.HaloErrorWebExceptionHandler,"HaloErrorWebExceptionHandler/4[run.halo.app.infra.exception.handlers.ErrorAttributes,WebProperties.Resources,run.halo.app.infra.exception.handlers.ErrorProperties,run.halo.app.infra.exception.handlers.ApplicationContext]",errorAttributes,1
C:\halo-main\application\src\main\java\run\halo\app\infra\exception\handlers\HaloErrorWebExceptionHandler.java,run.halo.app.infra.exception.handlers.HaloErrorWebExceptionHandler,"HaloErrorWebExceptionHandler/4[run.halo.app.infra.exception.handlers.ErrorAttributes,WebProperties.Resources,run.halo.app.infra.exception.handlers.ErrorProperties,run.halo.app.infra.exception.handlers.ApplicationContext]",applicationContext,3
C:\halo-main\application\src\main\java\run\halo\app\infra\exception\handlers\HaloErrorWebExceptionHandler.java,run.halo.app.infra.exception.handlers.HaloErrorWebExceptionHandler,"HaloErrorWebExceptionHandler/4[run.halo.app.infra.exception.handlers.ErrorAttributes,WebProperties.Resources,run.halo.app.infra.exception.handlers.ErrorProperties,run.halo.app.infra.exception.handlers.ApplicationContext]",resources,1
C:\halo-main\application\src\main\java\run\halo\app\infra\exception\handlers\HaloErrorWebExceptionHandler.java,run.halo.app.infra.exception.handlers.HaloErrorWebExceptionHandler,"getHttpStatus/1[java.util.Map<java.lang.String,java.lang.Object>]",problemDetail,1
C:\halo-main\application\src\main\java\run\halo\app\infra\exception\handlers\HaloErrorWebExceptionHandler.java,run.halo.app.infra.exception.handlers.HaloErrorWebExceptionHandler,"getHttpStatus/1[java.util.Map<java.lang.String,java.lang.Object>]",errorAttributes,1
C:\halo-main\application\src\main\java\run\halo\app\infra\exception\handlers\HaloErrorWebExceptionHandler.java,run.halo.app.infra.exception.handlers.HaloErrorWebExceptionHandler,renderErrorView/1[run.halo.app.infra.exception.handlers.ServerRequest],request,2
C:\halo-main\application\src\main\java\run\halo\app\infra\exception\handlers\HaloErrorWebExceptionHandler.java,run.halo.app.infra.exception.handlers.HaloErrorWebExceptionHandler,renderErrorView/1[run.halo.app.infra.exception.handlers.ServerRequest],themeContext,1
C:\halo-main\application\src\main\java\run\halo\app\infra\exception\handlers\HaloErrorWebExceptionHandler.java,run.halo.app.infra.exception.handlers.HaloErrorWebExceptionHandler,"renderErrorView/3[java.lang.String,ServerResponse.BodyBuilder,java.util.Map<java.lang.String,java.lang.Object>]",responseBody,2
C:\halo-main\application\src\main\java\run\halo\app\infra\exception\handlers\HaloErrorWebExceptionHandler.java,run.halo.app.infra.exception.handlers.HaloErrorWebExceptionHandler,"renderErrorView/3[java.lang.String,ServerResponse.BodyBuilder,java.util.Map<java.lang.String,java.lang.Object>]",viewName,3
C:\halo-main\application\src\main\java\run\halo\app\infra\exception\handlers\HaloErrorWebExceptionHandler.java,run.halo.app.infra.exception.handlers.HaloErrorWebExceptionHandler,"renderErrorView/3[java.lang.String,ServerResponse.BodyBuilder,java.util.Map<java.lang.String,java.lang.Object>]",contextView,1
C:\halo-main\application\src\main\java\run\halo\app\infra\exception\handlers\HaloErrorWebExceptionHandler.java,run.halo.app.infra.exception.handlers.HaloErrorWebExceptionHandler,"renderErrorView/3[java.lang.String,ServerResponse.BodyBuilder,java.util.Map<java.lang.String,java.lang.Object>]",error,2
C:\halo-main\application\src\main\java\run\halo\app\infra\exception\handlers\HaloErrorWebExceptionHandler.java,run.halo.app.infra.exception.handlers.HaloErrorWebExceptionHandler,"renderErrorView/3[java.lang.String,ServerResponse.BodyBuilder,java.util.Map<java.lang.String,java.lang.Object>]",themeContext,2
C:\halo-main\application\src\main\java\run\halo\app\plugin\resources\ReverseProxyRouterFunctionFactory.java,run.halo.app.plugin.resources.ReverseProxyRouterFunctionFactory,getResourceLoader/1[java.lang.String],registry,2
C:\halo-main\application\src\main\java\run\halo\app\plugin\resources\ReverseProxyRouterFunctionFactory.java,run.halo.app.plugin.resources.ReverseProxyRouterFunctionFactory,getResourceLoader/1[java.lang.String],pluginName,5
C:\halo-main\application\src\main\java\run\halo\app\plugin\resources\ReverseProxyRouterFunctionFactory.java,run.halo.app.plugin.resources.ReverseProxyRouterFunctionFactory,getResourceLoader/1[java.lang.String],resourceLoader,2
C:\halo-main\application\src\main\java\run\halo\app\plugin\resources\ReverseProxyRouterFunctionFactory.java,run.halo.app.plugin.resources.ReverseProxyRouterFunctionFactory,"buildRoutePath/2[java.lang.String,run.halo.app.plugin.resources.ReverseProxyRule]",pluginId,1
C:\halo-main\application\src\main\java\run\halo\app\plugin\resources\ReverseProxyRouterFunctionFactory.java,run.halo.app.plugin.resources.ReverseProxyRouterFunctionFactory,"buildRoutePath/2[java.lang.String,run.halo.app.plugin.resources.ReverseProxyRule]",reverseProxyRule,1
C:\halo-main\application\src\main\java\run\halo\app\plugin\resources\ReverseProxyRouterFunctionFactory.java,run.halo.app.plugin.resources.ReverseProxyRouterFunctionFactory,nullSafePluginName/1[java.lang.String],pluginName,2
C:\halo-main\application\src\main\java\run\halo\app\plugin\resources\ReverseProxyRouterFunctionFactory.java,run.halo.app.plugin.resources.ReverseProxyRouterFunctionFactory,getReverseProxyRules/1[run.halo.app.plugin.resources.ReverseProxy],reverseProxy,1
C:\halo-main\application\src\main\java\run\halo\app\plugin\resources\ReverseProxyRouterFunctionFactory.java,run.halo.app.plugin.resources.ReverseProxyRouterFunctionFactory,"createReverseProxyRouterFunction/2[run.halo.app.plugin.resources.ReverseProxy,java.lang.String]",request,1
C:\halo-main\application\src\main\java\run\halo\app\plugin\resources\ReverseProxyRouterFunctionFactory.java,run.halo.app.plugin.resources.ReverseProxyRouterFunctionFactory,"createReverseProxyRouterFunction/2[run.halo.app.plugin.resources.ReverseProxy,java.lang.String]",routePath,2
C:\halo-main\application\src\main\java\run\halo\app\plugin\resources\ReverseProxyRouterFunctionFactory.java,run.halo.app.plugin.resources.ReverseProxyRouterFunctionFactory,"createReverseProxyRouterFunction/2[run.halo.app.plugin.resources.ReverseProxy,java.lang.String]",reverseProxy,2
C:\halo-main\application\src\main\java\run\halo\app\plugin\resources\ReverseProxyRouterFunctionFactory.java,run.halo.app.plugin.resources.ReverseProxyRouterFunctionFactory,"createReverseProxyRouterFunction/2[run.halo.app.plugin.resources.ReverseProxy,java.lang.String]",pluginName,3
C:\halo-main\application\src\main\java\run\halo\app\plugin\resources\ReverseProxyRouterFunctionFactory.java,run.halo.app.plugin.resources.ReverseProxyRouterFunctionFactory,"createReverseProxyRouterFunction/2[run.halo.app.plugin.resources.ReverseProxy,java.lang.String]",resource,2
C:\halo-main\application\src\main\java\run\halo\app\plugin\resources\ReverseProxyRouterFunctionFactory.java,run.halo.app.plugin.resources.ReverseProxyRouterFunctionFactory,"createReverseProxyRouterFunction/2[run.halo.app.plugin.resources.ReverseProxy,java.lang.String]",rule,2
C:\halo-main\application\src\main\java\run\halo\app\plugin\resources\ReverseProxyRouterFunctionFactory.java,run.halo.app.plugin.resources.ReverseProxyRouterFunctionFactory,"createReverseProxyRouterFunction/2[run.halo.app.plugin.resources.ReverseProxy,java.lang.String]",rules,1
C:\halo-main\application\src\main\java\run\halo\app\plugin\resources\ReverseProxyRouterFunctionFactory.java,run.halo.app.plugin.resources.ReverseProxyRouterFunctionFactory,"loadResourceByFileRule/3[java.lang.String,run.halo.app.plugin.resources.ReverseProxyRule,run.halo.app.plugin.resources.ServerRequest]",pathContainer,1
C:\halo-main\application\src\main\java\run\halo\app\plugin\resources\ReverseProxyRouterFunctionFactory.java,run.halo.app.plugin.resources.ReverseProxyRouterFunctionFactory,"loadResourceByFileRule/3[java.lang.String,run.halo.app.plugin.resources.ReverseProxyRule,run.halo.app.plugin.resources.ServerRequest]",request,1
C:\halo-main\application\src\main\java\run\halo\app\plugin\resources\ReverseProxyRouterFunctionFactory.java,run.halo.app.plugin.resources.ReverseProxyRouterFunctionFactory,"loadResourceByFileRule/3[java.lang.String,run.halo.app.plugin.resources.ReverseProxyRule,run.halo.app.plugin.resources.ServerRequest]",routePath,1
C:\halo-main\application\src\main\java\run\halo\app\plugin\resources\ReverseProxyRouterFunctionFactory.java,run.halo.app.plugin.resources.ReverseProxyRouterFunctionFactory,"loadResourceByFileRule/3[java.lang.String,run.halo.app.plugin.resources.ReverseProxyRule,run.halo.app.plugin.resources.ServerRequest]",file,3
C:\halo-main\application\src\main\java\run\halo\app\plugin\resources\ReverseProxyRouterFunctionFactory.java,run.halo.app.plugin.resources.ReverseProxyRouterFunctionFactory,"loadResourceByFileRule/3[java.lang.String,run.halo.app.plugin.resources.ReverseProxyRule,run.halo.app.plugin.resources.ServerRequest]",filename,4
C:\halo-main\application\src\main\java\run\halo\app\plugin\resources\ReverseProxyRouterFunctionFactory.java,run.halo.app.plugin.resources.ReverseProxyRouterFunctionFactory,"loadResourceByFileRule/3[java.lang.String,run.halo.app.plugin.resources.ReverseProxyRule,run.halo.app.plugin.resources.ServerRequest]",configuredFilename,2
C:\halo-main\application\src\main\java\run\halo\app\plugin\resources\ReverseProxyRouterFunctionFactory.java,run.halo.app.plugin.resources.ReverseProxyRouterFunctionFactory,"loadResourceByFileRule/3[java.lang.String,run.halo.app.plugin.resources.ReverseProxyRule,run.halo.app.plugin.resources.ServerRequest]",pluginName,2
C:\halo-main\application\src\main\java\run\halo\app\plugin\resources\ReverseProxyRouterFunctionFactory.java,run.halo.app.plugin.resources.ReverseProxyRouterFunctionFactory,"loadResourceByFileRule/3[java.lang.String,run.halo.app.plugin.resources.ReverseProxyRule,run.halo.app.plugin.resources.ServerRequest]",filePath,1
C:\halo-main\application\src\main\java\run\halo\app\plugin\resources\ReverseProxyRouterFunctionFactory.java,run.halo.app.plugin.resources.ReverseProxyRouterFunctionFactory,"loadResourceByFileRule/3[java.lang.String,run.halo.app.plugin.resources.ReverseProxyRule,run.halo.app.plugin.resources.ServerRequest]",rule,3
C:\halo-main\application\src\main\java\run\halo\app\plugin\resources\ReverseProxyRouterFunctionFactory.java,run.halo.app.plugin.resources.ReverseProxyRouterFunctionFactory,"loadResourceByFileRule/3[java.lang.String,run.halo.app.plugin.resources.ReverseProxyRule,run.halo.app.plugin.resources.ServerRequest]",directory,2
C:\halo-main\application\src\main\java\run\halo\app\plugin\resources\ReverseProxyRouterFunctionFactory.java,run.halo.app.plugin.resources.ReverseProxyRouterFunctionFactory,"create/2[run.halo.app.plugin.resources.ReverseProxy,java.lang.String]",reverseProxy,1
C:\halo-main\application\src\main\java\run\halo\app\plugin\resources\ReverseProxyRouterFunctionFactory.java,run.halo.app.plugin.resources.ReverseProxyRouterFunctionFactory,"create/2[run.halo.app.plugin.resources.ReverseProxy,java.lang.String]",pluginName,1
C:\halo-main\application\src\main\java\run\halo\app\core\extension\reconciler\ThemeReconciler.java,run.halo.app.core.extension.reconciler.ThemeReconciler,reconcileStatus/1[java.lang.String],oldStatus,1
C:\halo-main\application\src\main\java\run\halo\app\core\extension\reconciler\ThemeReconciler.java,run.halo.app.core.extension.reconciler.ThemeReconciler,reconcileStatus/1[java.lang.String],name,4
C:\halo-main\application\src\main\java\run\halo\app\core\extension\reconciler\ThemeReconciler.java,run.halo.app.core.extension.reconciler.ThemeReconciler,reconcileStatus/1[java.lang.String],themePath,1
C:\halo-main\application\src\main\java\run\halo\app\core\extension\reconciler\ThemeReconciler.java,run.halo.app.core.extension.reconciler.ThemeReconciler,reconcileStatus/1[java.lang.String],theme,6
C:\halo-main\application\src\main\java\run\halo\app\core\extension\reconciler\ThemeReconciler.java,run.halo.app.core.extension.reconciler.ThemeReconciler,reconcileStatus/1[java.lang.String],normalVersion,2
C:\halo-main\application\src\main\java\run\halo\app\core\extension\reconciler\ThemeReconciler.java,run.halo.app.core.extension.reconciler.ThemeReconciler,reconcileStatus/1[java.lang.String],conditionBuilder,2
C:\halo-main\application\src\main\java\run\halo\app\core\extension\reconciler\ThemeReconciler.java,run.halo.app.core.extension.reconciler.ThemeReconciler,reconcileStatus/1[java.lang.String],status,8
C:\halo-main\application\src\main\java\run\halo\app\core\extension\reconciler\ThemeReconciler.java,run.halo.app.core.extension.reconciler.ThemeReconciler,reconcileStatus/1[java.lang.String],requires,2
C:\halo-main\application\src\main\java\run\halo\app\core\extension\reconciler\ThemeReconciler.java,run.halo.app.core.extension.reconciler.ThemeReconciler,deleteThemeFiles/1[run.halo.app.core.extension.reconciler.Theme],e,1
C:\halo-main\application\src\main\java\run\halo\app\core\extension\reconciler\ThemeReconciler.java,run.halo.app.core.extension.reconciler.ThemeReconciler,deleteThemeFiles/1[run.halo.app.core.extension.reconciler.Theme],theme,1
C:\halo-main\application\src\main\java\run\halo\app\core\extension\reconciler\ThemeReconciler.java,run.halo.app.core.extension.reconciler.ThemeReconciler,deleteThemeFiles/1[run.halo.app.core.extension.reconciler.Theme],themeDir,1
C:\halo-main\application\src\main\java\run\halo\app\core\extension\reconciler\ThemeReconciler.java,run.halo.app.core.extension.reconciler.ThemeReconciler,listAnnotationSettingsByThemeName/1[java.lang.String],annotationSetting,1
C:\halo-main\application\src\main\java\run\halo\app\core\extension\reconciler\ThemeReconciler.java,run.halo.app.core.extension.reconciler.ThemeReconciler,listAnnotationSettingsByThemeName/1[java.lang.String],themeName,1
C:\halo-main\application\src\main\java\run\halo\app\core\extension\reconciler\ThemeReconciler.java,run.halo.app.core.extension.reconciler.ThemeReconciler,listAnnotationSettingsByThemeName/1[java.lang.String],labels,1
C:\halo-main\application\src\main\java\run\halo\app\core\extension\reconciler\ThemeReconciler.java,run.halo.app.core.extension.reconciler.ThemeReconciler,"ThemeReconciler/3[run.halo.app.core.extension.reconciler.ExtensionClient,run.halo.app.infra.properties.HaloProperties,run.halo.app.core.extension.reconciler.SystemVersionSupplier]",haloProperties,1
C:\halo-main\application\src\main\java\run\halo\app\core\extension\reconciler\ThemeReconciler.java,run.halo.app.core.extension.reconciler.ThemeReconciler,"ThemeReconciler/3[run.halo.app.core.extension.reconciler.ExtensionClient,run.halo.app.infra.properties.HaloProperties,run.halo.app.core.extension.reconciler.SystemVersionSupplier]",client,2
C:\halo-main\application\src\main\java\run\halo\app\core\extension\reconciler\ThemeReconciler.java,run.halo.app.core.extension.reconciler.ThemeReconciler,"ThemeReconciler/3[run.halo.app.core.extension.reconciler.ExtensionClient,run.halo.app.infra.properties.HaloProperties,run.halo.app.core.extension.reconciler.SystemVersionSupplier]",systemVersionSupplier,2
C:\halo-main\application\src\main\java\run\halo\app\core\extension\reconciler\ThemeReconciler.java,run.halo.app.core.extension.reconciler.ThemeReconciler,setupWith/1[run.halo.app.core.extension.reconciler.ControllerBuilder],builder,1
C:\halo-main\application\src\main\java\run\halo\app\core\extension\reconciler\ThemeReconciler.java,run.halo.app.core.extension.reconciler.ThemeReconciler,deleteAnnotationSettings/1[java.lang.String],result,1
C:\halo-main\application\src\main\java\run\halo\app\core\extension\reconciler\ThemeReconciler.java,run.halo.app.core.extension.reconciler.ThemeReconciler,deleteAnnotationSettings/1[java.lang.String],annotationSettings,1
C:\halo-main\application\src\main\java\run\halo\app\core\extension\reconciler\ThemeReconciler.java,run.halo.app.core.extension.reconciler.ThemeReconciler,deleteAnnotationSettings/1[java.lang.String],annotationSetting,1
C:\halo-main\application\src\main\java\run\halo\app\core\extension\reconciler\ThemeReconciler.java,run.halo.app.core.extension.reconciler.ThemeReconciler,deleteAnnotationSettings/1[java.lang.String],themeName,2
C:\halo-main\application\src\main\java\run\halo\app\core\extension\reconciler\ThemeReconciler.java,run.halo.app.core.extension.reconciler.ThemeReconciler,deleteAnnotationSettings/1[java.lang.String],callback,0
C:\halo-main\application\src\main\java\run\halo\app\core\extension\reconciler\ThemeReconciler.java,run.halo.app.core.extension.reconciler.ThemeReconciler,cleanUpResourcesAndRemoveFinalizer/1[java.lang.String],themeName,1
C:\halo-main\application\src\main\java\run\halo\app\core\extension\reconciler\ThemeReconciler.java,run.halo.app.core.extension.reconciler.ThemeReconciler,cleanUpResourcesAndRemoveFinalizer/1[java.lang.String],theme,4
C:\halo-main\application\src\main\java\run\halo\app\core\extension\reconciler\ThemeReconciler.java,run.halo.app.core.extension.reconciler.ThemeReconciler,themeSettingDefaultConfig/1[run.halo.app.core.extension.reconciler.Theme],configMapNameToUse,1
C:\halo-main\application\src\main\java\run\halo\app\core\extension\reconciler\ThemeReconciler.java,run.halo.app.core.extension.reconciler.ThemeReconciler,themeSettingDefaultConfig/1[run.halo.app.core.extension.reconciler.Theme],theme,4
C:\halo-main\application\src\main\java\run\halo\app\core\extension\reconciler\ThemeReconciler.java,run.halo.app.core.extension.reconciler.ThemeReconciler,themeSettingDefaultConfig/1[run.halo.app.core.extension.reconciler.Theme],newConfigMapName,2
C:\halo-main\application\src\main\java\run\halo\app\core\extension\reconciler\ThemeReconciler.java,run.halo.app.core.extension.reconciler.ThemeReconciler,themeSettingDefaultConfig/1[run.halo.app.core.extension.reconciler.Theme],oldTheme,1
C:\halo-main\application\src\main\java\run\halo\app\core\extension\reconciler\ThemeReconciler.java,run.halo.app.core.extension.reconciler.ThemeReconciler,themeSettingDefaultConfig/1[run.halo.app.core.extension.reconciler.Theme],themeToUse,4
C:\halo-main\application\src\main\java\run\halo\app\core\extension\reconciler\ThemeReconciler.java,run.halo.app.core.extension.reconciler.ThemeReconciler,themeSettingDefaultConfig/1[run.halo.app.core.extension.reconciler.Theme],userDefinedConfigMapName,2
C:\halo-main\application\src\main\java\run\halo\app\core\extension\reconciler\ThemeReconciler.java,run.halo.app.core.extension.reconciler.ThemeReconciler,reconcile/1[run.halo.app.core.extension.reconciler.Request],request,3
C:\halo-main\application\src\main\java\run\halo\app\core\extension\reconciler\ThemeReconciler.java,run.halo.app.core.extension.reconciler.ThemeReconciler,reconcile/1[run.halo.app.core.extension.reconciler.Request],theme,3
C:\halo-main\application\src\main\java\run\halo\app\core\extension\reconciler\ThemeReconciler.java,run.halo.app.core.extension.reconciler.ThemeReconciler,addFinalizerIfNecessary/1[run.halo.app.core.extension.reconciler.Theme],finalizers,2
C:\halo-main\application\src\main\java\run\halo\app\core\extension\reconciler\ThemeReconciler.java,run.halo.app.core.extension.reconciler.ThemeReconciler,addFinalizerIfNecessary/1[run.halo.app.core.extension.reconciler.Theme],oldTheme,2
C:\halo-main\application\src\main\java\run\halo\app\core\extension\reconciler\ThemeReconciler.java,run.halo.app.core.extension.reconciler.ThemeReconciler,addFinalizerIfNecessary/1[run.halo.app.core.extension.reconciler.Theme],theme,3
C:\halo-main\application\src\main\java\run\halo\app\core\extension\reconciler\ThemeReconciler.java,run.halo.app.core.extension.reconciler.ThemeReconciler,addFinalizerIfNecessary/1[run.halo.app.core.extension.reconciler.Theme],newFinalizers,4
C:\halo-main\application\src\main\java\run\halo\app\core\extension\reconciler\ThemeReconciler.java,run.halo.app.core.extension.reconciler.ThemeReconciler,reconcileThemeDeletion/1[run.halo.app.core.extension.reconciler.Theme],callback,0
C:\halo-main\application\src\main\java\run\halo\app\core\extension\reconciler\ThemeReconciler.java,run.halo.app.core.extension.reconciler.ThemeReconciler,reconcileThemeDeletion/1[run.halo.app.core.extension.reconciler.Theme],theme,3
C:\halo-main\application\src\main\java\run\halo\app\core\extension\reconciler\ThemeReconciler.java,run.halo.app.core.extension.reconciler.ThemeReconciler,reconcileThemeDeletion/1[run.halo.app.core.extension.reconciler.Theme],settingName,3
C:\halo-main\application\src\main\java\run\halo\app\core\extension\reconciler\ThemeReconciler.java,run.halo.app.core.extension.reconciler.ThemeReconciler,reconcileThemeDeletion/1[run.halo.app.core.extension.reconciler.Theme],setting,0
C:\halo-main\application\src\main\java\run\halo\app\core\extension\reconciler\ThemeReconciler.java,run.halo.app.core.extension.reconciler.ThemeReconciler,isDeleted/1[run.halo.app.core.extension.reconciler.Theme],theme,1
C:\halo-main\application\src\test\java\run\halo\app\infra\exception\handlers\I18nExceptionTest.java,run.halo.app.infra.exception.handlers.I18nExceptionTest,shouldGetErrorIfThrowingGeneralException/0,problemDetail,2
C:\halo-main\application\src\test\java\run\halo\app\infra\exception\handlers\I18nExceptionTest.java,run.halo.app.infra.exception.handlers.I18nExceptionTest,shouldGetErrorIfErrorResponseThrowWithMessageCodeAndLocaleIsChinese/0,problemDetail,2
C:\halo-main\application\src\test\java\run\halo\app\infra\exception\handlers\I18nExceptionTest.java,run.halo.app.infra.exception.handlers.I18nExceptionTest,shouldGetErrorIfErrorResponseThrowWithMessageCode/0,problemDetail,2
C:\halo-main\application\src\test\java\run\halo\app\infra\exception\handlers\I18nExceptionTest.java,run.halo.app.infra.exception.handlers.I18nExceptionTest,shouldGetErrorIfThrowingResponseStatusException/0,problemDetail,2
C:\halo-main\application\src\test\java\run\halo\app\infra\exception\handlers\I18nExceptionTest.java,run.halo.app.infra.exception.handlers.I18nExceptionTest,shouldGetErrorIfErrorResponseThrow/0,problemDetail,2
C:\halo-main\application\src\test\java\run\halo\app\core\extension\attachment\endpoint\AttachmentEndpointTest.java,run.halo.app.core.extension.attachment.endpoint.AttachmentEndpointTest$UploadTest,shouldResponseErrorIfPolicyNameIsMissing/0,builder,2
C:\halo-main\application\src\test\java\run\halo\app\core\extension\attachment\endpoint\AttachmentEndpointTest.java,run.halo.app.core.extension.attachment.endpoint.AttachmentEndpointTest$UploadTest,shouldUploadSuccessfully/0,handler,3
C:\halo-main\application\src\test\java\run\halo\app\core\extension\attachment\endpoint\AttachmentEndpointTest.java,run.halo.app.core.extension.attachment.endpoint.AttachmentEndpointTest$UploadTest,shouldUploadSuccessfully/0,metadata,2
C:\halo-main\application\src\test\java\run\halo\app\core\extension\attachment\endpoint\AttachmentEndpointTest.java,run.halo.app.core.extension.attachment.endpoint.AttachmentEndpointTest$UploadTest,shouldUploadSuccessfully/0,attachment,5
C:\halo-main\application\src\test\java\run\halo\app\core\extension\attachment\endpoint\AttachmentEndpointTest.java,run.halo.app.core.extension.attachment.endpoint.AttachmentEndpointTest$UploadTest,shouldUploadSuccessfully/0,policySpec,2
C:\halo-main\application\src\test\java\run\halo\app\core\extension\attachment\endpoint\AttachmentEndpointTest.java,run.halo.app.core.extension.attachment.endpoint.AttachmentEndpointTest$UploadTest,shouldUploadSuccessfully/0,cmMetadata,1
C:\halo-main\application\src\test\java\run\halo\app\core\extension\attachment\endpoint\AttachmentEndpointTest.java,run.halo.app.core.extension.attachment.endpoint.AttachmentEndpointTest$UploadTest,shouldUploadSuccessfully/0,builder,4
C:\halo-main\application\src\test\java\run\halo\app\core\extension\attachment\endpoint\AttachmentEndpointTest.java,run.halo.app.core.extension.attachment.endpoint.AttachmentEndpointTest$UploadTest,shouldUploadSuccessfully/0,cm,2
C:\halo-main\application\src\test\java\run\halo\app\core\extension\attachment\endpoint\AttachmentEndpointTest.java,run.halo.app.core.extension.attachment.endpoint.AttachmentEndpointTest$UploadTest,shouldUploadSuccessfully/0,policyMetadata,2
C:\halo-main\application\src\test\java\run\halo\app\core\extension\attachment\endpoint\AttachmentEndpointTest.java,run.halo.app.core.extension.attachment.endpoint.AttachmentEndpointTest$UploadTest,shouldUploadSuccessfully/0,policy,3
C:\halo-main\application\src\test\java\run\halo\app\core\extension\endpoint\PluginEndpointTest.java,run.halo.app.core.extension.endpoint.PluginEndpointTest$PluginListTest,shouldFilterPluginsWhenKeywordProvided/0,unexpectedPlugin1,1
C:\halo-main\application\src\test\java\run\halo\app\core\extension\endpoint\PluginEndpointTest.java,run.halo.app.core.extension.endpoint.PluginEndpointTest$PluginListTest,shouldFilterPluginsWhenKeywordProvided/0,predicate,3
C:\halo-main\application\src\test\java\run\halo\app\core\extension\endpoint\PluginEndpointTest.java,run.halo.app.core.extension.endpoint.PluginEndpointTest$PluginListTest,shouldFilterPluginsWhenKeywordProvided/0,expectPlugin,2
C:\halo-main\application\src\test\java\run\halo\app\core\extension\endpoint\PluginEndpointTest.java,run.halo.app.core.extension.endpoint.PluginEndpointTest$PluginListTest,shouldFilterPluginsWhenKeywordProvided/0,unexpectedPlugin2,1
C:\halo-main\application\src\test\java\run\halo\app\core\extension\endpoint\PluginEndpointTest.java,run.halo.app.core.extension.endpoint.PluginEndpointTest$PluginListTest,shouldFilterPluginsWhenKeywordProvided/0,expectResult,1
C:\halo-main\application\src\test\java\run\halo\app\core\extension\endpoint\PluginEndpointTest.java,run.halo.app.core.extension.endpoint.PluginEndpointTest$PluginListTest,shouldFilterPluginsWhenKeywordProvided/0,plugins,1
C:\halo-main\application\src\test\java\run\halo\app\core\extension\endpoint\PluginEndpointTest.java,run.halo.app.core.extension.endpoint.PluginEndpointTest$PluginListTest,shouldSortPluginsWhenCreationTimestampSet/0,comparator,1
C:\halo-main\application\src\test\java\run\halo\app\core\extension\endpoint\PluginEndpointTest.java,run.halo.app.core.extension.endpoint.PluginEndpointTest$PluginListTest,shouldSortPluginsWhenCreationTimestampSet/0,expectPlugin,1
C:\halo-main\application\src\test\java\run\halo\app\core\extension\endpoint\PluginEndpointTest.java,run.halo.app.core.extension.endpoint.PluginEndpointTest$PluginListTest,shouldSortPluginsWhenCreationTimestampSet/0,expectResult,1
C:\halo-main\application\src\test\java\run\halo\app\core\extension\endpoint\PluginEndpointTest.java,run.halo.app.core.extension.endpoint.PluginEndpointTest$PluginListTest,shouldSortPluginsWhenCreationTimestampSet/0,plugins,2
C:\halo-main\application\src\test\java\run\halo\app\core\extension\endpoint\PluginEndpointTest.java,run.halo.app.core.extension.endpoint.PluginEndpointTest$PluginListTest,shouldSortPluginsWhenCreationTimestampSet/0,now,7
C:\halo-main\application\src\test\java\run\halo\app\core\extension\endpoint\PluginEndpointTest.java,run.halo.app.core.extension.endpoint.PluginEndpointTest$PluginListTest,shouldListPluginsWhenPluginPresent/0,expectResult,1
C:\halo-main\application\src\test\java\run\halo\app\core\extension\endpoint\PluginEndpointTest.java,run.halo.app.core.extension.endpoint.PluginEndpointTest$PluginListTest,shouldListPluginsWhenPluginPresent/0,plugins,1
C:\halo-main\application\src\test\java\run\halo\app\core\extension\endpoint\PluginEndpointTest.java,run.halo.app.core.extension.endpoint.PluginEndpointTest$PluginListTest,shouldFilterPluginsWhenEnabledProvided/0,unexpectedPlugin1,1
C:\halo-main\application\src\test\java\run\halo\app\core\extension\endpoint\PluginEndpointTest.java,run.halo.app.core.extension.endpoint.PluginEndpointTest$PluginListTest,shouldFilterPluginsWhenEnabledProvided/0,predicate,3
C:\halo-main\application\src\test\java\run\halo\app\core\extension\endpoint\PluginEndpointTest.java,run.halo.app.core.extension.endpoint.PluginEndpointTest$PluginListTest,shouldFilterPluginsWhenEnabledProvided/0,expectPlugin,2
C:\halo-main\application\src\test\java\run\halo\app\core\extension\endpoint\PluginEndpointTest.java,run.halo.app.core.extension.endpoint.PluginEndpointTest$PluginListTest,shouldFilterPluginsWhenEnabledProvided/0,unexpectedPlugin2,1
C:\halo-main\application\src\test\java\run\halo\app\core\extension\endpoint\PluginEndpointTest.java,run.halo.app.core.extension.endpoint.PluginEndpointTest$PluginListTest,shouldFilterPluginsWhenEnabledProvided/0,expectResult,1
C:\halo-main\application\src\test\java\run\halo\app\core\extension\endpoint\PluginEndpointTest.java,run.halo.app.core.extension.endpoint.PluginEndpointTest$PluginListTest,shouldFilterPluginsWhenEnabledProvided/0,plugins,1
C:\halo-main\application\src\test\java\run\halo\app\theme\finders\impl\CategoryFinderImplTest.java,run.halo.app.theme.finders.impl.CategoryFinderImplTest,visualizeTree/1[java.util.List<run.halo.app.theme.finders.impl.CategoryTreeVo>],categoryTreeVos,2
C:\halo-main\application\src\test\java\run\halo\app\theme\finders\impl\CategoryFinderImplTest.java,run.halo.app.theme.finders.impl.CategoryFinderImplTest,visualizeTree/1[java.util.List<run.halo.app.theme.finders.impl.CategoryTreeVo>],stringBuilder,2
C:\halo-main\application\src\test\java\run\halo\app\theme\finders\impl\CategoryFinderImplTest.java,run.halo.app.theme.finders.impl.CategoryFinderImplTest,visualizeTree/1[java.util.List<run.halo.app.theme.finders.impl.CategoryTreeVo>],root,1
C:\halo-main\application\src\test\java\run\halo\app\theme\finders\impl\CategoryFinderImplTest.java,run.halo.app.theme.finders.impl.CategoryFinderImplTest,visualizeTree/1[java.util.List<run.halo.app.theme.finders.impl.CategoryTreeVo>],postCount,2
C:\halo-main\application\src\test\java\run\halo\app\theme\finders\impl\CategoryFinderImplTest.java,run.halo.app.theme.finders.impl.CategoryFinderImplTest,visualizeTree/1[java.util.List<run.halo.app.theme.finders.impl.CategoryTreeVo>],categorySpec,3
C:\halo-main\application\src\test\java\run\halo\app\theme\finders\impl\CategoryFinderImplTest.java,run.halo.app.theme.finders.impl.CategoryFinderImplTest,list/0,categoryVo,1
C:\halo-main\application\src\test\java\run\halo\app\theme\finders\impl\CategoryFinderImplTest.java,run.halo.app.theme.finders.impl.CategoryFinderImplTest,list/0,categories,2
C:\halo-main\application\src\test\java\run\halo\app\theme\finders\impl\CategoryFinderImplTest.java,run.halo.app.theme.finders.impl.CategoryFinderImplTest,list/0,list,3
C:\halo-main\application\src\test\java\run\halo\app\theme\finders\impl\CategoryFinderImplTest.java,run.halo.app.theme.finders.impl.CategoryFinderImplTest,listAsTreeMore/0,s,1
C:\halo-main\application\src\test\java\run\halo\app\theme\finders\impl\CategoryFinderImplTest.java,run.halo.app.theme.finders.impl.CategoryFinderImplTest,listAsTreeMore/0,treeVos,1
C:\halo-main\application\src\test\java\run\halo\app\theme\finders\impl\CategoryFinderImplTest.java,run.halo.app.theme.finders.impl.CategoryFinderImplTest,getByName/0,categoryVo,2
C:\halo-main\application\src\test\java\run\halo\app\theme\finders\impl\CategoryFinderImplTest.java,run.halo.app.theme.finders.impl.CategoryFinderImplTest,listAsTree/0,treeVos,1
C:\halo-main\application\src\test\java\run\halo\app\theme\finders\impl\CategoryFinderImplTest.java,run.halo.app.theme.finders.impl.CategoryFinderImplTest,listSubTreeByName/0,treeVos,4
C:\halo-main\application\src\test\java\run\halo\app\theme\finders\impl\CategoryFinderImplTest.java,run.halo.app.theme.finders.impl.CategoryFinderImplTest,categoriesForTree/0,a,3
C:\halo-main\application\src\test\java\run\halo\app\theme\finders\impl\CategoryFinderImplTest.java,run.halo.app.theme.finders.impl.CategoryFinderImplTest,categoriesForTree/0,b,3
C:\halo-main\application\src\test\java\run\halo\app\theme\finders\impl\CategoryFinderImplTest.java,run.halo.app.theme.finders.impl.CategoryFinderImplTest,categoriesForTree/0,c,3
C:\halo-main\application\src\test\java\run\halo\app\theme\finders\impl\CategoryFinderImplTest.java,run.halo.app.theme.finders.impl.CategoryFinderImplTest,categoriesForTree/0,d,3
C:\halo-main\application\src\test\java\run\halo\app\theme\finders\impl\CategoryFinderImplTest.java,run.halo.app.theme.finders.impl.CategoryFinderImplTest,categoriesForTree/0,e,3
C:\halo-main\application\src\test\java\run\halo\app\theme\finders\impl\CategoryFinderImplTest.java,run.halo.app.theme.finders.impl.CategoryFinderImplTest,categoriesForTree/0,f,3
C:\halo-main\application\src\test\java\run\halo\app\theme\finders\impl\CategoryFinderImplTest.java,run.halo.app.theme.finders.impl.CategoryFinderImplTest,categoriesForTree/0,g,3
C:\halo-main\application\src\test\java\run\halo\app\theme\finders\impl\CategoryFinderImplTest.java,run.halo.app.theme.finders.impl.CategoryFinderImplTest,categoriesForTree/0,h,3
C:\halo-main\application\src\test\java\run\halo\app\theme\finders\impl\CategoryFinderImplTest.java,run.halo.app.theme.finders.impl.CategoryFinderImplTest,categories/0,category2,3
C:\halo-main\application\src\test\java\run\halo\app\theme\finders\impl\CategoryFinderImplTest.java,run.halo.app.theme.finders.impl.CategoryFinderImplTest,categories/0,category3,4
C:\halo-main\application\src\test\java\run\halo\app\theme\finders\impl\CategoryFinderImplTest.java,run.halo.app.theme.finders.impl.CategoryFinderImplTest,category/0,metadata,4
C:\halo-main\application\src\test\java\run\halo\app\theme\finders\impl\CategoryFinderImplTest.java,run.halo.app.theme.finders.impl.CategoryFinderImplTest,category/0,category,3
C:\halo-main\application\src\test\java\run\halo\app\theme\finders\impl\CategoryFinderImplTest.java,run.halo.app.theme.finders.impl.CategoryFinderImplTest,category/0,categorySpec,8
C:\halo-main\application\src\test\java\run\halo\app\theme\finders\impl\CategoryFinderImplTest.java,run.halo.app.theme.finders.impl.CategoryFinderImplTest,moreCategories/0,s,1
C:\halo-main\application\src\main\java\run\halo\app\theme\router\PermalinkRuleChangedEvent.java,run.halo.app.theme.router.PermalinkRuleChangedEvent,"PermalinkRuleChangedEvent/4[java.lang.Object,run.halo.app.theme.DefaultTemplateEnum,java.lang.String,java.lang.String]",template,2
C:\halo-main\application\src\main\java\run\halo\app\theme\router\PermalinkRuleChangedEvent.java,run.halo.app.theme.router.PermalinkRuleChangedEvent,"PermalinkRuleChangedEvent/4[java.lang.Object,run.halo.app.theme.DefaultTemplateEnum,java.lang.String,java.lang.String]",oldRule,2
C:\halo-main\application\src\main\java\run\halo\app\theme\router\PermalinkRuleChangedEvent.java,run.halo.app.theme.router.PermalinkRuleChangedEvent,"PermalinkRuleChangedEvent/4[java.lang.Object,run.halo.app.theme.DefaultTemplateEnum,java.lang.String,java.lang.String]",rule,2
C:\halo-main\application\src\main\java\run\halo\app\theme\router\PermalinkRuleChangedEvent.java,run.halo.app.theme.router.PermalinkRuleChangedEvent,"PermalinkRuleChangedEvent/4[java.lang.Object,run.halo.app.theme.DefaultTemplateEnum,java.lang.String,java.lang.String]",source,1
C:\halo-main\application\src\main\java\run\halo\app\infra\utils\IpAddressUtils.java,run.halo.app.infra.utils.IpAddressUtils,getIpAddress/1[run.halo.app.infra.utils.ServerRequest],request,1
C:\halo-main\application\src\main\java\run\halo\app\infra\utils\IpAddressUtils.java,run.halo.app.infra.utils.IpAddressUtils,getIpAddress/1[run.halo.app.infra.utils.ServerRequest],e,0
C:\halo-main\application\src\main\java\run\halo\app\infra\utils\IpAddressUtils.java,run.halo.app.infra.utils.IpAddressUtils,getIpAddressInternal/1[run.halo.app.infra.utils.ServerRequest],request,2
C:\halo-main\application\src\main\java\run\halo\app\infra\utils\IpAddressUtils.java,run.halo.app.infra.utils.IpAddressUtils,getIpAddressInternal/1[run.halo.app.infra.utils.ServerRequest],xforwardedFor,25
C:\halo-main\application\src\main\java\run\halo\app\infra\utils\IpAddressUtils.java,run.halo.app.infra.utils.IpAddressUtils,getIpAddressInternal/1[run.halo.app.infra.utils.ServerRequest],index,2
C:\halo-main\application\src\main\java\run\halo\app\infra\utils\IpAddressUtils.java,run.halo.app.infra.utils.IpAddressUtils,getIpAddressInternal/1[run.halo.app.infra.utils.ServerRequest],httpHeaders,6
C:\halo-main\application\src\main\java\run\halo\app\infra\utils\IpAddressUtils.java,run.halo.app.infra.utils.IpAddressUtils,getIpAddressInternal/1[run.halo.app.infra.utils.ServerRequest],xrealIp,1
C:\halo-main\application\src\main\java\run\halo\app\infra\utils\IpAddressUtils.java,run.halo.app.infra.utils.IpAddressUtils,getIpAddressInternal/1[run.halo.app.infra.utils.ServerRequest],remoteAddress,1
C:\halo-main\application\src\main\java\run\halo\app\content\comment\CommentSorter.java,run.halo.app.content.comment.CommentSorter,lastReplyTimeComparator/0,comparatorFunc,1
C:\halo-main\application\src\main\java\run\halo\app\content\comment\CommentSorter.java,run.halo.app.content.comment.CommentSorter,lastReplyTimeComparator/0,lastReplyTime,1
C:\halo-main\application\src\main\java\run\halo\app\content\comment\CommentSorter.java,run.halo.app.content.comment.CommentSorter,lastReplyTimeComparator/0,comment,2
C:\halo-main\application\src\main\java\run\halo\app\content\comment\CommentSorter.java,run.halo.app.content.comment.CommentSorter,from/1[run.halo.app.content.comment.CommentSorter],comparatorFunc,5
C:\halo-main\application\src\main\java\run\halo\app\content\comment\CommentSorter.java,run.halo.app.content.comment.CommentSorter,from/1[run.halo.app.content.comment.CommentSorter],sorter,5
C:\halo-main\application\src\main\java\run\halo\app\content\comment\CommentSorter.java,run.halo.app.content.comment.CommentSorter,from/1[run.halo.app.content.comment.CommentSorter],comment,5
C:\halo-main\application\src\main\java\run\halo\app\content\comment\CommentSorter.java,run.halo.app.content.comment.CommentSorter,"from/2[run.halo.app.content.comment.CommentSorter,java.lang.Boolean]",sorter,2
C:\halo-main\application\src\main\java\run\halo\app\content\comment\CommentSorter.java,run.halo.app.content.comment.CommentSorter,"from/2[run.halo.app.content.comment.CommentSorter,java.lang.Boolean]",ascending,1
C:\halo-main\application\src\main\java\run\halo\app\content\comment\CommentSorter.java,run.halo.app.content.comment.CommentSorter,convertFrom/1[java.lang.String],sorter,2
C:\halo-main\application\src\main\java\run\halo\app\content\comment\CommentSorter.java,run.halo.app.content.comment.CommentSorter,convertFrom/1[java.lang.String],sort,1
C:\halo-main\application\src\main\java\run\halo\app\security\authentication\jwt\LoginAuthenticationFailureHandler.java,run.halo.app.security.authentication.jwt.LoginAuthenticationFailureHandler,LoginAuthenticationFailureHandler/1[ServerResponse.Context],context,2
C:\halo-main\application\src\main\java\run\halo\app\security\authentication\jwt\LoginAuthenticationFailureHandler.java,run.halo.app.security.authentication.jwt.LoginAuthenticationFailureHandler,"onAuthenticationFailure/2[run.halo.app.security.authentication.jwt.WebFilterExchange,run.halo.app.security.authentication.jwt.AuthenticationException]",exception,1
C:\halo-main\application\src\main\java\run\halo\app\security\authentication\jwt\LoginAuthenticationFailureHandler.java,run.halo.app.security.authentication.jwt.LoginAuthenticationFailureHandler,"onAuthenticationFailure/2[run.halo.app.security.authentication.jwt.WebFilterExchange,run.halo.app.security.authentication.jwt.AuthenticationException]",webFilterExchange,1
C:\halo-main\application\src\main\java\run\halo\app\security\authentication\jwt\LoginAuthenticationFailureHandler.java,run.halo.app.security.authentication.jwt.LoginAuthenticationFailureHandler,"onAuthenticationFailure/2[run.halo.app.security.authentication.jwt.WebFilterExchange,run.halo.app.security.authentication.jwt.AuthenticationException]",serverResponse,1
C:\halo-main\application\src\main\java\run\halo\app\core\extension\endpoint\PostEndpoint.java,run.halo.app.core.extension.endpoint.PostEndpoint,updatePost/1[run.halo.app.core.extension.endpoint.ServerRequest],request,1
C:\halo-main\application\src\main\java\run\halo\app\core\extension\endpoint\PostEndpoint.java,run.halo.app.core.extension.endpoint.PostEndpoint,updatePost/1[run.halo.app.core.extension.endpoint.ServerRequest],post,1
C:\halo-main\application\src\main\java\run\halo\app\core\extension\endpoint\PostEndpoint.java,run.halo.app.core.extension.endpoint.PostEndpoint,draftPost/1[run.halo.app.core.extension.endpoint.ServerRequest],request,1
C:\halo-main\application\src\main\java\run\halo\app\core\extension\endpoint\PostEndpoint.java,run.halo.app.core.extension.endpoint.PostEndpoint,draftPost/1[run.halo.app.core.extension.endpoint.ServerRequest],post,1
C:\halo-main\application\src\main\java\run\halo\app\core\extension\endpoint\PostEndpoint.java,run.halo.app.core.extension.endpoint.PostEndpoint,publishPost/1[run.halo.app.core.extension.endpoint.ServerRequest],request,3
C:\halo-main\application\src\main\java\run\halo\app\core\extension\endpoint\PostEndpoint.java,run.halo.app.core.extension.endpoint.PostEndpoint,publishPost/1[run.halo.app.core.extension.endpoint.ServerRequest],publishResult,1
C:\halo-main\application\src\main\java\run\halo\app\core\extension\endpoint\PostEndpoint.java,run.halo.app.core.extension.endpoint.PostEndpoint,publishPost/1[run.halo.app.core.extension.endpoint.ServerRequest],post,2
C:\halo-main\application\src\main\java\run\halo\app\core\extension\endpoint\PostEndpoint.java,run.halo.app.core.extension.endpoint.PostEndpoint,publishPost/1[run.halo.app.core.extension.endpoint.ServerRequest],t,1
C:\halo-main\application\src\main\java\run\halo\app\core\extension\endpoint\PostEndpoint.java,run.halo.app.core.extension.endpoint.PostEndpoint,publishPost/1[run.halo.app.core.extension.endpoint.ServerRequest],err,1
C:\halo-main\application\src\main\java\run\halo\app\core\extension\endpoint\PostEndpoint.java,run.halo.app.core.extension.endpoint.PostEndpoint,publishPost/1[run.halo.app.core.extension.endpoint.ServerRequest],name,2
C:\halo-main\application\src\main\java\run\halo\app\core\extension\endpoint\PostEndpoint.java,run.halo.app.core.extension.endpoint.PostEndpoint,publishPost/1[run.halo.app.core.extension.endpoint.ServerRequest],asyncPublish,1
C:\halo-main\application\src\main\java\run\halo\app\core\extension\endpoint\PostEndpoint.java,run.halo.app.core.extension.endpoint.PostEndpoint,publishPost/1[run.halo.app.core.extension.endpoint.ServerRequest],spec,7
C:\halo-main\application\src\main\java\run\halo\app\core\extension\endpoint\PostEndpoint.java,run.halo.app.core.extension.endpoint.PostEndpoint,updateContent/1[run.halo.app.core.extension.endpoint.ServerRequest],request,2
C:\halo-main\application\src\main\java\run\halo\app\core\extension\endpoint\PostEndpoint.java,run.halo.app.core.extension.endpoint.PostEndpoint,updateContent/1[run.halo.app.core.extension.endpoint.ServerRequest],post,3
C:\halo-main\application\src\main\java\run\halo\app\core\extension\endpoint\PostEndpoint.java,run.halo.app.core.extension.endpoint.PostEndpoint,updateContent/1[run.halo.app.core.extension.endpoint.ServerRequest],postName,1
C:\halo-main\application\src\main\java\run\halo\app\core\extension\endpoint\PostEndpoint.java,run.halo.app.core.extension.endpoint.PostEndpoint,updateContent/1[run.halo.app.core.extension.endpoint.ServerRequest],postRequest,1
C:\halo-main\application\src\main\java\run\halo\app\core\extension\endpoint\PostEndpoint.java,run.halo.app.core.extension.endpoint.PostEndpoint,updateContent/1[run.halo.app.core.extension.endpoint.ServerRequest],content,1
C:\halo-main\application\src\main\java\run\halo\app\core\extension\endpoint\PostEndpoint.java,run.halo.app.core.extension.endpoint.PostEndpoint,endpoint/0,builder,18
C:\halo-main\application\src\main\java\run\halo\app\core\extension\endpoint\PostEndpoint.java,run.halo.app.core.extension.endpoint.PostEndpoint,endpoint/0,tag,18
C:\halo-main\application\src\main\java\run\halo\app\core\extension\endpoint\PostEndpoint.java,run.halo.app.core.extension.endpoint.PostEndpoint,unpublishPost/1[run.halo.app.core.extension.endpoint.ServerRequest],request,1
C:\halo-main\application\src\main\java\run\halo\app\core\extension\endpoint\PostEndpoint.java,run.halo.app.core.extension.endpoint.PostEndpoint,unpublishPost/1[run.halo.app.core.extension.endpoint.ServerRequest],post,5
C:\halo-main\application\src\main\java\run\halo\app\core\extension\endpoint\PostEndpoint.java,run.halo.app.core.extension.endpoint.PostEndpoint,unpublishPost/1[run.halo.app.core.extension.endpoint.ServerRequest],t,1
C:\halo-main\application\src\main\java\run\halo\app\core\extension\endpoint\PostEndpoint.java,run.halo.app.core.extension.endpoint.PostEndpoint,unpublishPost/1[run.halo.app.core.extension.endpoint.ServerRequest],name,1
C:\halo-main\application\src\main\java\run\halo\app\core\extension\endpoint\PostEndpoint.java,run.halo.app.core.extension.endpoint.PostEndpoint,unpublishPost/1[run.halo.app.core.extension.endpoint.ServerRequest],spec,1
C:\halo-main\application\src\main\java\run\halo\app\core\extension\endpoint\PostEndpoint.java,run.halo.app.core.extension.endpoint.PostEndpoint,awaitPostPublished/1[java.lang.String],post,2
C:\halo-main\application\src\main\java\run\halo\app\core\extension\endpoint\PostEndpoint.java,run.halo.app.core.extension.endpoint.PostEndpoint,awaitPostPublished/1[java.lang.String],t,1
C:\halo-main\application\src\main\java\run\halo\app\core\extension\endpoint\PostEndpoint.java,run.halo.app.core.extension.endpoint.PostEndpoint,awaitPostPublished/1[java.lang.String],expectReleaseSnapshot,1
C:\halo-main\application\src\main\java\run\halo\app\core\extension\endpoint\PostEndpoint.java,run.halo.app.core.extension.endpoint.PostEndpoint,awaitPostPublished/1[java.lang.String],postName,1
C:\halo-main\application\src\main\java\run\halo\app\core\extension\endpoint\PostEndpoint.java,run.halo.app.core.extension.endpoint.PostEndpoint,awaitPostPublished/1[java.lang.String],releasedSnapshot,1
C:\halo-main\application\src\main\java\run\halo\app\core\extension\endpoint\PostEndpoint.java,run.halo.app.core.extension.endpoint.PostEndpoint,recyclePost/1[run.halo.app.core.extension.endpoint.ServerRequest],request,1
C:\halo-main\application\src\main\java\run\halo\app\core\extension\endpoint\PostEndpoint.java,run.halo.app.core.extension.endpoint.PostEndpoint,recyclePost/1[run.halo.app.core.extension.endpoint.ServerRequest],post,5
C:\halo-main\application\src\main\java\run\halo\app\core\extension\endpoint\PostEndpoint.java,run.halo.app.core.extension.endpoint.PostEndpoint,recyclePost/1[run.halo.app.core.extension.endpoint.ServerRequest],t,1
C:\halo-main\application\src\main\java\run\halo\app\core\extension\endpoint\PostEndpoint.java,run.halo.app.core.extension.endpoint.PostEndpoint,recyclePost/1[run.halo.app.core.extension.endpoint.ServerRequest],name,1
C:\halo-main\application\src\main\java\run\halo\app\core\extension\endpoint\PostEndpoint.java,run.halo.app.core.extension.endpoint.PostEndpoint,recyclePost/1[run.halo.app.core.extension.endpoint.ServerRequest],spec,1
C:\halo-main\application\src\main\java\run\halo\app\core\extension\endpoint\PostEndpoint.java,run.halo.app.core.extension.endpoint.PostEndpoint,listPost/1[run.halo.app.core.extension.endpoint.ServerRequest],listedPosts,1
C:\halo-main\application\src\main\java\run\halo\app\core\extension\endpoint\PostEndpoint.java,run.halo.app.core.extension.endpoint.PostEndpoint,listPost/1[run.halo.app.core.extension.endpoint.ServerRequest],request,1
C:\halo-main\application\src\main\java\run\halo\app\core\extension\endpoint\PostEndpoint.java,run.halo.app.core.extension.endpoint.PostEndpoint,listPost/1[run.halo.app.core.extension.endpoint.ServerRequest],postQuery,1
C:\halo-main\application\src\main\java\run\halo\app\core\extension\endpoint\PostEndpoint.java,run.halo.app.core.extension.endpoint.PostEndpoint,fetchHeadContent/1[run.halo.app.core.extension.endpoint.ServerRequest],request,1
C:\halo-main\application\src\main\java\run\halo\app\core\extension\endpoint\PostEndpoint.java,run.halo.app.core.extension.endpoint.PostEndpoint,fetchHeadContent/1[run.halo.app.core.extension.endpoint.ServerRequest],name,1
C:\halo-main\application\src\main\java\run\halo\app\core\extension\endpoint\PostEndpoint.java,run.halo.app.core.extension.endpoint.PostEndpoint,fetchHeadContent/1[run.halo.app.core.extension.endpoint.ServerRequest],content,1
C:\halo-main\application\src\main\java\run\halo\app\core\extension\endpoint\PostEndpoint.java,run.halo.app.core.extension.endpoint.PostEndpoint,fetchReleaseContent/1[run.halo.app.core.extension.endpoint.ServerRequest],request,1
C:\halo-main\application\src\main\java\run\halo\app\core\extension\endpoint\PostEndpoint.java,run.halo.app.core.extension.endpoint.PostEndpoint,fetchReleaseContent/1[run.halo.app.core.extension.endpoint.ServerRequest],name,1
C:\halo-main\application\src\main\java\run\halo\app\core\extension\endpoint\PostEndpoint.java,run.halo.app.core.extension.endpoint.PostEndpoint,fetchReleaseContent/1[run.halo.app.core.extension.endpoint.ServerRequest],content,1
C:\halo-main\application\src\main\java\run\halo\app\theme\router\factories\IndexRouteFactory.java,run.halo.app.theme.router.factories.IndexRouteFactory,create/1[java.lang.String],pattern,0
C:\halo-main\application\src\main\java\run\halo\app\theme\router\factories\IndexRouteFactory.java,run.halo.app.theme.router.factories.IndexRouteFactory,handlerFunction/0,request,1
C:\halo-main\application\src\main\java\run\halo\app\theme\router\factories\IndexRouteFactory.java,run.halo.app.theme.router.factories.IndexRouteFactory,postList/1[run.halo.app.theme.router.factories.ServerRequest],request,2
C:\halo-main\application\src\main\java\run\halo\app\theme\router\factories\IndexRouteFactory.java,run.halo.app.theme.router.factories.IndexRouteFactory,postList/1[run.halo.app.theme.router.factories.ServerRequest],path,3
C:\halo-main\application\src\main\java\run\halo\app\theme\router\factories\IndexRouteFactory.java,run.halo.app.theme.router.factories.IndexRouteFactory,postList/1[run.halo.app.theme.router.factories.ServerRequest],pageSize,1
C:\halo-main\application\src\main\java\run\halo\app\theme\router\factories\IndexRouteFactory.java,run.halo.app.theme.router.factories.IndexRouteFactory,postList/1[run.halo.app.theme.router.factories.ServerRequest],list,2
C:\halo-main\application\src\main\java\run\halo\app\security\authentication\login\UsernamePasswordLogoutHandler.java,run.halo.app.security.authentication.login.UsernamePasswordLogoutHandler$LogoutSuccessHandler,"onLogoutSuccess/2[run.halo.app.security.authentication.login.WebFilterExchange,run.halo.app.security.authentication.login.Authentication]",matchResult,1
C:\halo-main\application\src\main\java\run\halo\app\security\authentication\login\UsernamePasswordLogoutHandler.java,run.halo.app.security.authentication.login.UsernamePasswordLogoutHandler$LogoutSuccessHandler,"onLogoutSuccess/2[run.halo.app.security.authentication.login.WebFilterExchange,run.halo.app.security.authentication.login.Authentication]",exchange,3
C:\halo-main\application\src\main\java\run\halo\app\security\authentication\login\UsernamePasswordLogoutHandler.java,run.halo.app.security.authentication.login.UsernamePasswordLogoutHandler$LogoutSuccessHandler,"onLogoutSuccess/2[run.halo.app.security.authentication.login.WebFilterExchange,run.halo.app.security.authentication.login.Authentication]",authentication,1
C:\halo-main\application\src\main\java\run\halo\app\security\authentication\login\UsernamePasswordLogoutHandler.java,run.halo.app.security.authentication.login.UsernamePasswordLogoutHandler$LogoutSuccessHandler,LogoutSuccessHandler/0,defaultHandler,3
C:\halo-main\application\src\main\java\run\halo\app\content\PostIndexInformer.java,run.halo.app.content.PostIndexInformer$PostWatcher,"maintainIndicates/3[java.lang.String,run.halo.app.content.Post,java.util.function.BiConsumer<java.lang.String,run.halo.app.content.Post>]",post,1
C:\halo-main\application\src\main\java\run\halo\app\content\PostIndexInformer.java,run.halo.app.content.PostIndexInformer$PostWatcher,"maintainIndicates/3[java.lang.String,run.halo.app.content.Post,java.util.function.BiConsumer<java.lang.String,run.halo.app.content.Post>]",indexName,1
C:\halo-main\application\src\main\java\run\halo\app\content\PostIndexInformer.java,run.halo.app.content.PostIndexInformer$PostWatcher,"maintainIndicates/3[java.lang.String,run.halo.app.content.Post,java.util.function.BiConsumer<java.lang.String,run.halo.app.content.Post>]",stamp,1
C:\halo-main\application\src\main\java\run\halo\app\content\PostIndexInformer.java,run.halo.app.content.PostIndexInformer$PostWatcher,"maintainIndicates/3[java.lang.String,run.halo.app.content.Post,java.util.function.BiConsumer<java.lang.String,run.halo.app.content.Post>]",consumer,1
C:\halo-main\application\src\main\java\run\halo\app\content\PostIndexInformer.java,run.halo.app.content.PostIndexInformer$PostWatcher,"handleIndicates/2[run.halo.app.content.Extension,java.util.function.BiConsumer<java.lang.String,run.halo.app.content.Post>]",extension,1
C:\halo-main\application\src\main\java\run\halo\app\content\PostIndexInformer.java,run.halo.app.content.PostIndexInformer$PostWatcher,"handleIndicates/2[run.halo.app.content.Extension,java.util.function.BiConsumer<java.lang.String,run.halo.app.content.Post>]",post,1
C:\halo-main\application\src\main\java\run\halo\app\content\PostIndexInformer.java,run.halo.app.content.PostIndexInformer$PostWatcher,"handleIndicates/2[run.halo.app.content.Extension,java.util.function.BiConsumer<java.lang.String,run.halo.app.content.Post>]",indexNames,1
C:\halo-main\application\src\main\java\run\halo\app\content\PostIndexInformer.java,run.halo.app.content.PostIndexInformer$PostWatcher,"handleIndicates/2[run.halo.app.content.Extension,java.util.function.BiConsumer<java.lang.String,run.halo.app.content.Post>]",indexName,1
C:\halo-main\application\src\main\java\run\halo\app\content\PostIndexInformer.java,run.halo.app.content.PostIndexInformer$PostWatcher,"handleIndicates/2[run.halo.app.content.Extension,java.util.function.BiConsumer<java.lang.String,run.halo.app.content.Post>]",consumer,1
C:\halo-main\application\src\main\java\run\halo\app\content\PostIndexInformer.java,run.halo.app.content.PostIndexInformer$PostWatcher,"onUpdate/2[run.halo.app.content.Extension,run.halo.app.content.Extension]",oldExt,0
C:\halo-main\application\src\main\java\run\halo\app\content\PostIndexInformer.java,run.halo.app.content.PostIndexInformer$PostWatcher,"onUpdate/2[run.halo.app.content.Extension,run.halo.app.content.Extension]",newExt,2
C:\halo-main\application\src\main\java\run\halo\app\content\PostIndexInformer.java,run.halo.app.content.PostIndexInformer$PostWatcher,onAdd/1[run.halo.app.content.Extension],extension,2
C:\halo-main\application\src\main\java\run\halo\app\content\PostIndexInformer.java,run.halo.app.content.PostIndexInformer$PostWatcher,registerDisposeHook/1[java.lang.Runnable],dispose,1
C:\halo-main\application\src\main\java\run\halo\app\content\PostIndexInformer.java,run.halo.app.content.PostIndexInformer$PostWatcher,onDelete/1[run.halo.app.content.Extension],extension,2
C:\halo-main\application\src\main\java\run\halo\app\content\PostIndexInformer.java,run.halo.app.content.PostIndexInformer$PostWatcher,getIndexNames/0,indexNames,3
C:\halo-main\application\src\main\java\run\halo\app\content\PostIndexInformer.java,run.halo.app.content.PostIndexInformer$PostWatcher,getIndexNames/0,stamp,3
C:\halo-main\application\src\main\java\run\halo\app\extension\ExtensionConverter.java,run.halo.app.extension.ExtensionConverter,convertTo/1[E],extension,0
C:\halo-main\application\src\main\java\run\halo\app\extension\ExtensionConverter.java,run.halo.app.extension.ExtensionConverter,"convertFrom/2[java.lang.Class<E>,run.halo.app.extension.store.ExtensionStore]",type,0
C:\halo-main\application\src\main\java\run\halo\app\extension\ExtensionConverter.java,run.halo.app.extension.ExtensionConverter,"convertFrom/2[java.lang.Class<E>,run.halo.app.extension.store.ExtensionStore]",extensionStore,0
C:\halo-main\application\src\test\java\run\halo\app\plugin\SharedApplicationContextHolderTest.java,run.halo.app.plugin.SharedApplicationContextHolderTest,getInstance/0,instance2,1
C:\halo-main\application\src\test\java\run\halo\app\plugin\SharedApplicationContextHolderTest.java,run.halo.app.plugin.SharedApplicationContextHolderTest,getInstance/0,instance1,2
C:\halo-main\application\src\test\java\run\halo\app\plugin\SharedApplicationContextHolderTest.java,run.halo.app.plugin.SharedApplicationContextHolderTest,createSharedApplicationContext/0,sharedApplicationContext,1
C:\halo-main\application\src\main\java\run\halo\app\core\extension\theme\ThemeEndpoint.java,run.halo.app.core.extension.theme.ThemeEndpoint$ThemeQuery,"ThemeQuery/1[run.halo.app.core.extension.theme.MultiValueMap<java.lang.String,java.lang.String>]",queryParams,1
C:\halo-main\application\src\main\java\run\halo\app\theme\finders\vo\TagVo.java,run.halo.app.theme.finders.vo.TagVo,from/1[run.halo.app.theme.finders.vo.Tag],tag,4
C:\halo-main\application\src\main\java\run\halo\app\theme\finders\vo\TagVo.java,run.halo.app.theme.finders.vo.TagVo,from/1[run.halo.app.theme.finders.vo.Tag],spec,2
C:\halo-main\application\src\main\java\run\halo\app\theme\finders\vo\TagVo.java,run.halo.app.theme.finders.vo.TagVo,from/1[run.halo.app.theme.finders.vo.Tag],status,2
C:\halo-main\application\src\test\java\run\halo\app\security\authentication\login\PublicKeyRouteBuilderTest.java,run.halo.app.security.authentication.login.PublicKeyRouteBuilderTest,shouldReadPublicKey/0,result,1
C:\halo-main\application\src\test\java\run\halo\app\security\authentication\login\PublicKeyRouteBuilderTest.java,run.halo.app.security.authentication.login.PublicKeyRouteBuilderTest,shouldReadPublicKey/0,response,2
C:\halo-main\application\src\test\java\run\halo\app\security\authentication\login\PublicKeyRouteBuilderTest.java,run.halo.app.security.authentication.login.PublicKeyRouteBuilderTest,shouldReadPublicKey/0,publicKeyStr,2
C:\halo-main\application\src\test\java\run\halo\app\security\authentication\login\PublicKeyRouteBuilderTest.java,run.halo.app.security.authentication.login.PublicKeyRouteBuilderTest,shouldReadPublicKey/0,encoder,1
C:\halo-main\application\src\test\java\run\halo\app\security\AuthProviderServiceImplTest.java,run.halo.app.security.AuthProviderServiceImplTest,listAll/0,result,2
C:\halo-main\application\src\test\java\run\halo\app\security\AuthProviderServiceImplTest.java,run.halo.app.security.AuthProviderServiceImplTest,listAll/0,github,2
C:\halo-main\application\src\test\java\run\halo\app\security\AuthProviderServiceImplTest.java,run.halo.app.security.AuthProviderServiceImplTest,listAll/0,e,1
C:\halo-main\application\src\test\java\run\halo\app\security\AuthProviderServiceImplTest.java,run.halo.app.security.AuthProviderServiceImplTest,listAll/0,configMap,3
C:\halo-main\application\src\test\java\run\halo\app\security\AuthProviderServiceImplTest.java,run.halo.app.security.AuthProviderServiceImplTest,listAll/0,gitlab,2
C:\halo-main\application\src\test\java\run\halo\app\security\AuthProviderServiceImplTest.java,run.halo.app.security.AuthProviderServiceImplTest,listAll/0,gitee,1
C:\halo-main\application\src\test\java\run\halo\app\security\AuthProviderServiceImplTest.java,run.halo.app.security.AuthProviderServiceImplTest,createAuthProvider/1[java.lang.String],authProvider,6
C:\halo-main\application\src\test\java\run\halo\app\security\AuthProviderServiceImplTest.java,run.halo.app.security.AuthProviderServiceImplTest,createAuthProvider/1[java.lang.String],name,2
C:\halo-main\application\src\test\java\run\halo\app\security\AuthProviderServiceImplTest.java,run.halo.app.security.AuthProviderServiceImplTest,testEnable/0,result,1
C:\halo-main\application\src\test\java\run\halo\app\security\AuthProviderServiceImplTest.java,run.halo.app.security.AuthProviderServiceImplTest,testEnable/0,authProvider,2
C:\halo-main\application\src\test\java\run\halo\app\security\AuthProviderServiceImplTest.java,run.halo.app.security.AuthProviderServiceImplTest,testEnable/0,providerSettingStr,1
C:\halo-main\application\src\test\java\run\halo\app\security\AuthProviderServiceImplTest.java,run.halo.app.security.AuthProviderServiceImplTest,testEnable/0,configMap,2
C:\halo-main\application\src\test\java\run\halo\app\security\AuthProviderServiceImplTest.java,run.halo.app.security.AuthProviderServiceImplTest,testEnable/0,value,1
C:\halo-main\application\src\test\java\run\halo\app\security\AuthProviderServiceImplTest.java,run.halo.app.security.AuthProviderServiceImplTest,testEnable/0,captor,2
C:\halo-main\application\src\test\java\run\halo\app\security\AuthProviderServiceImplTest.java,run.halo.app.security.AuthProviderServiceImplTest,testEnable/0,local,2
C:\halo-main\application\src\test\java\run\halo\app\security\AuthProviderServiceImplTest.java,run.halo.app.security.AuthProviderServiceImplTest,testEnable/0,enabled,1
C:\halo-main\application\src\test\java\run\halo\app\security\AuthProviderServiceImplTest.java,run.halo.app.security.AuthProviderServiceImplTest,testDisable/0,result,1
C:\halo-main\application\src\test\java\run\halo\app\security\AuthProviderServiceImplTest.java,run.halo.app.security.AuthProviderServiceImplTest,testDisable/0,authProvider,2
C:\halo-main\application\src\test\java\run\halo\app\security\AuthProviderServiceImplTest.java,run.halo.app.security.AuthProviderServiceImplTest,testDisable/0,providerSettingStr,1
C:\halo-main\application\src\test\java\run\halo\app\security\AuthProviderServiceImplTest.java,run.halo.app.security.AuthProviderServiceImplTest,testDisable/0,configMap,3
C:\halo-main\application\src\test\java\run\halo\app\security\AuthProviderServiceImplTest.java,run.halo.app.security.AuthProviderServiceImplTest,testDisable/0,value,1
C:\halo-main\application\src\test\java\run\halo\app\security\AuthProviderServiceImplTest.java,run.halo.app.security.AuthProviderServiceImplTest,testDisable/0,local,2
C:\halo-main\application\src\test\java\run\halo\app\security\AuthProviderServiceImplTest.java,run.halo.app.security.AuthProviderServiceImplTest,testDisable/0,captor,2
C:\halo-main\application\src\test\java\run\halo\app\security\AuthProviderServiceImplTest.java,run.halo.app.security.AuthProviderServiceImplTest,testDisable/0,enabled,1
C:\halo-main\application\src\main\java\run\halo\app\theme\finders\CategoryFinder.java,run.halo.app.theme.finders.CategoryFinder,getByNames/1[java.util.List<java.lang.String>],names,0
C:\halo-main\application\src\main\java\run\halo\app\theme\finders\CategoryFinder.java,run.halo.app.theme.finders.CategoryFinder,"list/2[java.lang.Integer,java.lang.Integer]",size,0
C:\halo-main\application\src\main\java\run\halo\app\theme\finders\CategoryFinder.java,run.halo.app.theme.finders.CategoryFinder,"list/2[java.lang.Integer,java.lang.Integer]",page,0
C:\halo-main\application\src\main\java\run\halo\app\theme\finders\CategoryFinder.java,run.halo.app.theme.finders.CategoryFinder,listAsTree/1[java.lang.String],name,0
C:\halo-main\application\src\main\java\run\halo\app\theme\finders\CategoryFinder.java,run.halo.app.theme.finders.CategoryFinder,getByName/1[java.lang.String],name,0
C:\halo-main\application\src\main\java\run\halo\app\theme\router\factories\PostRouteFactory.java,run.halo.app.theme.router.factories.PostRouteFactory$PatternParser,toRequestPredicate/0,value,0
C:\halo-main\application\src\main\java\run\halo\app\theme\router\factories\PostRouteFactory.java,run.halo.app.theme.router.factories.PostRouteFactory$PatternParser,PatternParser/1[java.lang.String],pattern,3
C:\halo-main\application\src\main\java\run\halo\app\theme\router\factories\PostRouteFactory.java,run.halo.app.theme.router.factories.PostRouteFactory$PatternParser,PatternParser/1[java.lang.String],matcher,3
C:\halo-main\application\src\main\java\run\halo\app\theme\router\factories\PostRouteFactory.java,run.halo.app.theme.router.factories.PostRouteFactory$PatternParser,patternToMatcher/1[java.lang.String],e,1
C:\halo-main\application\src\main\java\run\halo\app\theme\router\factories\PostRouteFactory.java,run.halo.app.theme.router.factories.PostRouteFactory$PatternParser,patternToMatcher/1[java.lang.String],pattern,2
